3501.3  0.2131036967039108
3503.9  0.2744560539722443
3506.5  0.3158686459064484
3509.1  0.3376362025737763
3511.7  0.34691122174263
3514.3  0.3504702746868134
3516.9  0.3515843152999878
3519.5  0.3513082265853882
3522.1  0.3506368696689606
3524.7  0.3509414196014404
3527.3  0.3529831767082214
3529.9  0.3562955856323242
3532.5  0.3598527014255524
3535.1  0.3630431592464447
3537.7  0.3658562302589417
3540.3  0.3684366345405579
3542.9  0.3707192838191986
3545.5  0.3723578453063965
3548.1  0.3728916347026825
3550.7  0.3721402883529663
3553.3  0.3704885542392731
3555.9  0.3684923946857452
3558.5  0.3660753667354584
3561.1  0.3624662160873413
3563.7  0.3572544753551483
3566.3  0.3513235151767731
3568.9  0.3464555740356445
3571.5  0.3440014719963074
3574.1  0.3438622653484345
3576.7  0.344541996717453
3579.3  0.3442921340465546
3581.9  0.3426513075828552
3584.5  0.3410564363002777
3587.1  0.3416816294193268
3589.7  0.3454300463199616
3592.3  0.3510616719722748
3594.9  0.3561703860759735
3597.5  0.3588339984416962
3600.1  0.3586098849773407
3602.7  0.3564799129962921
3605.3  0.353998988866806
3607.9  0.3522993922233582
3610.5  0.3516824841499329
3613.1  0.3519111275672913
3615.7  0.3527450859546661
3618.3  0.3542411327362061
3620.9  0.3564952909946442
3623.5  0.3590734302997589
3626.1  0.361064225435257
3628.7  0.362051784992218
3631.3  0.3627015650272369
3633.9  0.3638422787189484
3636.5  0.3652148246765137
3639.1  0.3657612800598145
3641.7  0.3650987446308136
3644.3  0.3642231523990631
3646.9  0.3647183477878571
3649.5  0.3674611747264862
3652.1  0.3719457089900971
3654.7  0.3766585290431976
3657.3  0.3801954686641693
3659.9  0.3821566104888916
3662.5  0.383025586605072
3665.1  0.383346825838089
3667.7  0.3830970525741577
3670.3  0.3817220330238342
3672.9  0.3787487149238586
3675.5  0.3745098114013672
3678.1  0.3702935874462128
3680.7  0.3676890730857849
3683.3  0.3677833676338196
3685.9  0.3707883656024933
3688.5  0.3759765028953552
3691.1  0.381870448589325
3693.7  0.3867692649364471
3696.3  0.3892965614795685
3698.9  0.3888038992881775
3701.5  0.385920912027359
3704.1  0.3828738629817963
3706.7  0.3826369643211365
3709.3  0.3871002793312073
3711.9  0.3954826593399048
3714.5  0.4044572412967682
3717.1  0.4109824299812317
3719.7  0.415622889995575
3722.3  0.4213102459907532
3724.9  0.4278626441955566
3727.5  0.430542379617691
3730.1  0.4267000257968903
3732.7  0.4217284023761749
3735.3  0.4243751168251038
3737.9  0.4358744323253632
3740.5  0.4469735324382782
3743.1  0.4476755261421204
3745.7  0.438839316368103
3748.3  0.4325644075870514
3750.9  0.4409069418907166
3753.5  0.4647005498409271
3756.1  0.493098109960556
3758.7  0.5122128725051879
3761.3  0.5135722756385803
3763.9  0.4978403449058533
3766.5  0.475314736366272
3769.1  0.4627355933189392
3771.7  0.4745446145534515
3774.3  0.5130901336669921
3776.9  0.5663992762565612
3779.5  0.6155368089675903
3782.1  0.6447216272354125
3784.7  0.6468459367752075
3787.3  0.6230550408363342
3789.9  0.5803382992744445
3792.5  0.5309148430824279
3795.1  0.491792768239975
3797.7  0.4796189963817596
3800.3  0.5015298724174499
3802.9  0.5503001809120178
3805.5  0.6092627644538879
3808.1  0.6623433828353881
3810.7  0.700774610042572
3813.3  0.7230359315872192
3815.9  0.7303459644317626
3818.5  0.7225497961044311
3821.1  0.6979316473007202
3823.7  0.6560131311416625
3826.3  0.6000855565071105
3828.9  0.5385335683822631
3831.5  0.4851977825164795
3834.1  0.4565712213516235
3836.7  0.464332640171051
3839.3  0.5079960227012634
3841.9  0.5748900771141052
3844.5  0.647700011730194
3847.1  0.712601900100708
3849.7  0.7626441717147827
3852.3  0.7971448898315429
3854.9  0.819756805896759
3857.5  0.8357213139533996
3860.1  0.8484227657318115
3862.7  0.8572706580162048
3865.3  0.8587573766708374
3867.9  0.8494906425476074
3870.5  0.8282623887062072
3873.1  0.7956398725509643
3875.7  0.7521218657493591
3878.3  0.6974754929542541
3880.9  0.6332363486289978
3883.5  0.5671035051345825
3886.1  0.514194905757904
3888.7  0.4908967018127441
3891.3  0.504499077796936
3893.9  0.5482116937637329
3896.5  0.6066757440567016
3899.1  0.6662153005599975
3901.7  0.7204172611236572
3904.3  0.7682253718376159
3906.9  0.8091472387313842
3909.5  0.8412203788757324
3912.1  0.8629036545753479
3914.7  0.8750963807106018
3917.3  0.8794102072715759
3919.9  0.8738846182823181
3922.5  0.8514890074729919
3925.1  0.8055901527404785
3927.7  0.7404241561889648
3930.3  0.6769877672195434
3932.9  0.6440552473068237
3935.5  0.657409131526947
3938.1  0.7066622376441955
3940.7  0.7641438245773315
3943.3  0.8059679865837097
3945.9  0.8240019083023071
3948.5  0.8220223188400268
3951.1  0.80594003200531
3953.7  0.7779754996299743
3956.3  0.7364194989204406
3958.9  0.6787387728691101
3961.5  0.6066060066223144
3964.1  0.5308974385261535
3966.7  0.4718476831912994
3969.3  0.4503549039363861
3971.9  0.4749683439731598
3974.5  0.5361875891685485
3977.1  0.6137129068374633
3979.7  0.6892679929733276
3982.3  0.7539466619491577
3984.9  0.8069163560867309
3987.5  0.8501116633415222
3990.1  0.884586751461029
3992.7  0.9105432033538818
3995.3  0.9290313124656677
3997.9  0.942388117313385
4000.5  0.9531601667404174
4003.1  0.9633364677429199
4005.7  0.9742506742477416
4008.3  0.98626708984375
4010.9  0.9986291527748107
4013.5  1.010016560554505
4016.1  1.018937349319458
4018.7  1.023636698722839
4021.3  1.022640824317932
4023.9  1.016108751296997
4026.5  1.006694197654724
4029.1  0.9989146590232849
4031.7  0.9968629479408264
4034.3  1.001157283782959
4036.9  1.007919907569885
4039.5  1.011822104454041
4042.1  1.010544419288635
4044.7  1.005762934684753
4047.3  1.000050187110901
4049.9  0.9941133856773376
4052.5  0.9873390793800354
4055.1  0.9794923663139343
4057.7  0.970809519290924
4060.3  0.9613201022148132
4062.9  0.9509949088096618
4065.5  0.9398871064186096
4068.1  0.9275295734405517
4070.7  0.9130289554595947
4073.3  0.8964531421661376
4075.9  0.879391610622406
4078.5  0.8632146120071411
4081.1  0.8469016551971435
4083.7  0.8269627690315246
4086.3  0.7990198135375976
4088.9  0.7592086791992187
4091.5  0.705660343170166
4094.1  0.641389787197113
4096.7  0.5771989226341247
4099.3  0.5303163528442382
4101.9  0.5165736079216003
4104.5  0.5408108830451965
4107.1  0.5939928889274597
4109.7  0.6596169471740722
4112.3  0.7229882478713989
4114.9  0.7760913968086242
4117.5  0.8170725107192993
4120.1  0.8474557995796203
4122.7  0.8697565197944641
4125.3  0.8866211771965026
4127.9  0.9011153578758239
4130.5  0.9164806604385375
4133.1  0.9343727231025695
4135.7  0.9532631039619445
4138.3  0.9694836735725402
4140.9  0.9803824424743652
4143.5  0.9860796928405761
4146.1  0.988151729106903
4148.7  0.9877697825431823
4151.3  0.9859634637832641
4153.9  0.9847751855850219
4156.5  0.9865376949310302
4159.1  0.9914919137954711
4161.7  0.9966081976890563
4164.3  0.9973446130752563
4166.9  0.9910799264907836
4169.5  0.9794291853904724
4172.1  0.967517077922821
4174.7  0.9607181549072265
4177.3  0.9615071415901184
4179.9  0.9687793254852294
4182.5  0.9795833230018615
4185.1  0.9912129640579223
4187.7  1.001750111579895
4190.3  1.00931704044342
4192.9  1.012144565582275
4195.5  1.0102858543396
4198.1  1.006734967231751
4200.7  1.005611062049866
4203.3  1.008767008781433
4205.9  1.014414191246033
4208.5  1.019017338752747
4211.1  1.020174980163574
4213.7  1.017690062522888
4216.3  1.012409329414368
4218.9  1.005004644393921
4221.5  0.9965976476669311
4224.1  0.989776611328125
4226.7  0.9872024059295654
4229.3  0.9889277219772338
4231.9  0.9924812912940979
4234.5  0.995660126209259
4237.1  0.9977930188179016
4239.7  0.9984562397003173
4242.3  0.9969490766525268
4244.9  0.9937371015548706
4247.5  0.9911122918128967
4250.1  0.9914137721061706
4252.7  0.9949663281440734
4255.3  1.000287055969238
4257.9  1.005796909332275
4260.5  1.010412812232971
4263.1  1.01268744468689
4265.7  1.011035323143005
4268.3  1.005935072898865
4270.9  1.000878810882568
4273.5  0.9994257688522338
4276.1  1.001235008239746
4278.7  1.002020001411438
4281.3  0.9975499510765075
4283.9  0.987147569656372
4286.5  0.9735930562019348
4289.1  0.9603493809700012
4291.7  0.948775827884674
4294.3  0.9377624988555908
4296.9  0.9261730909347534
4299.5  0.915140151977539
4302.1  0.9070795178413391
4304.7  0.9027281999588012
4307.3  0.9001264572143554
4309.9  0.8964780569076538
4312.5  0.8901463747024536
4315.1  0.8805642127990722
4317.7  0.86696058511734
4320.3  0.8480767011642456
4322.9  0.8229382038116455
4325.5  0.790760338306427
4328.1  0.7498586773872375
4330.7  0.6983271837234497
4333.3  0.6381986141204833
4335.9  0.5798380970954895
4338.5  0.5403579473495483
4341.1  0.5342821478843688
4343.7  0.5636226534843444
4346.3  0.6170167326927185
4348.9  0.6785693764686584
4351.5  0.7371747493743896
4354.1  0.7886759638786315
4356.7  0.8323570489883422
4359.3  0.8676447868347167
4361.9  0.8937411308288574
4364.5  0.910900056362152
4367.1  0.9213168025016784
4369.7  0.9285932779312133
4372.3  0.9358463287353515
4374.9  0.9436669945716857
4377.5  0.949988842010498
4380.1  0.9528033733367919
4382.7  0.9531139731407165
4385.3  0.954200267791748
4387.9  0.9578892588615417
4390.5  0.9629144072532653
4393.1  0.9672192335128784
4395.7  0.970502495765686
4398.3  0.9739909768104553
4400.9  0.9786822795867919
4403.5  0.9842227697372436
4406.1  0.9888806343078613
4408.7  0.9905487895011901
4411.3  0.9886865019798278
4413.9  0.9856871366500854
4416.5  0.9854686856269836
4419.1  0.9899555444717407
4421.7  0.9973279237747192
4424.3  1.00397515296936
4426.9  1.007514357566834
4429.5  1.007823705673218
4432.1  1.006020307540894
4434.7  1.002938508987427
4437.3  0.9985869526863098
4439.9  0.9931239485740661
4442.5  0.9878177642822265
4445.1  0.984012484550476
4447.7  0.9813593029975891
4450.3  0.9783052206039428
4452.9  0.9743150472640991
4455.5  0.9704549908638
4458.1  0.967724859714508
4460.7  0.9659528136253356
4463.3  0.9647837281227111
4465.9  0.9648963212966918
4468.5  0.9671766757965087
4471.1  0.9705723524093627
4473.7  0.9719141721725463
4476.3  0.9690889120101928
4478.9  0.9640312194824218
4481.5  0.9612215757369995
4484.1  0.96320641040802
4486.7  0.968835711479187
4489.3  0.9757065176963806
4491.9  0.9825784564018249
4494.5  0.9891358017921447
4497.1  0.9950615167617797
4499.7  1.00012481212616
4502.3  1.004307508468628
4504.9  1.007337808609009
4507.5  1.008562684059143
4510.1  1.007474899291992
4512.7  1.004094839096069
4515.3  0.9989351630210876
4517.9  0.9927899241447448
4520.5  0.9864292740821838
4523.1  0.9803404808044433
4525.7  0.9749565124511718
4528.3  0.9713138937950134
4530.9  0.9710775017738342
4533.5  0.9751679301261901
4536.1  0.9820924401283264
4538.7  0.9880142211914062
4541.3  0.9889964461326599
4543.9  0.9836503267288208
4546.5  0.9741665720939636
4549.1  0.9651347398757934
4551.7  0.9610078334808349
4554.3  0.9638270735740661
4556.9  0.9724571108818054
4559.5  0.9835515022277832
4562.1  0.9935487508773803
4564.7  1.000336050987244
4567.3  1.003516554832458
4569.9  1.0035719871521
4572.5  1.000909686088562
4575.1  0.99551522731781
4577.7  0.9875941276550292
4580.3  0.9786561131477355
4582.9  0.9715338945388793
4585.5  0.968839406967163
4588.1  0.9713681936264038
4590.7  0.977898895740509
4593.3  0.9861092567443847
4595.9  0.9937229752540588
4598.5  0.9994333386421203
4601.1  1.003135323524475
4603.7  1.005217790603638
4606.3  1.005636334419251
4608.9  1.003823399543762
4611.5  0.9995619058609008
4614.1  0.9938462972640991
4616.7  0.9886295795440673
4619.3  0.9853918552398681
4621.9  0.9839134812355041
4624.5  0.9826988577842712
4627.1  0.9806500077247619
4629.7  0.9780977368354797
4632.3  0.9762343168258666
4634.9  0.9758129119873046
4637.5  0.9764231443405151
4640.1  0.976918876171112
4642.7  0.9765871167182922
4645.3  0.9758611917495727
4647.9  0.9757411479949951
4650.5  0.9766303896903991
4653.1  0.9779383540153503
4655.7  0.9785454869270324
4658.3  0.9773343801498413
4660.9  0.9737821817398071
4663.5  0.9688418507575988
4666.1  0.9650824666023254
4668.7  0.9650446772575378
4671.3  0.9690951704978942
4673.9  0.975245714187622
4676.5  0.9811211824417114
4679.1  0.9857017397880554
4681.7  0.9891868829727172
4684.3  0.9919211268424987
4686.9  0.9939278364181518
4689.5  0.9950953125953674
4692.1  0.9952332377433776
4694.7  0.9940085411071777
4697.3  0.9913282394409179
4699.9  0.9879737496376037
4702.5  0.9855592250823974
4705.1  0.9855925440788269
4707.7  0.9885579347610473
4710.3  0.9938640594482421
4712.9  1.000422954559326
4715.5  1.007078051567078
4718.1  1.012624621391296
4720.7  1.015870451927185
4723.3  1.016116499900818
4725.9  1.013797283172608
4728.5  1.010560870170593
4731.1  1.008463859558106
4733.7  1.008852243423462
4736.3  1.011820912361145
4738.9  1.016462087631226
4741.5  1.021446466445923
4744.1  1.025527119636536
4746.7  1.027830600738526
4749.3  1.027971148490906
4751.9  1.02607011795044
4754.5  1.022644877433777
4757.1  1.018390536308289
4759.7  1.014124989509583
4762.3  1.010907292366028
4764.9  1.009791493415833
4767.5  1.011153817176819
4770.1  1.014329314231873
4772.7  1.017955541610718
4775.3  1.020639538764954
4777.9  1.021556258201599
4780.5  1.020824432373047
4783.1  1.019451379776001
4785.7  1.018758654594421
4788.3  1.019517302513123
4790.9  1.021303415298462
4793.5  1.02266538143158
4796.1  1.022161483764648
4798.7  1.019430994987488
4801.3  1.015390872955322
4803.9  1.011520147323608
4806.5  1.008893013000488
4809.1  1.007573843002319
4811.7  1.006586909294129
4814.3  1.004383087158203
4816.9  0.9996645450592041
4819.5  0.9922683835029602
4822.1  0.9833844304084777
4824.7  0.9745739698410034
4827.3  0.9663710594177246
4829.9  0.9579144120216369
4832.5  0.9478089809417724
4835.1  0.9350131154060363
4837.7  0.9189025163650512
4840.3  0.8988056778907775
4842.9  0.8736484050750732
4845.5  0.8418654203414916
4848.1  0.8015236258506774
4850.7  0.7512137293815612
4853.3  0.6925746202468872
4855.9  0.6334935426712036
4858.5  0.5881569981575012
4861.1  0.570922315120697
4863.7  0.5872547030448913
4866.3  0.6299217939376831
4868.9  0.6843522191047668
4871.5  0.7377209067344665
4874.1  0.7837099432945251
4876.7  0.8211678266525268
4879.3  0.8507988452911376
4881.9  0.8735845685005187
4884.5  0.8910458087921142
4887.1  0.9055462479591369
4889.7  0.9194704890251159
4892.3  0.9337665438652038
4894.9  0.9473947882652282
4897.5  0.9585053920745849
4900.1  0.9661582112312316
4902.7  0.970801293849945
4905.3  0.973425805568695
4907.9  0.9746380448341369
4910.5  0.9743288159370422
4913.1  0.9719766974449157
4915.7  0.9676879048347473
4918.3  0.9633218050003051
4920.9  0.9619438648223876
4923.5  0.9652684330940246
4926.1  0.9717599153518676
4928.7  0.9779824614524841
4931.3  0.9819609522819519
4933.9  0.9847998023033142
4936.5  0.9889681935310363
4939.1  0.9954862594604492
4941.7  1.002975463867188
4944.3  1.008978486061096
4946.9  1.011709570884705
4949.5  1.010863065719605
4952.1  1.007694125175476
4954.7  1.004650235176086
4957.3  1.004099369049072
4959.9  1.006627678871155
4962.5  1.010744452476502
4965.1  1.014488101005554
4967.7  1.016877293586731
4970.3  1.017529606819153
4972.9  1.015599012374878
4975.5  1.01009464263916
4978.1  1.001560091972351
4980.7  0.992895483970642
4983.3  0.9877429008483886
4985.9  0.9877372980117797
4988.5  0.9914619922637939
4991.1  0.9958916902542114
4993.7  0.9983866810798645
4996.3  0.9976435899734497
4998.9  0.9938975572586059
5001.5  0.9887676835060119
5004.1  0.9842656850814819
5006.7  0.9811900854110717
5009.3  0.9785537123680114
5011.9  0.975084900856018
5014.5  0.9713222980499267
5017.1  0.9697504043579101
5019.7  0.9725265502929687
5022.3  0.9792417287826538
5024.9  0.9871301651000976
5027.5  0.9931874275207519
5030.1  0.9958158135414123
5032.7  0.995049238204956
5035.3  0.992247998714447
5037.9  0.9896407723426818
5040.5  0.9891286492347717
5043.1  0.9908554553985595
5045.7  0.9933516383171081
5048.3  0.9954844713211059
5050.9  0.9977813959121704
5053.5  1.00136399269104
5056.1  1.005995154380798
5058.7  1.009805202484131
5061.3  1.010918140411377
5063.9  1.00901985168457
5066.5  1.005323529243469
5069.1  1.00133752822876
5071.7  0.9979181289672851
5074.3  0.9953922629356384
5076.9  0.9941923022270202
5079.5  0.9949942827224731
5082.1  0.9980846643447875
5084.7  1.002685546875
5087.3  1.00710391998291
5089.9  1.009681820869446
5092.5  1.009809136390686
5095.1  1.008331298828125
5097.7  1.006978988647461
5100.3  1.007035970687866
5102.9  1.008445501327515
5105.5  1.010342717170715
5108.1  1.012201428413391
5110.7  1.013973832130432
5113.3  1.015264511108398
5115.9  1.015023469924927
5118.5  1.012372493743897
5121.1  1.007565379142761
5123.7  1.001922488212586
5126.3  0.9967970848083496
5128.9  0.9926397204399108
5131.5  0.9890737533569335
5134.1  0.9858182072639465
5136.7  0.983401596546173
5139.3  0.9828290939331054
5141.9  0.9845404624938964
5144.5  0.9878287315368652
5147.1  0.9913705587387084
5149.7  0.9941740036010742
5152.3  0.995759904384613
5154.9  0.9953738451004028
5157.5  0.9913464188575744
5160.1  0.9819546937942504
5162.7  0.9676752090454101
5165.3  0.9527478218078613
5167.9  0.9436513781547546
5170.5  0.9446469545364379
5173.1  0.9540006518363952
5175.7  0.9647971391677856
5178.3  0.9701208472251892
5180.9  0.9679582118988037
5183.5  0.9615135788917541
5186.1  0.955494999885559
5188.7  0.9526231884956359
5191.3  0.953113853931427
5193.9  0.955987811088562
5196.5  0.9599664807319641
5199.1  0.9637193083763122
5201.7  0.9664517641067504
5204.3  0.9686120152473449
5206.9  0.9714725017547607
5209.5  0.9756962060928344
5212.1  0.98057621717453
5214.7  0.984588086605072
5217.3  0.9861044883728027
5219.9  0.9838103652000427
5222.5  0.9776001572608947
5225.1  0.9695043563842773
5227.7  0.9629523158073425
5230.3  0.960647702217102
5232.9  0.9632835388183593
5235.5  0.969866931438446
5238.1  0.9784912467002868
5240.7  0.9869285821914672
5243.3  0.9933177828788757
5245.9  0.9967740774154663
5248.5  0.9974008798599243
5251.1  0.9956417083740234
5253.7  0.9914485216140747
5256.3  0.9840808510780334
5258.9  0.9730827808380126
5261.5  0.95969820022583
5264.1  0.9470826983451843
5266.7  0.9387733340263366
5269.3  0.9367724657058715
5271.9  0.9407628178596496
5274.5  0.9486899375915527
5277.1  0.9580961465835571
5279.7  0.9674347639083862
5282.3  0.9764603972434997
5284.9  0.9852889776229858
5287.5  0.9931672811508178
5290.1  0.9985540509223937
5292.7  1.000478386878967
5295.3  0.9995149970054626
5297.9  0.9973201751708984
5300.5  0.9953636527061462
5303.1  0.9940345287322998
5305.7  0.9926129579544067
5308.3  0.9899980425834655
5310.9  0.9857892990112304
5313.5  0.9808728098869323
5316.1  0.9766564965248107
5318.7  0.9735774993896484
5321.3  0.9708622097969055
5323.9  0.9680647253990173
5326.5  0.9661458730697631
5329.1  0.9663507342338562
5331.7  0.9685304164886474
5334.3  0.9714577198028564
5336.9  0.9745598435401916
5339.5  0.9784302115440368
5342.1  0.9835981726646423
5344.7  0.9895674586296081
5347.3  0.9952929019927978
5349.9  0.9999544620513916
5352.5  1.002831697463989
5355.1  1.002854228019714
5357.7  0.9990167021751403
5360.3  0.9915550947189331
5362.9  0.9825763702392578
5365.5  0.9752834439277648
5368.1  0.9722740650177001
5370.7  0.974043846130371
5373.3  0.9787126779556274
5375.9  0.9834206104278564
5378.5  0.9864633083343505
5381.1  0.9881438612937927
5383.7  0.98952317237854
5386.3  0.9907522797584533
5388.9  0.9909383654594421
5391.5  0.9892661571502685
5394.1  0.9857641458511352
5396.7  0.9811064600944519
5399.3  0.9761741161346435
5401.9  0.9719395041465759
5404.5  0.9693884849548339
5407.1  0.9691258072853088
5409.7  0.9709757566452026
5412.3  0.97404545545578
5414.9  0.9771540164947509
5417.5  0.9792979955673217
5420.1  0.9800702333450317
5422.7  0.9798551201820373
5425.3  0.9795446395874023
5427.9  0.9800264835357666
5430.5  0.9818930625915527
5433.1  0.9852200746536254
5435.7  0.9892230629920959
5438.3  0.9923591613769531
5440.9  0.993376076221466
5443.5  0.9924158453941345
5446.1  0.9907853007316589
5448.7  0.9896152019500732
5451.3  0.9890983700752258
5453.9  0.9889650344848632
5456.5  0.9891360998153686
5459.1  0.9897475242614746
5461.7  0.9908838868141174
5464.3  0.9923370480537414
5466.9  0.9933995008468627
5469.5  0.993140697479248
5472.1  0.9914064407348632
5474.7  0.9894838333129882
5477.3  0.9892656803131103
5479.9  0.9915666580200195
5482.5  0.9954566359519958
5485.1  0.9992291927337646
5487.7  1.001701235771179
5490.3  1.0025475025177
5492.9  1.00186562538147
5495.5  0.9998937845230102
5498.1  0.9971327185630798
5500.7  0.9944280385971069
5503.3  0.9927133321762084
5505.9  0.9926161170005798
5508.5  0.9942259192466735
5511.1  0.9970520138740539
5513.7  1.000055313110352
5516.3  1.001837015151978
5518.9  1.001198053359985
5521.5  0.9979709982872009
5524.1  0.9934975504875183
5526.7  0.9900376796722412
5529.3  0.9893348813056945
5531.9  0.9915851354598999
5534.5  0.9956508874893188
5537.1  0.9999996423721313
5539.7  1.003464698791504
5542.3  1.00557553768158
5544.9  1.006500482559204
5547.5  1.006648421287537
5550.1  1.006274223327637
5552.7  1.005424380302429
5555.3  1.00408148765564
5557.9  1.002251267433167
5560.5  1.000027179718018
5563.1  0.9976750016212463
5565.7  0.9956287145614624
5568.3  0.9943614602088928
5570.9  0.9941908717155456
5573.5  0.995001196861267
5576.1  0.9959993362426757
5578.7  0.9958905577659606
5581.3  0.9936874508857727
5583.9  0.9896154403686523
5586.5  0.9851264953613281
5589.1  0.9817892909049987
5591.7  0.9801703095436096
5594.3  0.9799181818962097
5596.9  0.9807499647140502
5599.5  0.982937753200531
5602.1  0.9866638779640197
5604.7  0.99110609292984
5607.3  0.9945390224456787
5609.9  0.9956355690956115
5612.5  0.9946979284286499
5615.1  0.9934099316596984
5617.7  0.9933194518089294
5620.3  0.9946996569633483
5622.9  0.9967949390411376
5625.5  0.9987154006958007
5628.1  0.9998948574066162
5630.7  1.000090599060059
5633.3  0.9994126558303833
5635.9  0.9983585476875305
5638.5  0.9975352883338928
5641.1  0.9971773028373718
5643.7  0.9968738555908203
5646.3  0.9957404732704162
5648.9  0.9929481744766235
5651.5  0.9883608818054199
5654.1  0.982891023159027
5656.7  0.978197157382965
5659.3  0.9757917523384094
5661.9  0.9762108325958251
5664.5  0.9788726568222045
5667.1  0.982587456703186
5669.7  0.9861453175544738
5672.3  0.988608956336975
5674.9  0.9894131422042846
5677.5  0.9884923100471496
5680.1  0.9864028096199035
5682.7  0.9842229485511779
5685.3  0.9831017851829528
5687.9  0.9836192727088928
5690.5  0.9853830337524414
5693.1  0.9872246384620666
5695.7  0.9878697991371154
5698.3  0.9865666627883911
5700.9  0.9833403229713439
5703.5  0.9789844751358032
5706.1  0.9749117493629455
5708.7  0.9726549983024597
5711.3  0.9730638265609741
5713.9  0.9758362174034118
5716.5  0.9798638820648193
5719.1  0.9839993715286254
5721.7  0.9875234365463256
5724.3  0.9901622533798217
5726.9  0.9919446110725402
5729.5  0.9930753707885742
5732.1  0.993811011314392
5734.7  0.9943718314170837
5737.3  0.9949232339859008
5739.9  0.9955390095710754
5742.5  0.996129035949707
5745.1  0.9964867830276489
5747.7  0.9964891672134399
5750.3  0.9961674809455871
5752.9  0.9954171776771545
5755.5  0.9928999543190002
5758.1  0.9838058352470397
5760.7  0.9565498828887939
5763.3  0.8919157981872558
5765.9  0.7716785669326782
5768.5  0.5968683958053588
5771.1  0.3986478745937347
5773.7  0.2235187441110611
5776.3  0.1030078232288361
5778.9  0.03842822462320328
5781.5  0.01147839333862066
5784.1  0.002720399294048548
5786.7  5.039339303039014E-4
5789.3  6.706867861794307E-5
5791.9  0.
5794.5  0.
5797.1  0.
5799.7  0.
5802.3  0.
5804.9  0.
5807.5  0.
5810.1  0.
5812.7  0.
5815.3  0.
5817.9  0.
5820.5  6.893467798363417E-5
5823.1  5.187098286114633E-4
5825.7  0.002804604824632406
5828.3  0.01185173448175192
5830.9  0.03973798826336861
5833.5  0.1066750660538673
5836.1  0.2317929267883301
5838.7  0.4138791263103485
5841.3  0.6201141476631164
5843.9  0.8016993403434753
5846.5  0.9255770444869995
5849.1  0.9904175400733947
5851.7  1.015745282173157
5854.3  1.022733569145203
5856.9  1.024543404579163
5859.5  1.026580810546875
5862.1  1.029766798019409
5864.7  1.033178210258484
5867.3  1.035744786262512
5869.9  1.037002086639404
5872.5  1.037078142166138
5875.1  1.036118030548096
5877.7  1.033798575401306
5880.3  1.029439449310303
5882.9  1.022708892822266
5885.5  1.014358162879944
5888.1  1.006330847740173
5890.7  1.00104820728302
5893.3  1.000316023826599
5895.9  1.004494428634644
5898.5  1.01233720779419
5901.1  1.021570563316345
5903.7  1.029885411262512
5906.3  1.035807013511658
5908.9  1.039007782936096
5911.5  1.0400230884552
5914.1  1.039759993553162
5916.7  1.039147853851318
5919.3  1.038866519927979
5921.9  1.039052486419678
5924.5  1.039273977279663
5927.1  1.038992524147034
5929.7  1.038052916526795
5932.3  1.036708116531372
5934.9  1.035280227661133
5937.5  1.033885359764099
5940.1  1.032457590103149
5942.7  1.030972957611084
5945.3  1.029590725898743
5947.9  1.028546094894409
5950.5  1.027952909469605
5953.1  1.027813673019409
5955.7  1.028180360794067
5958.3  1.029138445854187
5960.9  1.030586004257202
5963.5  1.032127618789673
5966.1  1.033223390579224
5968.7  1.033408999443054
5971.3  1.032452344894409
5973.9  1.030456066131592
5976.5  1.027820467948914
5979.1  1.025048494338989
5981.7  1.022569417953491
5984.3  1.020702600479126
5986.9  1.019612431526184
5989.5  1.019149661064148
5992.1  1.018831849098206
5994.7  1.018127083778381
5997.3  1.016801595687866
5999.9  1.015011668205261
6002.5  1.013122797012329
6005.1  1.011454701423645
6007.7  1.010116696357727
6010.3  1.009020805358887
6012.9  1.008031845092774
6015.5  1.007125377655029
6018.1  1.006510376930237
6020.7  1.006660103797913
6023.3  1.008063077926636
6025.9  1.010720252990723
6028.5  1.013879895210266
6031.1  1.016429901123047
6033.7  1.017624855041504
6036.3  1.017440676689148
6038.9  1.016328454017639
6041.5  1.014766693115234
6044.1  1.013046503067017
6046.7  1.011327505111694
6049.3  1.009771347045898
6051.9  1.008584022521973
6054.5  1.007932543754578
6057.1  1.007814884185791
6059.7  1.008059144020081
6062.3  1.008500576019287
6064.9  1.009136915206909
6067.5  1.010014891624451
6070.1  1.010946869850159
6072.7  1.011508107185364
6075.3  1.011450886726379
6077.9  1.011038184165955
6080.5  1.010858654975891
6083.1  1.011340856552124
6085.7  1.012426614761353
6088.3  1.01361358165741
6090.9  1.014249801635742
6093.5  1.013878583908081
6096.1  1.012529850006104
6098.7  1.0108402967453
6101.3  1.009795069694519
6103.9  1.010081052780151
6106.5  1.011535525321961
6109.1  1.01321280002594
6111.7  1.014011025428772
6114.3  1.013354897499084
6116.9  1.011517643928528
6119.5  1.009461760520935
6122.1  1.00822925567627
6124.7  1.00815224647522
6127.3  1.00850248336792
6129.9  1.008042097091675
6132.5  1.006103277206421
6135.1  1.003225207328796
6137.7  1.000772356987
6140.3  0.999923825263977
6142.9  1.000911951065064
6145.5  1.002994656562805
6148.1  1.004947543144226
6150.7  1.005697727203369
6153.3  1.004933595657349
6155.9  1.003414154052734
6158.5  1.002562284469604
6161.1  1.003467679023743
6163.7  1.006142020225525
6166.3  1.009703278541565
6168.9  1.013195037841797
6171.5  1.016180157661438
6174.1  1.018678426742554
6176.7  1.020761251449585
6179.3  1.022336006164551
6181.9  1.023274660110474
6184.5  1.023652791976929
6187.1  1.0238276720047
6189.7  1.024255514144898
6192.3  1.02523148059845
6194.9  1.026782870292664
6197.5  1.028698444366455
6200.1  1.030576348304749
6202.7  1.031938314437866
6205.3  1.032480359077454
6207.9  1.032254934310913
6210.5  1.031571507453919
6213.1  1.030720591545105
6215.7  1.029801845550537
6218.3  1.028725981712341
6220.9  1.027283906936646
6223.5  1.025230526924133
6226.1  1.022454857826233
6228.7  1.019150614738464
6231.3  1.015778660774231
6233.9  1.012759208679199
6236.5  1.010173439979553
6239.1  1.007804870605469
6241.7  1.005561232566834
6244.3  1.003864765167236
6246.9  1.003520965576172
6249.5  1.005080103874207
6252.1  1.008342504501343
6254.7  1.012509346008301
6257.3  1.016708493232727
6259.9  1.020341992378235
6262.5  1.023123621940613
6265.1  1.025002479553223
6267.7  1.026029467582703
6270.3  1.026176691055298
6272.9  1.025295853614807
6275.5  1.023457884788513
6278.1  1.021418571472168
6280.7  1.020445704460144
6283.3  1.021263837814331
6285.9  1.023172497749329
6288.5  1.024378538131714
6291.1  1.023221135139465
6293.7  1.019322752952576
6296.3  1.014098882675171
6298.9  1.010114669799805
6301.5  1.009222269058228
6304.1  1.011000275611877
6306.7  1.013223528862
6309.3  1.013888239860535
6311.9  1.012734889984131
6314.5  1.01108729839325
6317.1  1.010481595993042
6319.7  1.011406183242798
6322.3  1.013136386871338
6324.9  1.014490365982056
6327.5  1.014659881591797
6330.1  1.013553977012634
6332.7  1.011621832847595
6335.3  1.009338140487671
6337.9  1.006798386573792
6340.5  1.003939867019653
6343.1  1.001224994659424
6345.7  0.9997803568840026
6348.3  1.00049889087677
6350.9  1.003038287162781
6353.5  1.005945920944214
6356.1  1.007760286331177
6358.7  1.007860660552979
6361.3  1.006412506103516
6363.9  1.003942728042603
6366.5  1.00121796131134
6369.1  0.9992659091949462
6371.7  0.9989663362503051
6374.3  1.000401020050049
6376.9  1.002776861190796
6379.5  1.005064249038696
6382.1  1.006585717201233
6384.7  1.007066607475281
6387.3  1.006482720375061
6389.9  1.005048751831055
6392.5  1.003214240074158
6395.1  1.001522779464722
6397.7  1.000403642654419
6400.3  0.9999928474426269
6402.9  1.00005042552948
6405.5  1.000083446502686
6408.1  0.9996861219406127
6410.7  0.9988517761230468
6413.3  0.9980061650276184
6415.9  0.9977480173110961
6418.5  0.9984299540519714
6421.1  0.9997678995132446
6423.7  1.00081205368042
6426.3  1.000509858131409
6428.9  0.9985066652297973
6431.5  0.9954616427421569
6434.1  0.9925954341888427
6436.7  0.990871250629425
6439.3  0.9903975129127502
6441.9  0.9903749823570251
6444.5  0.9895830750465393
6447.1  0.9871537089347839
6449.7  0.9831743240356445
6452.3  0.9787532091140747
6454.9  0.9754962921142578
6457.5  0.9746732115745544
6460.1  0.9765540361404418
6462.7  0.9803860783576965
6465.3  0.9850067496299743
6467.9  0.9895074367523193
6470.5  0.993384838104248
6473.1  0.9962596893310546
6475.7  0.997714877128601
6478.3  0.9974837303161621
6480.9  0.9956151843070983
6483.5  0.9922816157341003
6486.1  0.9875767230987548
6488.7  0.9818212389945983
6491.3  0.976128876209259
6493.9  0.972314178943634
6496.5  0.971814751625061
6499.1  0.9745158553123474
6501.7  0.978652000427246
6504.3  0.9819127321243286
6506.9  0.9827626347541809
6509.5  0.981044054031372
6512.1  0.9777373671531677
6514.7  0.9742079973220825
6517.3  0.971373438835144
6519.9  0.9692710041999816
6522.5  0.9672769904136657
6525.1  0.9646978974342346
6527.7  0.9611758589744567
6530.3  0.9566443562507629
6532.9  0.9510340690612792
6535.5  0.94404798746109
6538.1  0.9351330995559692
6540.7  0.9235509634017944
6543.3  0.9083658456802368
6545.9  0.8882794380187988
6548.5  0.8614977002143859
6551.1  0.8261988759040832
6553.7  0.7823192477226257
6556.3  0.7343555688858032
6558.9  0.6926764845848083
6561.5  0.6702524423599243
6564.1  0.6754453182220458
6566.7  0.7064520716667175
6569.3  0.7525290250778198
6571.9  0.8007885217666625
6574.5  0.8425163030624389
6577.1  0.8748257160186767
6579.7  0.8985887765884399
6582.3  0.9158917665481567
6584.9  0.928787350654602
6587.5  0.9390722513198852
6590.1  0.9482015371322631
6592.7  0.9570028781890869
6595.3  0.9655296802520751
6597.9  0.9733721613883972
6600.5  0.9801912307739257
6603.1  0.9860289692878723
6605.7  0.9912140369415283
6608.3  0.9960561394691467
6610.9  1.0006422996521
6613.5  1.004887342453003
6616.1  1.008660435676575
6618.7  1.011801242828369
6621.3  1.014116764068604
6623.9  1.015500545501709
6626.5  1.01603639125824
6629.1  1.015953302383423
6631.7  1.015553236007691
6634.3  1.015218138694763
6636.9  1.015332341194153
6639.5  1.016025424003601
6642.1  1.017040967941284
6644.7  1.017960429191589
6647.3  1.018533110618591
6649.9  1.018769860267639
6652.5  1.018808364868164
6655.1  1.018748164176941
6657.7  1.018624067306519
6660.3  1.018530368804932
6662.9  1.018655061721802
6665.5  1.019065737724304
6668.1  1.019538640975952
6670.7  1.019785404205322
6673.3  1.019890308380127
6675.9  1.020437240600586
6678.5  1.022075653076172
6681.1  1.024878621101379
6683.7  1.028136491775513
6686.3  1.030867338180542
6688.9  1.032506108283997
6691.5  1.033032894134522
6694.1  1.032523036003113
6696.7  1.030754685401917
6699.3  1.027367115020752
6701.9  1.022476673126221
6704.5  1.017136693000793
6707.1  1.012945532798767
6709.7  1.01090681552887
6712.3  1.010747313499451
6714.9  1.011472821235657
6717.5  1.012354612350464
6720.1  1.013193011283875
6722.7  1.013915896415711
6725.3  1.014325022697449
6727.9  1.0142902135849
6730.5  1.013965249061584
6733.1  1.013658165931702
6735.7  1.013500452041626
6738.3  1.013312935829163
6740.9  1.012840151786804
6743.5  1.012097239494324
6746.1  1.011467576026917
6748.7  1.011462450027466
6751.3  1.012393593788147
6753.9  1.014207363128662
6756.5  1.016489505767822
6759.1  1.018576741218567
6761.7  1.019814014434815
6764.3  1.019898891448975
6766.9  1.019042611122131
6769.5  1.017750382423401
6772.1  1.016432285308838
6774.7  1.015211582183838
6777.3  1.014006972312927
6779.9  1.012687802314758
6782.5  1.011212110519409
6785.1  1.00971794128418
6787.7  1.008453369140625
6790.3  1.007554292678833
6792.9  1.006932497024536
6795.5  1.00640606880188
6798.1  1.005861043930054
6800.7  1.005275249481201
6803.3  1.004706501960754
6805.9  1.00435471534729
6808.5  1.004557847976685
6811.1  1.005544900894165
6813.7  1.007099628448486
6816.3  1.008552432060242
6818.9  1.009259223937988
6821.5  1.009145617485046
6824.1  1.008717298507691
6826.7  1.008494138717651
6829.3  1.008498191833496
6831.9  1.008347749710083
6834.5  1.007760763168335
6837.1  1.006816148757935
6839.7  1.005783557891846
6842.3  1.004897356033325
6844.9  1.004331707954407
6847.5  1.00418746471405
6850.1  1.004345297813416
6852.7  1.004226565361023
6855.3  1.0023193359375
6857.9  0.9954344034194946
6860.5  0.9783198833465576
6863.1  0.9458862543106079
6865.7  0.8993381857872009
6868.3  0.8512518405914306
6870.9  0.820789635181427
6873.5  0.8199396133422851
6876.1  0.8447394967079162
6878.7  0.8802289962768554
6881.3  0.9116747379302978
6883.9  0.9311851859092712
6886.5  0.9373221397399902
6889.1  0.9300020933151245
6891.7  0.9068344235420227
6894.3  0.8681238889694213
6896.9  0.8267023563385009
6899.5  0.8059749603271484
6902.1  0.8208095431327819
6904.7  0.8623380064964294
6907.3  0.9050850868225097
6909.9  0.9267295598983764
6912.5  0.9212135672569274
6915.1  0.8996587991714477
6917.7  0.8817822933197021
6920.3  0.8824923634529113
6922.9  0.9030131697654724
6925.5  0.9333076477050781
6928.1  0.9615418314933776
6930.7  0.9812270998954772
6933.3  0.9922736287117004
6935.9  0.997801125049591
6938.5  1.000752210617066
6941.1  1.002570867538452
6943.7  1.003542423248291
6946.3  1.003598570823669
6948.9  1.002750873565674
6951.5  1.001230239868164
6954.1  0.9993677139282226
6956.7  0.9974622130393981
6959.3  0.995737612247467
6961.9  0.9944251775741577
6964.5  0.9937978386878967
6967.1  0.9940043687820434
6969.7  0.9948795437812805
6972.3  0.9960136413574218
6974.9  0.9970534443855285
6977.5  0.9979206323623657
6980.1  0.9987762570381164
6982.7  0.9997503757476806
6985.3  1.000572681427002
6987.9  1.00048303604126
6990.5  0.9987784028053283
6993.1  0.9955804347991943
6995.7  0.9919221997261047
6998.3  0.9890502095222473
7000.9  0.9877126216888427
7003.5  0.987954556941986
7006.1  0.9892862439155578
7008.7  0.9909271597862243
7011.3  0.9921070933341979
7013.9  0.9924169778823852
7016.5  0.9919653534889221
7019.1  0.9912183284759521
7021.7  0.9906998872756958
7024.3  0.9907292127609252
7026.9  0.9912625551223754
7029.5  0.991985261440277
7032.1  0.992658793926239
7034.7  0.9932711124420166
7037.3  0.993776261806488
7039.9  0.9939134120941162
7042.5  0.9934712648391723
7045.1  0.9926555752754211
7047.7  0.9920832514762878
7050.3  0.9923389554023742
7052.9  0.9934567809104919
7055.5  0.9948856830596923
7058.1  0.9960353970527648
7060.7  0.9967894554138183
7063.3  0.9974176883697509
7065.9  0.9980849623680114
7068.5  0.9985899329185485
7071.1  0.9985877275466918
7073.7  0.9979142546653747
7076.3  0.9966109991073608
7078.9  0.9947575330734252
7081.5  0.9924678206443786
7084.1  0.9900631308555603
7086.7  0.9880905151367187
7089.3  0.9869968891143798
7091.9  0.9867571592330932
7094.5  0.9869055747985839
7097.1  0.9869371056556701
7099.7  0.9865418076515197
7102.3  0.9854390025138854
7104.9  0.9832657575607299
7107.5  0.9798877835273742
7110.1  0.9758074283599853
7112.7  0.9721459746360778
7115.3  0.9701438546180725
7117.9  0.9704728126525878
7120.5  0.9728028178215026
7123.1  0.9760852456092834
7125.7  0.9794408082962036
7128.3  0.9827404022216796
7130.9  0.9862252473831176
7133.5  0.9896717071533203
7136.1  0.9921535849571228
7138.7  0.9927461743354797
7141.3  0.991451621055603
7143.9  0.9893910884857177
7146.5  0.9880852103233337
7149.1  0.9883860349655151
7151.7  0.9898291230201721
7154.3  0.990927517414093
7156.9  0.9902501106262207
7159.5  0.9874262809753417
7162.1  0.9833434224128723
7164.7  0.9795280694961547
7167.3  0.9772324562072753
7169.9  0.9767954349517822
7172.5  0.9776073098182678
7175.1  0.9785682559013366
7177.7  0.9785922765731811
7180.3  0.9768934845924377
7182.9  0.9730606079101562
7185.5  0.9671685695648193
7188.1  0.9602135419845581
7190.7  0.9544534683227539
7193.3  0.9523466825485229
7195.9  0.954266607761383
7198.5  0.9578816890716552
7201.1  0.9606335163116455
7203.7  0.9622128009796142
7206.3  0.9640278816223144
7208.9  0.9671297073364257
7211.5  0.9712818264961242
7214.1  0.9753543138504028
7216.7  0.9779670238494873
7219.3  0.978198230266571
7221.9  0.9763223528861999
7224.5  0.9737931489944458
7227.1  0.9721471667289733
7229.7  0.9716908931732177
7232.3  0.9713038206100463
7234.9  0.9697650074958801
7237.5  0.9674975872039794
7240.1  0.9666307568550109
7242.7  0.9687691926956176
7245.3  0.9730817079544067
7247.9  0.977232277393341
7250.5  0.9797003269195556
7253.1  0.9805472493171691
7255.7  0.9804871082305908
7258.3  0.9800968170166015
7260.9  0.9798266291618347
7263.5  0.9799984693527221
7266.1  0.9804815649986267
7268.7  0.9806842803955078
7271.3  0.9799817204475402
7273.9  0.9779560565948486
7276.5  0.9740565419197082
7279.1  0.9674969315528869
7281.7  0.9584174156188964
7284.3  0.94944429397583
7286.9  0.9449576139450073
7289.5  0.9475753903388977
7292.1  0.9556797742843627
7294.7  0.9651158452033996
7297.3  0.9728010892868041
7299.9  0.9781534075736999
7302.5  0.9818140864372253
7305.1  0.9840991497039794
7307.7  0.9848427176475524
7310.3  0.9841598272323608
7312.9  0.9828424453735351
7315.5  0.9820116162300109
7318.1  0.9824182987213134
7320.7  0.9839339256286621
7323.3  0.985691487789154
7325.9  0.9868854880332946
7328.5  0.9873667955398559
7331.1  0.9874315857887268
7333.7  0.9873029589653015
7336.3  0.9869596362113952
7338.9  0.9862819910049438
7341.5  0.9852219223976135
7344.1  0.9839071631431579
7346.7  0.9826274514198303
7349.3  0.9816395640373229
7351.9  0.9809633493423461
7354.5  0.9804557561874389
7357.1  0.9800941944122314
7359.7  0.9800577163696289
7362.3  0.9804792404174804
7364.9  0.981203019618988
7367.5  0.9817972779273986
7370.1  0.981784164905548
7372.7  0.9809202551841735
7375.3  0.9792897105216979
7377.9  0.9771250486373901
7380.5  0.9746648073196411
7383.1  0.97233647108078
7385.7  0.9709543585777282
7388.3  0.9714182615280151
7390.9  0.9739760160446166
7393.5  0.9777118563652038
7396.1  0.9809061884880065
7398.7  0.9821942448616027
7401.3  0.981542944908142
7403.9  0.9801008105278015
7406.5  0.9791399836540222
7409.1  0.9791458249092102
7411.7  0.9797469973564147
7414.3  0.9802889823913574
7416.9  0.9804577231407165
7419.5  0.9804916977882385
7422.1  0.9808946251869201
7424.7  0.9819435477256774
7427.3  0.983454406261444
7429.9  0.9849209189414978
7432.5  0.9857895374298095
7435.1  0.9857063293457031
7437.7  0.9847013354301452
7440.3  0.9832344055175781
7442.9  0.9819965958595275
7445.5  0.9814972877502441
7448.1  0.9816905260086059
7450.7  0.981984257698059
7453.3  0.9816872477531433
7455.9  0.9805028438568115
7458.5  0.9786799550056457
7461.1  0.976776123046875
7463.7  0.9752359986305236
7466.3  0.9741287231445312
7468.9  0.9733201265335083
7471.5  0.9728690385818481
7474.1  0.9731037020683288
7476.7  0.9743174910545349
7479.3  0.9765493273735046
7481.9  0.9795604348182678
7484.5  0.9827619194984436
7487.1  0.9852948784828186
7489.7  0.9866197705268859
7492.3  0.9871073961257934
7494.9  0.9877157807350158
7497.5  0.9889456629753112
7500.1  0.9903029799461364
7502.7  0.9908781647682189
7505.3  0.990279197692871
7507.9  0.9889166355133056
7510.5  0.9875680804252624
7513.1  0.9868179559707641
7515.7  0.986767292022705
7518.3  0.9870916604995727
7520.9  0.9873626232147216
7523.5  0.987397015094757
7526.1  0.987324833869934
7528.7  0.9873510599136352
7531.3  0.9875615835189819
7533.9  0.9879481792449951
7536.5  0.988455593585968
7539.1  0.9889512062072753
7541.7  0.9892755150794982
7544.3  0.9893547892570495
7546.9  0.9891979098320007
7549.5  0.9887985587120056
7552.1  0.9881614446640014
7554.7  0.9874009490013122
7557.3  0.986728012561798
7559.9  0.9863154888153076
7562.5  0.9862085580825805
7565.1  0.9863595962524414
7567.7  0.9867841601371765
7570.3  0.9876918792724609
7572.9  0.9892818331718444
7575.5  0.9912208914756774
7578.1  0.9923672080039978
7580.7  0.99101322889328
7583.3  0.9848831892013549
7585.9  0.9700682759284973
7588.5  0.9399036169052124
7591.1  0.8861141800880432
7593.7  0.8029950857162475
7596.3  0.6935061812400817
7598.9  0.5739539265632629
7601.5  0.4711874127388001
7604.1  0.4085502624511719
7606.7  0.3916100859642029
7609.3  0.411310076713562
7611.9  0.4593459367752075
7614.5  0.5302590131759643
7617.1  0.606865108013153
7619.7  0.6580775380134582
7622.3  0.6630367636680603
7624.9  0.6336705684661865
7627.5  0.6055229902267456
7630.1  0.6055383682250976
7632.7  0.6321129202842712
7635.3  0.6656308770179748
7637.9  0.6905205249786376
7640.5  0.7028031349182128
7643.1  0.7025136947631835
7645.7  0.6887311935424804
7648.3  0.6648773550987243
7650.9  0.6442267894744873
7653.5  0.6449707150459289
7656.1  0.6777873039245605
7658.7  0.7379373311996459
7661.3  0.8090283274650573
7663.9  0.8736863732337951
7666.5  0.92184978723526
7669.1  0.9522267580032348
7671.7  0.9684236049652099
7674.3  0.9748307466506958
7676.9  0.9755017757415771
7679.5  0.9745382070541381
7682.1  0.9755941033363342
7684.7  0.9800881147384643
7687.3  0.9866759181022644
7689.9  0.9928387999534606
7692.5  0.9970636963844299
7695.1  0.9994246363639831
7697.7  1.000648140907288
7700.3  1.001126289367676
7702.9  1.000688791275024
7705.5  0.9990472197532653
7708.1  0.9964656829833984
7710.7  0.9940412640571594
7713.3  0.9930723905563354
7715.9  0.994032084941864
7718.5  0.9962220191955566
7721.1  0.9984290599822998
7723.7  0.9998157024383544
7726.3  1.000232458114624
7728.9  0.9999096989631652
7731.5  0.9989997744560241
7734.1  0.9974668622016906
7736.7  0.9954020977020263
7739.3  0.9933132529258728
7741.9  0.991911768913269
7744.5  0.9916223883628845
7747.1  0.9923604726791381
7749.7  0.9936743974685668
7752.3  0.9949854612350463
7754.9  0.9956969618797302
7757.5  0.9950984120368957
7760.1  0.9922243952751159
7762.7  0.9860761165618896
7765.3  0.9765095114707946
7767.9  0.9653486013412475
7770.5  0.9564225673675537
7773.1  0.9537470340728759
7775.7  0.9589855670928955
7778.3  0.9703708291053771
7780.9  0.9838968515396118
7783.5  0.9956377744674682
7786.1  1.003507018089294
7788.7  1.007511615753174
7791.3  1.008813858032227
7793.9  1.008670926094055
7796.5  1.008002877235413
7799.1  1.007417559623718
7801.7  1.007223725318909
7804.3  1.007371187210083
7806.9  1.007578611373901
7809.5  1.007606744766235
7812.1  1.007389307022095
7814.7  1.006951808929443
7817.3  1.00629198551178
7819.9  1.005329847335816
7822.5  1.003906965255737
7825.1  1.001950263977051
7827.7  0.9997715950012207
7830.3  0.9980935454368591
7832.9  0.9975227713584899
7835.5  0.9979938268661499
7838.1  0.9988525509834289
7840.7  0.9994284510612487
7843.3  0.9993990063667297
7845.9  0.9987377524375915
7848.5  0.9975855350494384
7851.1  0.9962131977081298
7853.7  0.9949118494987487
7856.3  0.9937806725502014
7858.9  0.9927246570587158
7861.5  0.9917292594909667
7864.1  0.9910666346549987
7866.7  0.9912020564079284
7869.3  0.9925586581230163
7871.9  0.9952593445777893
7874.5  0.9989693164825439
7877.1  1.003141522407532
7879.7  1.007365107536316
7882.3  1.011137127876282
7884.9  1.013449311256409
7887.5  1.013274192810059
7890.1  1.01071298122406
7892.7  1.00734007358551
7895.3  1.005141615867615
7897.9  1.005062222480774
7900.5  1.006485223770142
7903.1  1.007966876029968
7905.7  1.008437395095825
7908.3  1.007795333862305
7910.9  1.006583333015442
7913.5  1.005316257476807
7916.1  1.004102349281311
7918.7  1.002683997154236
7921.3  1.000771880149841
7923.9  0.998445987701416
7926.5  0.9962308406829833
7929.1  0.994668960571289
7931.7  0.9938086867332458
7934.3  0.9931667447090148
7936.9  0.9921803474426269
7939.5  0.9907048940658569
7942.1  0.989188015460968
7944.7  0.9883785247802734
7947.3  0.988711655139923
7949.9  0.9898419976234436
7952.5  0.9908668398857116
7955.1  0.9912185668945312
7957.7  0.9912960529327392
7960.3  0.9920244812965393
7962.9  0.9938775300979614
7965.5  0.9965882897377014
7968.1  0.9997051358222961
7970.7  1.003049612045288
7973.3  1.006563425064087
7975.9  1.009949803352356
7978.5  1.012671113014221
7981.1  1.014414787292481
7983.7  1.015451908111572
7986.3  1.016278386116028
7988.9  1.016879081726074
7991.5  1.016616821289063
7994.1  1.0149906873703
7996.7  1.012332797050476
7999.3  1.009623885154724
8001.9  1.007659196853638
8004.5  1.006492018699646
8007.1  1.00569760799408
8009.7  1.005025148391724
8012.3  1.00461757183075
8014.9  1.004696249961853
8017.5  1.005283832550049
8020.1  1.006222248077393
8022.7  1.00724995136261
8025.3  1.008021593093872
8027.9  1.008214712142944
8030.5  1.00770890712738
8033.1  1.00666093826294
8035.7  1.005355000495911
8038.3  1.003973245620728
8040.9  1.002533912658691
8043.5  1.00102698802948
8046.1  0.9995587468147277
8048.7  0.9983904957771301
8051.3  0.9978666305541992
8053.9  0.9982032775878906
8056.5  0.9992478489875793
8059.1  1.000418543815613
8061.7  1.000932693481445
8064.3  1.000265598297119
8066.9  0.9986255764961242
8069.5  0.9969555735588073
8072.1  0.9961903691291809
8074.7  0.9964854717254638
8077.3  0.9974626898765563
8079.9  0.999163806438446
8082.5  1.00220537185669
8085.1  1.006749749183655
8087.7  1.011734843254089
8090.3  1.015551209449768
8092.9  1.017396569252014
8095.5  1.017755508422852
8098.1  1.017632603645325
8100.7  1.017533421516419
8103.3  1.017241597175598
8105.9  1.016402959823608
8108.5  1.015047311782837
8111.1  1.013535618782044
8113.7  1.012253403663635
8116.3  1.011431455612183
8118.9  1.01092541217804
8121.5  1.009925365447998
8124.1  1.007027626037598
8126.7  1.001075387001038
8129.3  0.9925581812858581
8131.9  0.9843447804450988
8134.5  0.9801807403564453
8137.1  0.981544554233551
8139.7  0.9862390160560607
8142.3  0.9906261563301086
8144.9  0.9928594231605529
8147.5  0.9935956597328186
8150.1  0.9942526817321777
8152.7  0.9952754378318786
8155.3  0.9958412051200866
8157.9  0.9944700598716735
8160.5  0.9898194670677185
8163.1  0.9818411469459533
8165.7  0.9726790189743041
8168.3  0.9654749631881713
8170.9  0.961045503616333
8173.5  0.9565317630767822
8176.1  0.9490411281585693
8178.7  0.940417468547821
8181.3  0.9365859031677246
8183.9  0.941519558429718
8186.5  0.9530825018882751
8189.1  0.9654534459114074
8191.7  0.9744398593902587
8194.3  0.9798495769500732
8196.9  0.9840211272239685
8199.5  0.9890318512916564
8202.1  0.9949092268943786
8204.7  0.9998312592506408
8207.3  1.001718282699585
8209.9  0.999767780303955
8212.5  0.9949119687080383
8215.1  0.9889643788337707
8217.7  0.9826055765151977
8220.3  0.9735659956932067
8222.9  0.9577568173408508
8225.5  0.9344614744186401
8228.1  0.9111541509628295
8230.7  0.9006506204605102
8233.3  0.9105409383773803
8235.9  0.9356839656829833
8238.5  0.9626240730285644
8241.1  0.9806902408599853
8243.7  0.987973928451538
8246.3  0.9886673092842102
8248.9  0.9874683022499084
8251.5  0.9866927862167358
8254.1  0.9867472052574157
8256.7  0.9876258373260498
8259.3  0.9895235896110534
8261.9  0.9924226999282836
8264.5  0.9956949949264526
8267.1  0.9984096884727478
8269.7  1.000000357627869
8272.3  1.000557541847229
8274.9  1.000506281852722
8277.5  1.000153303146362
8280.1  0.9996729493141174
8282.7  0.9993736147880554
8285.3  0.9996374249458312
8287.9  1.000524282455444
8290.5  1.001582980155945
8293.1  1.002159953117371
8295.7  1.001969456672669
8298.3  1.0014728307724
8300.9  1.001581192016602
8303.5  1.002819180488586
8306.1  1.004930853843689
8308.7  1.007460713386536
8311.3  1.010288119316101
8313.9  1.013059735298157
8316.5  1.014503359794617
8319.1  1.01311981678009
8321.7  1.008589625358582
8324.3  1.002137899398804
8326.9  0.9956751465797424
8329.5  0.9907982349395751
8332.1  0.9882726073265075
8334.7  0.9880098104476928
8337.3  0.9894300699234008
8339.9  0.9918526411056518
8342.5  0.9945498704910278
8345.1  0.9967756867408752
8347.7  0.9981094002723693
8350.3  0.9986888766288757
8352.9  0.9988642930984497
8355.5  0.9988291263580322
8358.1  0.9988312125205993
8360.7  0.9993766546249389
8363.3  1.000822067260742
8365.9  1.002870917320251
8368.5  1.004674077033997
8371.1  1.005391716957092
8373.7  1.004706859588623
8376.3  1.002953886985779
8378.9  1.000791907310486
8381.5  0.9987676739692687
8384.1  0.9972354769706726
8386.7  0.9965078234672546
8389.3  0.9968100786209106
8391.9  0.9980407953262329
8394.5  0.9996336698532104
8397.1  1.000626921653748
8399.7  1.000035047531128
8402.3  0.9975319504737854
8404.9  0.9938656687736511
8407.5  0.9904111623764038
8410.1  0.9884079694747924
8412.7  0.9888604879379272
8415.3  0.992820918560028
8417.9  1.000787973403931
8420.5  1.011276006698609
8423.1  1.020561575889587
8425.7  1.024806141853333
8428.3  1.022684812545776
8430.9  1.01576566696167
8433.5  1.006718635559082
8436.1  0.997708261013031
8438.7  0.9901529550552368
8441.3  0.9851619601249694
8443.9  0.9836382865905761
8446.5  0.9858248829841613
8449.1  0.9907930493354797
8451.7  0.9965412020683288
8454.3  1.000840663909912
8456.9  1.00223433971405
8459.5  1.000566124916077
8462.1  0.9969823956489562
8464.7  0.9935076236724853
8467.3  0.9921996593475341
8469.9  0.9940915703773498
8472.5  0.9985594153404235
8475.1  1.003741502761841
8477.7  1.007736921310425
8480.3  1.009446263313294
8482.9  1.008301496505737
8485.5  1.003447890281677
8488.1  0.9937055110931396
8490.7  0.9788849353790283
8493.3  0.9613341689109802
8495.9  0.9457834959030151
8498.5  0.9370733499526977
8501.1  0.9375418424606323
8503.7  0.9459375739097595
8506.3  0.9583889245986938
8508.9  0.9707424044609069
8511.5  0.9806230664253234
8514.1  0.9876564741134643
8516.7  0.9921329021453857
8519.3  0.9939480423927307
8521.9  0.9926850795745849
8524.5  0.9872505664825439
8527.1  0.9734063148498535
8529.7  0.9399380683898925
8532.3  0.8684180974960327
8534.9  0.7429447174072265
8537.5  0.5675967931747436
8540.1  0.3744864761829376
8542.7  0.2076228559017181
8545.3  0.09474756568670272
8547.9  0.03505518287420273
8550.5  0.01039930898696184
8553.1  0.002450406551361084
8555.7  4.512803570833057E-4
8558.3  5.919067916693165E-5
8560.9  0.
8563.5  0.
8566.1  0.
8568.7  0.
8571.3  0.
8573.9  0.
8576.5  0.
8579.1  0.
8581.7  0.
8584.3  0.
8586.9  0.
8589.5  0.
8592.1  0.
8594.7  0.
8597.3  0.
8599.9  0.
8602.5  0.
8605.1  0.
8607.7  0.
8610.3  0.
8612.9  0.
8615.5  0.
8618.1  0.
8620.7  0.
8623.3  0.
8625.9  0.
8628.5  0.
8631.1  0.
8633.7  0.
8636.3  0.
8638.9  0.
8641.5  5.713131031370721E-5
8644.1  4.287394403945655E-4
8646.7  0.002318704267963767
8649.3  0.00980208721011877
8651.9  0.03289133682847023
8654.5  0.08845429867506027
8657.1  0.1929070204496384
8659.7  0.3467916250228882
8662.3  0.5256198644638061
8664.9  0.6917383670806884
8667.5  0.8183714151382446
8670.1  0.9013866782188415
8672.7  0.9514139294624328
8675.3  0.9809498190879821
8677.9  0.9986785054206848
8680.5  1.009835839271545
8683.1  1.017600417137146
8685.7  1.023852944374085
8688.3  1.02964460849762
8690.9  1.035411238670349
8693.5  1.041124224662781
8696.1  1.046442866325379
8698.7  1.050866723060608
8701.3  1.053848743438721
8703.9  1.054976463317871
8706.5  1.05416476726532
8709.1  1.051628232002258
8711.7  1.047668933868408
8714.3  1.042585253715515
8716.9  1.036784172058105
8719.5  1.030848503112793
8722.1  1.02533221244812
8724.7  1.020330429077148
8727.3  1.01518976688385
8729.9  1.008665084838867
8732.5  0.999356210231781
8735.1  0.9861044287681579
8737.7  0.968376874923706
8740.3  0.9468370676040649
8742.9  0.9239163398742675
8745.5  0.9037772417068481
8748.1  0.8911775946617126
8750.7  0.889504849910736
8753.3  0.8991166949272155
8755.9  0.9171468019485473
8758.5  0.9390061497688293
8761.1  0.9606159925460815
8763.7  0.9798186421394348
8766.3  0.9961708784103393
8768.9  1.009851932525635
8771.5  1.02092456817627
8774.1  1.029326558113098
8776.7  1.035211563110352
8779.3  1.039381742477417
8781.9  1.043511867523193
8784.5  1.049505233764649
8787.1  1.057964682579041
8789.7  1.067285776138306
8792.3  1.074750185012817
8794.9  1.078529715538025
8797.5  1.078508853912354
8800.1  1.075744271278381
8802.7  1.07184898853302
8805.3  1.068654179573059
8807.9  1.067543387413025
8810.5  1.068518757820129
8813.1  1.070079565048218
8815.7  1.070421814918518
8818.3  1.068860411643982
8820.9  1.065995573997498
8823.5  1.062695503234863
8826.1  1.059263944625855
8828.7  1.055462718009949
8831.3  1.050898790359497
8833.9  1.045249819755554
8836.5  1.038297653198242
8839.1  1.029823899269104
8841.7  1.019365191459656
8844.3  1.006036281585693
8846.9  0.9887078404426574
8849.5  0.9665679335594177
8852.1  0.939937949180603
8854.7  0.9110915660858154
8857.3  0.8845314979553222
8859.9  0.8659970760345458
8862.5  0.8601900935173034
8865.1  0.8684937357902526
8867.7  0.8882648944854736
8870.3  0.9141991734504699
8872.9  0.9408016204833984
8875.5  0.9643394351005554
8878.1  0.9833311438560485
8880.7  0.9979116320610046
8883.3  1.009030103683472
8885.9  1.01788592338562
8888.5  1.02543318271637
8891.1  1.032012104988098
8893.7  1.037456870079041
8896.3  1.041542291641235
8898.9  1.044171452522278
8901.5  1.045233607292175
8904.1  1.044756412506104
8906.7  1.043588757514954
8909.3  1.043735980987549
8911.9  1.047285795211792
8914.5  1.054337501525879
8917.1  1.062177181243897
8919.7  1.067320466041565
8922.3  1.068679213523865
8924.9  1.068322539329529
8927.5  1.069204807281494
8930.1  1.072670936584473
8932.7  1.077900290489197
8935.3  1.082808613777161
8937.9  1.085206151008606
8940.5  1.083908438682556
8943.1  1.079655766487122
8945.7  1.074930548667908
8948.3  1.07224428653717
8950.9  1.07228422164917
8953.5  1.073834657669067
8956.1  1.075309872627258
8958.7  1.07596218585968
8961.3  1.075744390487671
8963.9  1.074523329734802
8966.5  1.071757555007935
8969.1  1.067042946815491
8971.7  1.060869216918945
8974.3  1.05453884601593
8976.9  1.049071311950684
8979.5  1.04426908493042
8982.1  1.038962960243225
8984.7  1.03205943107605
8987.3  1.023162484169006
8989.9  1.012113094329834
8992.5  0.9979956746101379
8995.1  0.979152500629425
8997.7  0.9549064636230468
9000.3  0.9271144866943359
9002.9  0.898910641670227
9005.5  0.8715373277664184
9008.1  0.8441230058670043
9010.7  0.8181087970733642
9013.3  0.8007267117500305
9015.9  0.8013786077499389
9018.5  0.8232893347740173
9021.1  0.8596928119659423
9023.7  0.8989853262901306
9026.3  0.9327491521835327
9028.9  0.9586730599403381
9031.5  0.9779480099678039
9034.1  0.992077350616455
9036.7  1.002047657966614
9039.3  1.008874177932739
9041.9  1.013563394546509
9044.5  1.016465067863464
9047.1  1.017340779304505
9049.7  1.016551733016968
9052.3  1.015655040740967
9054.9  1.016269207000733
9057.5  1.018966913223267
9060.1  1.023846864700317
9062.7  1.031112790107727
9065.3  1.040043711662293
9067.9  1.048018574714661
9070.5  1.051646113395691
9073.1  1.049297571182251
9075.7  1.042478442192078
9078.3  1.034538388252258
9080.9  1.028111338615418
9083.5  1.023703455924988
9086.1  1.020132780075073
9088.7  1.015174627304077
9091.3  1.006484508514404
9093.9  0.994487702846527
9096.5  0.9850531220436096
9099.1  0.9862366318702697
9101.7  0.9999821782112121
9104.3  1.018998742103577
9106.9  1.033514022827149
9109.5  1.039332389831543
9112.1  1.039011716842651
9114.7  1.038125157356262
9117.3  1.041078329086304
9119.9  1.048145890235901
9122.5  1.055518627166748
9125.1  1.058934807777405
9127.7  1.057348489761353
9130.3  1.053094744682312
9132.9  1.049667716026306
9135.5  1.049584865570068
9138.1  1.053119421005249
9140.7  1.058144092559814
9143.3  1.061574578285217
9145.9  1.061614155769348
9148.5  1.058953404426575
9151.1  1.05598258972168
9153.7  1.054744482040405
9156.3  1.055449962615967
9158.9  1.056615114212036
9161.5  1.056108236312866
9164.1  1.052022337913513
9166.7  1.04262912273407
9169.3  1.025778770446777
9171.9  0.9979006052017211
9174.5  0.9550686478614807
9177.1  0.9001703262329101
9179.7  0.851715087890625
9182.3  0.8375623822212219
9184.9  0.8700048327445983
9187.5  0.9303283095359802
9190.1  0.9855616092681884
9192.7  1.016865968704224
9195.3  1.027002453804016
9197.9  1.026906609535217
9200.5  1.022996187210083
9203.1  1.015734553337097
9205.7  1.003888249397278
9208.3  0.9872320294380187
9210.9  0.9666074514389038
9213.5  0.9428738951683044
9216.1  0.9164112210273742
9218.7  0.8876633644104003
9221.3  0.8584699630737304
9223.9  0.8327895402908325
9226.5  0.815760314464569
9229.1  0.811674952507019
9231.7  0.822037935256958
9234.3  0.844630479812622
9236.9  0.8742346763610839
9239.5  0.9048262238502502
9242.1  0.9318141937255859
9244.7  0.9529283046722412
9247.3  0.9677947759628295
9249.9  0.9771202802658081
9252.5  0.9821249842643737
9255.1  0.9844179153442382
9257.7  0.9861260056495666
9260.3  0.9896782040596008
9262.9  0.9968672394752502
9265.5  1.007759213447571
9268.1  1.020445704460144
9270.7  1.031941175460815
9273.3  1.039728879928589
9275.9  1.043069839477539
9278.5  1.043219685554504
9281.1  1.042361259460449
9283.7  1.042096972465515
9286.3  1.042745709419251
9288.9  1.043888688087463
9291.5  1.045318722724915
9294.1  1.047212839126587
9296.7  1.049300670623779
9299.3  1.050289392471314
9301.9  1.048689007759094
9304.5  1.043428540229797
9307.1  1.031523704528809
9309.7  1.003538250923157
9312.3  0.9438890218734741
9314.9  0.8444858789443969
9317.5  0.7259053587913513
9320.1  0.6394493579864501
9322.7  0.6317881345748901
9325.3  0.7020586729049682
9327.9  0.8024401664733886
9330.5  0.8817811012268066
9333.1  0.9187245368957519
9335.7  0.9168413877487182
9338.3  0.8888959884643554
9340.9  0.8551143407821655
9343.5  0.8404930830001831
9346.1  0.8566924333572387
9348.7  0.8905336856842041
9351.3  0.9196924567222595
9353.9  0.9341881275177001
9356.5  0.9364020228385925
9359.1  0.930129587650299
9361.7  0.9204314947128295
9364.3  0.9171316623687744
9366.9  0.9267296195030212
9369.5  0.9431096315383911
9372.1  0.9545812606811523
9374.7  0.958550214767456
9377.3  0.9635445475578308
9379.9  0.9774618744850158
9382.5  0.9986454844474792
9385.1  1.018838405609131
9387.7  1.03097414970398
9390.3  1.03260338306427
9392.9  1.02504563331604
9395.5  1.011902809143066
9398.1  0.9975387454032897
9400.7  0.9850125908851623
9403.3  0.9754474163055419
9405.9  0.9696670770645141
9408.5  0.9692514538764953
9411.1  0.9748161435127258
9413.7  0.9840105772018432
9416.3  0.9923696517944335
9418.9  0.996159017086029
9421.5  0.993906557559967
9424.1  0.9853041172027587
9426.7  0.9678813219070434
9429.3  0.9355756640434265
9431.9  0.8858449459075927
9434.5  0.8321064114570617
9437.1  0.8029664754867553
9439.7  0.8193975687026977
9442.3  0.8733793497085571
9444.9  0.934161365032196
9447.5  0.9729617834091186
9450.1  0.9778046607971191
9452.7  0.9501503109931945
9455.3  0.8949406743049621
9457.9  0.8153366446495056
9460.5  0.7176077365875244
9463.1  0.6231879591941833
9465.7  0.570690631866455
9468.3  0.5919173955917358
9470.9  0.6802110075950622
9473.5  0.7913535833358764
9476.1  0.8805462718009948
9478.7  0.9332224130630493
9481.3  0.9609913825988769
9483.9  0.9784500002861022
9486.5  0.9889084696769714
9489.1  0.9876778721809387
9491.7  0.973098337650299
9494.3  0.9534075856208801
9496.9  0.9427405595779418
9499.5  0.9493988752365112
9502.1  0.968900978565216
9504.7  0.9895300269126892
9507.3  1.002664923667908
9509.9  1.006562113761902
9512.5  1.00307023525238
9515.1  0.9940645098686218
9517.7  0.9809445142745971
9520.3  0.965613842010498
9522.9  0.9504489302635192
9525.5  0.9370063543319702
9528.1  0.9244811534881591
9530.7  0.9089270234107971
9533.3  0.8838245272636413
9535.9  0.8436550498008728
9538.5  0.7906082868576049
9541.1  0.7387256026268005
9543.7  0.7073016166687011
9546.3  0.7053390145301818
9548.9  0.7234247326850891
9551.5  0.7442619800567626
9554.1  0.7597076296806335
9556.7  0.7743598222732543
9559.3  0.7950047254562377
9561.9  0.8224682807922363
9564.5  0.8536553978919982
9567.1  0.88569837808609
9569.7  0.9160165190696716
9572.3  0.9414734244346618
9574.9  0.9588443636894226
9577.5  0.9653239250183105
9580.1  0.9589414596557617
9582.7  0.9404599666595458
9585.3  0.9161610603332519
9587.9  0.8971611261367797
9590.5  0.8927613496780395
9593.1  0.9033570885658264
9595.7  0.9206020236015319
9598.3  0.9325426220893859
9600.9  0.9243782758712768
9603.5  0.8768123984336853
9606.1  0.7751448154449462
9608.7  0.6314864754676818
9611.3  0.4970655143260956
9613.9  0.4385288953781128
9616.5  0.4893068671226502
9619.1  0.6231143474578857
9621.7  0.7772154808044433
9624.3  0.8988566994667053
9626.9  0.9701777100563049
9629.5  1.000432014465332
9632.1  1.006755709648132
9634.7  1.002639532089233
9637.3  0.9962083101272583
9639.9  0.9922396540641784
9642.5  0.9930552244186401
9645.1  0.998031198978424
9647.7  1.003815889358521
9650.3  1.006769776344299
9652.9  1.005833148956299
9655.5  1.002990365028381
9658.1  1.00118100643158
9660.7  1.002299904823303
9663.3  1.006739616394043
9665.9  1.013558149337769
9668.5  1.02072286605835
9671.1  1.025983452796936
9673.7  1.028255820274353
9676.3  1.028206586837769
9678.9  1.02733850479126
9681.5  1.026593327522278
9684.1  1.026029348373413
9686.7  1.025532722473145
9689.3  1.02526319026947
9691.9  1.025364279747009
9694.5  1.025720238685608
9697.1  1.026160717010498
9699.7  1.026622295379639
9702.3  1.027079343795776
9704.9  1.027599930763245
9707.5  1.028485774993897
9710.1  1.030044436454773
9712.7  1.032124042510986
9715.3  1.034043073654175
9717.9  1.03500771522522
9720.5  1.034447550773621
9723.1  1.031944274902344
9725.7  1.026973605155945
9728.3  1.019062161445618
9730.9  1.008794784545899
9733.5  0.9987865686416625
9736.1  0.9926385283470153
9738.7  0.9919621348381042
9741.3  0.9949032664299011
9743.9  0.9979490041732788
9746.5  0.9980154037475585
9749.1  0.9918197989463806
9751.7  0.9736146926879882
9754.3  0.9331807494163513
9756.9  0.8559696078300476
9759.5  0.7308164238929748
9762.1  0.5670604705810546
9764.7  0.4068537652492523
9767.3  0.3120396435260773
9769.9  0.3277755677700043
9772.5  0.4512145817279816
9775.1  0.631729245185852
9777.7  0.8034136295318603
9780.3  0.9233903884887695
9782.9  0.9859147667884826
9785.5  1.008680939674378
9788.1  1.01218318939209
9790.7  1.009052038192749
9793.3  1.003991842269898
9795.9  0.9980471730232238
9798.5  0.9926353096961975
9801.1  0.990537941455841
9803.7  0.9935277700424194
9806.3  1.000186681747437
9808.9  1.006951689720154
9811.5  1.011058330535889
9814.1  1.011962056159973
9816.7  1.010521411895752
9819.3  1.007823944091797
9821.9  1.004907846450806
9824.5  1.002856016159058
9827.1  1.002423882484436
9829.7  1.003483653068543
9832.3  1.005181074142456
9834.9  1.006690382957459
9837.5  1.007388114929199
9840.1  1.006448745727539
9842.7  1.003156423568726
9845.3  0.9979147911071777
9847.9  0.9923149943351745
9850.5  0.9879027009010314
9853.1  0.9851745963096618
9855.7  0.9837265610694885
9858.3  0.9829310774803161
9860.9  0.9823578000068664
9863.5  0.9818088412284851
9866.1  0.9811625480651855
9868.7  0.9802722334861755
9871.3  0.9790898561477661
9873.9  0.9778026342391967
9876.5  0.9765822887420654
9879.1  0.9751219749450683
9881.7  0.9726508855819702
9884.3  0.9687056541442871
9886.9  0.9639492034912109
9889.5  0.9600182771682739
9892.1  0.9583713412284851
9894.7  0.9592964649200439
9897.3  0.9619750380516052
9899.9  0.9652120471000671
9902.5  0.9679046869277954
9905.1  0.9690690040588378
9907.7  0.9671348929405212
9910.3  0.9578195214271545
9912.9  0.9304864406585693
9915.5  0.8670012354850769
9918.1  0.7508971095085144
9920.7  0.5872490406036376
9923.3  0.4162817001342773
9925.9  0.3002417385578156
9928.5  0.2876400649547577
9931.1  0.3830899894237518
9933.7  0.5457454323768615
9936.3  0.7156790494918823
9938.9  0.8474566340446472
9941.5  0.9268275499343872
9944.1  0.9640505313873291
9946.7  0.9773976802825927
9949.3  0.9814424514770507
9951.9  0.9836210012435913
9954.5  0.9855729341506958
9957.1  0.9861397743225097
9959.7  0.9841889142990112
9962.3  0.9800485372543334
9964.9  0.9753370285034179
9967.5  0.9718249440193176
9970.1  0.9703243970870971
9972.7  0.9702402353286743
9975.3  0.9701114892959594
9977.9  0.9687427878379821
9980.5  0.9658305644989013
9983.1  0.9608712196350097
9985.7  0.9502011537551879
9988.3  0.9229591488838195
9990.9  0.8600935339927673
9993.5  0.743398368358612
9996.1  0.5739408731460571
