3501.3  0.1991836577653885
3503.9  0.2566530108451843
3506.5  0.2950263917446137
3509.1  0.3144737780094147
3511.7  0.3220338225364685
3514.3  0.3245737552642822
3516.9  0.325415313243866
3519.5  0.3253627419471741
3522.1  0.3248961865901947
3524.7  0.3249040544033051
3527.3  0.3259718716144562
3529.9  0.3277789950370789
3532.5  0.3295307755470276
3535.1  0.3307132422924042
3537.7  0.3312837481498718
3540.3  0.3313883244991303
3542.9  0.3311684429645538
3545.5  0.3307930529117584
3548.1  0.3303786814212799
3550.7  0.3297447264194489
3553.3  0.3284772038459778
3555.9  0.32640540599823
3558.5  0.3238920569419861
3561.1  0.3215513825416565
3563.7  0.3198842108249664
3566.3  0.3190947771072388
3568.9  0.3188767731189728
3571.5  0.3185501992702484
3574.1  0.3178611695766449
3576.7  0.3172955811023712
3579.3  0.3171229958534241
3581.9  0.3167779743671417
3584.5  0.315899133682251
3587.1  0.315378338098526
3589.7  0.3164932727813721
3592.3  0.3192560970783234
3594.9  0.3222670555114746
3597.5  0.3240623474121094
3600.1  0.3241855800151825
3602.7  0.3231253921985626
3605.3  0.3217088282108307
3607.9  0.3206555843353272
3610.5  0.3205174207687378
3613.1  0.3216629326343536
3615.7  0.3239611387252808
3618.3  0.3265638947486877
3620.9  0.3282865285873413
3623.5  0.3283286988735199
3626.1  0.3268278241157532
3628.7  0.3249812722206116
3631.3  0.3244100213050842
3633.9  0.3259073197841644
3636.5  0.3287532031536102
3639.1  0.3314100503921509
3641.7  0.332773357629776
3644.3  0.3327389061450958
3646.9  0.3319253325462341
3649.5  0.3310626447200775
3652.1  0.3305113613605499
3654.7  0.3302369117736816
3657.3  0.3301952183246613
3659.9  0.3305884599685669
3662.5  0.3316076993942261
3665.1  0.3330588936805725
3667.7  0.3344059884548187
3670.3  0.3351487815380096
3672.9  0.3351184129714966
3675.5  0.3344832360744476
3678.1  0.3335851132869721
3680.7  0.3327717781066895
3683.3  0.3323231935501099
3685.9  0.3324332237243652
3688.5  0.3331779539585114
3691.1  0.3344831168651581
3693.7  0.3360500633716583
3696.3  0.337271124124527
3698.9  0.3374094963073731
3701.5  0.3361050486564636
3704.1  0.3337770700454712
3706.7  0.3316580355167389
3709.3  0.3314844965934753
3711.9  0.3342263400554657
3714.5  0.3384955823421478
3717.1  0.341662734746933
3719.7  0.3435672521591187
3722.3  0.3469737470149994
3724.9  0.35292187333107
3727.5  0.358356386423111
3730.1  0.360957682132721
3732.7  0.3642392456531525
3735.3  0.3738697171211243
3737.9  0.3885973393917084
3740.5  0.3983369767665863
3743.1  0.3941318392753601
3745.7  0.3794515728950501
3748.3  0.3696049153804779
3750.9  0.3787405490875244
3753.5  0.4067776501178742
3756.1  0.4386577308177948
3758.7  0.4561695456504822
3761.3  0.4508771598339081
3763.9  0.4278348982334137
3766.5  0.4011989235877991
3769.1  0.3881030380725861
3771.7  0.4022014439105988
3774.3  0.4466348588466644
3776.9  0.5109204649925231
3779.5  0.5755508542060852
3782.1  0.6206967830657958
3784.7  0.6329478621482849
3787.3  0.6083261370658874
3789.9  0.5533480644226074
3792.5  0.484995424747467
3795.1  0.4276471436023712
3797.7  0.4045570492744446
3800.3  0.4265666604042053
3802.9  0.4865663647651672
3805.5  0.5646734237670898
3808.1  0.6394799351692199
3810.7  0.6970704793930053
3813.3  0.7334560751914978
3815.9  0.7506165504455566
3818.5  0.7500147223472595
3821.1  0.7294093966484069
3823.7  0.685447335243225
3826.3  0.6191917061805725
3828.9  0.5404970049858093
3831.5  0.4683734476566315
3834.1  0.4252880811691284
3836.7  0.4267435371875763
3839.3  0.4728627800941467
3841.9  0.5490887761116027
3844.5  0.6356017589569091
3847.1  0.7172674536705017
3849.7  0.7866068482398986
3852.3  0.8400424122810363
3854.9  0.8744407296180725
3857.5  0.8890138864517211
3860.1  0.8892037272453308
3862.7  0.8851152658462524
3865.3  0.8835278749465942
3867.9  0.8815482854843139
3870.5  0.8689662218093872
3873.1  0.8362166285514831
3875.7  0.7797695994377136
3878.3  0.7022894620895385
3880.9  0.6115381121635437
3883.5  0.5212130546569824
3886.1  0.4509447813034058
3888.7  0.4204079508781433
3891.3  0.4390603601932526
3893.9  0.5005898475646972
3896.5  0.5877101421356201
3899.1  0.6819822788238525
3901.7  0.7700842022895812
3904.3  0.8446688055992126
3906.9  0.9030725955963134
3909.5  0.9459372758865356
3912.1  0.9757489562034606
3914.7  0.9952360391616821
3917.3  1.005875706672668
3919.9  1.007100462913513
3922.5  0.9974018931388854
3925.1  0.9776980280876159
3927.7  0.9542687535285949
3930.3  0.9370622634887695
3932.9  0.9333498477935791
3935.5  0.9426142573356628
3938.1  0.957582414150238
3940.7  0.9692177176475524
3943.3  0.9706592559814453
3945.9  0.958453893661499
3948.5  0.9319570660591125
3951.1  0.8915101289749145
3953.7  0.8367381691932678
3956.3  0.7670820355415344
3958.9  0.6845154166221618
3961.5  0.5958194136619567
3964.1  0.5127076506614685
3966.7  0.4503350257873535
3969.3  0.423677533864975
3971.9  0.4410159587860107
3974.5  0.4984323084354401
3977.1  0.5812934637069702
3979.7  0.6720120906829833
3982.3  0.7571510076522827
3984.9  0.8295255899429321
3987.5  0.8867132067680358
3990.1  0.9290463328361511
3992.7  0.9583629369735717
3995.3  0.9773326516151428
3997.9  0.9890228509902954
4000.5  0.9968555569648742
4003.1  1.004706025123596
4005.7  1.015870571136475
4008.3  1.030893683433533
4010.9  1.046924829483032
4013.5  1.060036301612854
4016.1  1.067947506904602
4018.7  1.070571780204773
4021.3  1.069098353385925
4023.9  1.06522536277771
4026.5  1.060683846473694
4029.1  1.056789040565491
4031.7  1.05435061454773
4034.3  1.053838491439819
4036.9  1.055166482925415
4039.5  1.057364225387573
4042.1  1.058925986289978
4044.7  1.058664441108704
4047.3  1.056173205375671
4049.9  1.051728963851929
4052.5  1.046026945114136
4055.1  1.039760589599609
4057.7  1.033012747764587
4060.3  1.024949908256531
4062.9  1.014492750167847
4065.5  1.001654863357544
4068.1  0.9880268573760986
4070.7  0.9753620624542236
4073.3  0.9634959697723388
4075.9  0.949847936630249
4078.5  0.9307814836502075
4081.1  0.9030491709709167
4083.7  0.864224374294281
4086.3  0.8125359416007995
4088.9  0.746974766254425
4091.5  0.668359100818634
4094.1  0.5817338228225708
4096.7  0.4990225732326508
4099.3  0.4384414553642273
4101.9  0.417593389749527
4104.5  0.4433318078517914
4107.1  0.5071827173233032
4109.7  0.5908241868019104
4112.3  0.6757132411003112
4114.9  0.7489107251167297
4117.5  0.803895890712738
4120.1  0.8397698402404785
4122.7  0.8607653975486755
4125.3  0.87522953748703
4127.9  0.8922138214111328
4130.5  0.9160365462303161
4133.1  0.9433727264404296
4135.7  0.9669600129127502
4138.3  0.9824808835983276
4140.9  0.9914388060569763
4143.5  0.9981322288513183
4146.1  1.005043506622314
4148.7  1.011355400085449
4151.3  1.015262126922607
4153.9  1.016632318496704
4156.5  1.017027854919434
4159.1  1.017901539802551
4161.7  1.019447445869446
4164.3  1.020750164985657
4166.9  1.020665764808655
4169.5  1.018926501274109
4172.1  1.016575694084168
4174.7  1.015069723129272
4177.3  1.014775991439819
4179.9  1.014503359794617
4182.5  1.012932181358337
4185.1  1.01061487197876
4187.7  1.009614825248718
4190.3  1.010643482208252
4192.9  1.012141942977905
4195.5  1.013318657875061
4198.1  1.016146898269653
4200.7  1.022600769996643
4203.3  1.031385779380798
4205.9  1.039069890975952
4208.5  1.043480038642883
4211.1  1.044746875762939
4213.7  1.043619513511658
4216.3  1.039805293083191
4218.9  1.032335638999939
4221.5  1.021877765655518
4224.1  1.012428522109985
4226.7  1.009157538414001
4229.3  1.013332843780518
4231.9  1.020020484924316
4234.5  1.021819114685059
4237.1  1.014932990074158
4239.7  1.001769542694092
4242.3  0.988219678401947
4244.9  0.9787572622299194
4247.5  0.9741939306259155
4250.1  0.9730899930000305
4252.7  0.97372967004776
4255.3  0.9752587080001831
4257.9  0.9786478281021118
4260.5  0.9858766794204711
4263.1  0.9965976476669311
4265.7  1.006940722465515
4268.3  1.01331627368927
4270.9  1.016152501106262
4273.5  1.018287420272827
4276.1  1.020924806594849
4278.7  1.022801518440247
4281.3  1.022626042366028
4283.9  1.020639181137085
4286.5  1.017695069313049
4289.1  1.014125466346741
4291.7  1.01003897190094
4294.3  1.00592029094696
4296.9  1.002240896224976
4299.5  0.9988461136817932
4302.1  0.9948657751083374
4304.7  0.9885820746421813
4307.3  0.9776382446289062
4309.9  0.9606867432594299
4312.5  0.9390643239021301
4315.1  0.9153083562850952
4317.7  0.8893129229545593
4320.3  0.8573608994483947
4322.9  0.8158756494522094
4325.5  0.764520525932312
4328.1  0.7047308087348937
4330.7  0.6376897692680358
4333.3  0.5666810274124145
4335.9  0.5012709498405456
4338.5  0.4567117691040039
4341.1  0.4464888870716095
4343.7  0.4736695289611816
4346.3  0.5292062163352966
4348.9  0.5987251996994018
4351.5  0.6703724265098571
4354.1  0.7370216846466064
4356.7  0.7945560216903686
4359.3  0.8410176038742065
4361.9  0.8767290711402893
4364.5  0.9031537771224975
4367.1  0.9214696884155273
4369.7  0.9329266548156738
4372.3  0.9399318695068359
4374.9  0.9450207352638244
4377.5  0.9483399987220764
4380.1  0.9478232860565185
4382.7  0.9432345628738403
4385.3  0.9388614892959594
4387.9  0.940582275390625
4390.5  0.950781226158142
4393.1  0.9668680429458618
4395.7  0.9839100241661071
4398.3  0.9979565143585205
4400.9  1.007471084594727
4403.5  1.012704491615295
4406.1  1.014291524887085
4408.7  1.012606978416443
4411.3  1.008385419845581
4413.9  1.003666400909424
4416.5  1.001314997673035
4419.1  1.003057718276978
4421.7  1.00809121131897
4424.3  1.013939380645752
4426.9  1.018377542495728
4429.5  1.020444750785828
4432.1  1.020188570022583
4434.7  1.017959713935852
4437.3  1.013912081718445
4439.9  1.007945418357849
4442.5  1.000162243843079
4445.1  0.9916440248489379
4447.7  0.9847216010093688
4450.3  0.9818208813667297
4452.9  0.9833161234855651
4455.5  0.9866282939910888
4458.1  0.9876406788825988
4460.7  0.9831331968307495
4463.3  0.9730390906333923
4465.9  0.9615416526794433
4468.5  0.9547056555747985
4471.1  0.9546156525611877
4473.7  0.9563652276992797
4476.3  0.9532599449157714
4478.9  0.9448109865188598
4481.5  0.9373028874397277
4484.1  0.9364497661590576
4486.7  0.9420065879821777
4489.3  0.9500600695610046
4491.9  0.9578110575675964
4494.5  0.9647632241249084
4497.1  0.9711853265762329
4499.7  0.9768457412719726
4502.3  0.9807493090629577
4504.9  0.981248140335083
4507.5  0.9767554402351379
4510.1  0.9677048921585083
4512.7  0.9582676887512207
4515.3  0.95452880859375
4517.9  0.9591202139854431
4520.5  0.968326449394226
4523.1  0.9758747220039367
4525.7  0.9787800908088684
4528.3  0.9784724712371826
4530.9  0.9771913886070251
4533.5  0.9749315381050109
4536.1  0.9702963232994079
4538.7  0.9632490277290344
4541.3  0.9558307528495788
4543.9  0.9505118131637573
4546.5  0.9491179585456848
4549.1  0.9530055522918701
4551.7  0.9622082114219665
4554.3  0.974192202091217
4556.9  0.9850368499755859
4559.5  0.9921855330467224
4562.1  0.9955379366874694
4564.7  0.996330440044403
4567.3  0.9955842494964599
4569.9  0.9934417009353637
4572.5  0.9892378449440002
4575.1  0.9819219708442687
4577.7  0.9707692861557006
4580.3  0.9564156532287597
4582.9  0.9416873455047607
4585.5  0.9310148358345031
4588.1  0.9279380440711975
4590.7  0.9323840141296386
4593.3  0.9409071803092956
4595.9  0.9500351548194885
4598.5  0.9585170745849609
4601.1  0.9661386609077453
4603.7  0.9719135165214538
4606.3  0.9742509126663208
4608.9  0.9722452759742736
4611.5  0.9666092991828918
4614.1  0.9598113894462585
4616.7  0.9550701379776
4619.3  0.9542331099510192
4621.9  0.9564524888992309
4624.5  0.9592130780220031
4627.1  0.9605433344841003
4629.7  0.9601005911827087
4632.3  0.9586867094039916
4634.9  0.9573101997375488
4637.5  0.9566184878349304
4640.1  0.9567786455154418
4642.7  0.9576371312141418
4645.3  0.9589502811431884
4647.9  0.9604012966156005
4650.5  0.9614908099174499
4653.1  0.9615786075592041
4655.7  0.9601904153823852
4658.3  0.9574230909347534
4660.9  0.9541666507720947
4663.5  0.9517325162887573
4666.1  0.9509201049804687
4668.7  0.9514031410217285
4671.3  0.9521870017051696
4673.9  0.9526284933090209
4676.5  0.9529571533203125
4679.1  0.9539282321929931
4681.7  0.9560433626174926
4684.3  0.9591119289398193
4686.9  0.9624909162521362
4689.5  0.9656033515930175
4692.1  0.968212068080902
4694.7  0.9703911542892456
4697.3  0.9723444581031799
4699.9  0.9741604924201965
4702.5  0.975671112537384
4705.1  0.976576805114746
4707.7  0.9767540693283081
4710.3  0.9764828085899353
4712.9  0.9763602018356323
4715.5  0.9768702387809753
4718.1  0.9779468774795532
4720.7  0.9789345860481262
4723.3  0.9790646433830261
4725.9  0.9781882762908935
4728.5  0.9772001504898071
4731.1  0.9775310158729553
4733.7  0.979933738708496
4736.3  0.9839038848876953
4738.9  0.9883728623390197
4741.5  0.9925808906555175
4744.1  0.9961136579513549
4746.7  0.9985855817794799
4749.3  0.9996898174285888
4751.9  0.9994048476219177
4754.5  0.9979208111763
4757.1  0.9955248236656188
4759.7  0.9927596449851989
4762.3  0.9904900193214416
4764.9  0.9894421696662902
4767.5  0.9896427392959594
4770.1  0.9905107617378234
4772.7  0.9914348721504211
4775.3  0.9921106100082397
4777.9  0.9924942255020141
4780.5  0.9927121400833129
4783.1  0.9929884076118469
4785.7  0.9934889078140258
4788.3  0.9942044019699096
4790.9  0.9949858784675598
4793.5  0.9956095218658447
4796.1  0.9958019256591796
4798.7  0.9952892661094665
4801.3  0.9938798546791076
4803.9  0.9915537238121032
4806.5  0.9885080456733703
4809.1  0.9850590825080871
4811.7  0.9814425706863403
4814.3  0.9777018427848815
4816.9  0.9736815094947814
4819.5  0.9690561294555664
4822.1  0.9634091258049011
4824.7  0.956374704837799
4827.3  0.9477085471153259
4829.9  0.9371911883354187
4832.5  0.9243614077568054
4835.1  0.9082275629043579
4837.7  0.8871318697929382
4840.3  0.8590297698974609
4842.9  0.8223806023597717
4845.5  0.7770010232925415
4848.1  0.7236978411674499
4850.7  0.6629598736763
4853.3  0.5958086848258972
4855.9  0.5283312797546386
4858.5  0.4749176502227783
4861.1  0.4530588388442993
4863.7  0.4714156985282898
4866.3  0.5229851603507995
4868.9  0.5908082723617553
4871.5  0.6593177318572998
4874.1  0.7202264666557312
4876.7  0.771131694316864
4879.3  0.8122671842575073
4881.9  0.845033586025238
4884.5  0.8715404868125915
4887.1  0.8936944603919982
4889.7  0.9122442603111267
4892.3  0.9268785119056701
4894.9  0.9373793005943298
4897.5  0.9445217251777648
4900.1  0.9497312307357788
4902.7  0.9539152383804321
4905.3  0.9569972157478332
4907.9  0.9587294459342956
4910.5  0.9595290422439575
4913.1  0.9601260423660278
4915.7  0.9607473015785217
4918.3  0.9611595273017883
4920.9  0.9613595008850097
4923.5  0.9614422917366027
4926.1  0.9607790112495422
4928.7  0.9585518240928649
4931.3  0.9558160901069641
4933.9  0.9558433294296264
4936.5  0.9611080884933471
4939.1  0.9705259799957275
4941.7  0.9803934693336486
4944.3  0.9872465133666992
4946.9  0.9891489148139953
4949.5  0.9854854345321655
4952.1  0.9773918986320495
4954.7  0.9686120748519897
4957.3  0.9641344547271728
4959.9  0.9663593173027038
4962.5  0.9730881452560424
4965.1  0.9801002740859985
4967.7  0.9849725365638732
4970.3  0.9878100752830505
4972.9  0.9894761443138122
4975.5  0.9903178811073303
4978.1  0.9903621673583984
4980.7  0.9898779392242431
4983.3  0.9893524050712585
4985.9  0.9890753030776977
4988.5  0.9889114499092102
4991.1  0.9883146286010742
4993.7  0.9863128066062927
4996.3  0.9820157289505004
4998.9  0.9759208559989929
5001.5  0.9705338478088378
5004.1  0.9687137603759765
5006.7  0.9710437059402465
5009.3  0.9752048850059509
5011.9  0.9779927730560302
5014.5  0.9777652025222778
5017.1  0.9754029512405395
5019.7  0.9734387993812561
5022.3  0.9738824367523193
5024.9  0.9763410687446594
5027.5  0.9784461259841918
5030.1  0.9783862233161926
5032.7  0.9767531752586364
5035.3  0.9757209420204162
5037.9  0.9767643213272094
5040.5  0.9793510437011718
5043.1  0.9813823103904724
5045.7  0.9802579879760742
5048.3  0.9740551710128784
5050.9  0.9632920026779174
5053.5  0.9523359537124633
5056.1  0.9474946856498718
5058.7  0.951784074306488
5061.3  0.962101936340332
5063.9  0.9726960659027099
5066.5  0.9803414940834045
5069.1  0.9852244853973388
5071.7  0.9883626699447631
5074.3  0.9898958802223205
5076.9  0.9895030260086059
5079.5  0.9874178171157836
5082.1  0.9847721457481384
5084.7  0.9830919504165649
5087.3  0.9832794070243835
5089.9  0.9849002361297607
5092.5  0.9865346550941467
5095.1  0.9871172904968261
5097.7  0.9869636893272399
5100.3  0.9873482584953308
5102.9  0.989128291606903
5105.5  0.9919690489768981
5108.1  0.9948550462722778
5110.7  0.9969966411590576
5113.3  0.9981099367141723
5115.9  0.9981488585472106
5118.5  0.9970186948776245
5121.1  0.9945771098136901
5123.7  0.9908785820007324
5126.3  0.986430287361145
5128.9  0.9819667935371398
5131.5  0.9778592586517333
5134.1  0.9741653203964233
5136.7  0.9715072512626647
5139.3  0.9712358713150024
5141.9  0.9741060733795166
5144.5  0.9791690707206726
5147.1  0.9844259619712829
5149.7  0.9883021712303161
5152.3  0.9903482198715209
5154.9  0.9909581542015075
5157.5  0.9907494783401489
5160.1  0.9901393055915832
5162.7  0.989288330078125
5165.3  0.9882328510284423
5167.9  0.9867786169052124
5170.5  0.9840853810310363
5173.1  0.9782025218009948
5175.7  0.9665797352790832
5178.3  0.9486175775527954
5180.9  0.928651213645935
5183.5  0.914940059185028
5186.1  0.9137322902679443
5188.7  0.9244317412376403
5191.3  0.9410139322280883
5193.9  0.9569942951202392
5196.5  0.9687702655792236
5199.1  0.9760079979896545
5201.7  0.9802637100219726
5204.3  0.9831887483596801
5206.9  0.9854490756988525
5209.5  0.9867748022079467
5212.1  0.9866833686828613
5214.7  0.9850056171417236
5217.3  0.9818784594535827
5219.9  0.9774971008300781
5222.5  0.9721089601516723
5225.1  0.9662717580795288
5227.7  0.9610456228256225
5230.3  0.9579380750656127
5232.9  0.9583581686019897
5235.5  0.9624981880187988
5238.1  0.9687402248382568
5240.7  0.9745782613754272
5243.3  0.9781360626220703
5245.9  0.9789400696754455
5248.5  0.9779226183891296
5251.1  0.9767383337020874
5253.7  0.9761930704116821
5256.3  0.9750781059265136
5258.9  0.9712395071983337
5261.5  0.9642443060874938
5264.1  0.9566522240638732
5266.7  0.9523271322250366
5269.3  0.9533401727676391
5271.9  0.9584408998489379
5274.5  0.9644775390625
5277.1  0.9692335128784179
5279.7  0.9727320671081542
5282.3  0.9760130643844604
5284.9  0.9793976545333862
5287.5  0.9822669029235839
5290.1  0.983965516090393
5292.7  0.9843420386314392
5295.3  0.9834627509117126
5297.9  0.9811488389968872
5300.5  0.9770352840423583
5303.1  0.9711939692497253
5305.7  0.9645140767097473
5308.3  0.9583246707916259
5310.9  0.9538708329200744
5313.5  0.9521394968032836
5316.1  0.9534630179405212
5318.7  0.9569950103759765
5321.3  0.9612472057342529
5323.9  0.965331494808197
5326.5  0.9690566062927246
5329.1  0.9719130396842956
5331.7  0.9729350805282592
5334.3  0.9719775915145874
5336.9  0.9706180095672607
5339.5  0.9710710048675537
5342.1  0.9740934371948242
5344.7  0.9783644676208496
5347.3  0.9818626046180725
5349.9  0.9832008481025695
5352.5  0.9815248250961303
5355.1  0.9761830568313598
5357.7  0.9677457213401794
5360.3  0.9593878984451293
5362.9  0.9557763338088989
5365.5  0.9592021107673645
5368.1  0.9672831296920776
5370.7  0.9753492474555969
5373.3  0.9805343747138977
5375.9  0.9830278158187866
5378.5  0.9843962788581848
5381.1  0.9857597947120666
5383.7  0.9872638583183288
5386.3  0.9884171485900878
5388.9  0.9885868430137634
5391.5  0.987337052822113
5394.1  0.9846078753471374
5396.7  0.9809535145759582
5399.3  0.97758150100708
5401.9  0.9756557345390319
5404.5  0.9751206040382385
5407.1  0.9745435714721679
5409.7  0.9726859927177429
5412.3  0.9701122641563415
5414.9  0.9685801863670349
5417.5  0.9687413573265075
5420.1  0.9693076610565185
5422.7  0.9689767956733703
5425.3  0.9683232903480529
5427.9  0.9689956903457641
5430.5  0.9717223048210144
5433.1  0.9758406281471252
5435.7  0.9802072048187255
5438.3  0.9838499426841735
5440.9  0.9861172437667846
5443.5  0.9868161678314208
5446.1  0.9862599968910217
5448.7  0.9850576519966125
5451.3  0.9837867021560668
5453.9  0.9827378392219543
5456.5  0.9818136692047119
5459.1  0.9807283282279968
5461.7  0.9794830083847045
5464.3  0.9786964058876037
5466.9  0.9792448878288269
5469.5  0.9813565611839294
5472.1  0.9841752648353576
5474.7  0.9863951206207275
5477.3  0.9872106313705444
5479.9  0.9866417050361633
5482.5  0.9853079915046691
5485.1  0.9841300845146179
5487.7  0.9839059114456176
5490.3  0.9846713542938232
5492.9  0.985383927822113
5495.5  0.9844570755958557
5498.1  0.9808847904205322
5500.7  0.9752472043037414
5503.3  0.969849407672882
5505.9  0.9674849510192871
5508.5  0.9694659709930419
5511.1  0.9747195243835449
5513.7  0.9808027744293212
5516.3  0.9856340885162353
5518.9  0.9883027672767639
5521.5  0.9887868165969848
5524.1  0.9873354434967041
5526.7  0.9842190146446228
5529.3  0.9801370501518249
5531.9  0.976784348487854
5534.5  0.9762464165687561
5537.1  0.9791236519813537
5539.7  0.9836861491203308
5542.3  0.9875178337097167
5544.9  0.9895877838134765
5547.5  0.9903327226638793
5550.1  0.9904178977012634
5552.7  0.990075409412384
5555.3  0.9893501996994018
5557.9  0.9884562492370605
5560.5  0.9878209233283996
5563.1  0.9879112243652343
5565.7  0.9889074563980102
5568.3  0.9904652833938598
5570.9  0.9918813705444335
5573.5  0.9925748705863952
5576.1  0.9922830462455749
5578.7  0.9908955097198486
5581.3  0.988554298877716
5583.9  0.9860627651214599
5586.5  0.984669029712677
5589.1  0.9849977493286132
5591.7  0.9864321947097778
5594.3  0.9878027439117431
5596.9  0.9883953928947448
5599.5  0.988175630569458
5602.1  0.9874551892280578
5604.7  0.986591637134552
5607.3  0.9858337044715881
5609.9  0.985289454460144
5612.5  0.985020637512207
5615.1  0.9851371049880981
5617.7  0.9857511520385742
5620.3  0.9868566989898681
5622.9  0.9882664680480957
5625.5  0.9896514415740966
5628.1  0.990640640258789
5630.7  0.9909043312072753
5633.3  0.9902083277702331
5635.9  0.9884886741638183
5638.5  0.9859514832496643
5641.1  0.9831025004386901
5643.7  0.9805502295494079
5646.3  0.9786589741706848
5648.9  0.9773985147476196
5651.5  0.9765373468399047
5654.1  0.975897192955017
5656.7  0.9754160046577453
5659.3  0.9750756025314331
5661.9  0.9748751521110534
5664.5  0.9748775362968444
5667.1  0.9752152562141418
5669.7  0.9759643077850341
5672.3  0.9769845008850097
5674.9  0.9778976440429687
5677.5  0.9782474040985107
5680.1  0.9777544140815734
5682.7  0.9765166640281677
5685.3  0.9750058650970458
5687.9  0.9738158583641052
5690.5  0.9732780456542968
5693.1  0.9732056856155395
5695.7  0.9730201959609985
5698.3  0.9722058176994323
5700.9  0.9707103371620178
5703.5  0.9689316153526306
5706.1  0.9673410654067993
5708.7  0.966130256652832
5711.3  0.9652426838874816
5713.9  0.9646711945533752
5716.5  0.9646056294441223
5719.1  0.965269386768341
5721.7  0.9666740894317626
5724.3  0.9685640335083007
5726.9  0.9705893993377685
5729.5  0.9725077152252197
5732.1  0.9742176532745361
5734.7  0.9756621718406677
5737.3  0.9767506718635559
5739.9  0.977363646030426
5742.5  0.9774245023727416
5745.1  0.9770343303680419
5747.7  0.9765029549598693
5750.3  0.9760844111442565
5752.9  0.9755647182464599
5755.5  0.9734073877334594
5758.1  0.9647734761238098
5760.7  0.9382511377334594
5763.3  0.8749365210533142
5765.9  0.7569411993026733
5768.5  0.5853632688522338
5771.1  0.3908766210079193
5773.7  0.2191186249256134
5776.3  0.1009671464562416
5778.9  0.03766513243317604
5781.5  0.01125083118677139
5784.1  0.002666697837412357
5786.7  4.940308281220496E-4
5789.3  6.572462734766304E-5
5791.9  0.
5794.5  0.
5797.1  0.
5799.7  0.
5802.3  0.
5804.9  0.
5807.5  0.
5810.1  0.
5812.7  0.
5815.3  0.
5817.9  0.
5820.5  6.845177995273843E-5
5823.1  5.153443780727684E-4
5825.7  0.00278785452246666
5828.3  0.01178724225610495
5830.9  0.03954387828707695
5833.5  0.1062218621373177
5836.1  0.2309817522764206
5838.7  0.4128066003322601
5841.3  0.6192007064819335
5843.9  0.8016172051429748
5846.5  0.9269859790802001
5849.1  0.9936825633049011
5851.7  1.020714282989502
5854.3  1.028554797172546
5856.9  1.029718637466431
5859.5  1.029515624046326
5862.1  1.029559135437012
5864.7  1.029933571815491
5867.3  1.03015410900116
5869.9  1.029728531837463
5872.5  1.028630495071411
5875.1  1.02728807926178
5877.7  1.026171207427979
5880.3  1.02516520023346
5882.9  1.023129820823669
5885.5  1.018142580986023
5888.1  1.008957028388977
5890.7  0.9971707463264465
5893.3  0.9879755973815917
5895.9  0.9873008131980895
5898.5  0.9967445731163024
5901.1  1.011704325675964
5903.7  1.025314807891846
5906.3  1.033684611320496
5908.9  1.03712797164917
5911.5  1.03783392906189
5914.1  1.037482500076294
5916.7  1.036566495895386
5919.3  1.035036325454712
5921.9  1.033154368400574
5924.5  1.031665563583374
5927.1  1.031184315681458
5929.7  1.031698346138001
5932.3  1.032702922821045
5934.9  1.033583164215088
5937.5  1.033834218978882
5940.1  1.033243179321289
5942.7  1.032083034515381
5945.3  1.0309818983078
5947.9  1.030413269996643
5950.5  1.03039026260376
5953.1  1.030767798423767
5955.7  1.031603813171387
5958.3  1.032951235771179
5960.9  1.034421920776367
5963.5  1.035312056541443
5966.1  1.035166382789612
5968.7  1.033939719200134
5971.3  1.03168511390686
5973.9  1.028579115867615
5976.5  1.025387048721314
5979.1  1.023355603218079
5981.7  1.02319061756134
5984.3  1.024398684501648
5986.9  1.025873303413391
5989.5  1.02685809135437
5992.1  1.027197599411011
5994.7  1.027026534080505
5997.3  1.026513457298279
5999.9  1.025819301605225
6002.5  1.025115132331848
6005.1  1.024566054344177
6007.7  1.024285912513733
6010.3  1.024305939674377
6012.9  1.024586200714111
6015.5  1.025041699409485
6018.1  1.025560617446899
6020.7  1.026008248329163
6023.3  1.026231646537781
6025.9  1.026108026504517
6028.5  1.02562952041626
6031.1  1.024927616119385
6033.7  1.024164080619812
6036.3  1.023398041725159
6038.9  1.022557020187378
6041.5  1.02154016494751
6044.1  1.020387172698975
6046.7  1.019344806671143
6049.3  1.018700838088989
6051.9  1.018513321876526
6054.5  1.0185626745224
6057.1  1.018601894378662
6059.7  1.01860773563385
6062.3  1.018791556358338
6064.9  1.019444584846497
6067.5  1.02074921131134
6070.1  1.022624731063843
6072.7  1.024691224098206
6075.3  1.026447057723999
6077.9  1.027551054954529
6080.5  1.027976274490357
6083.1  1.027970671653748
6085.7  1.027887582778931
6088.3  1.027958393096924
6090.9  1.028171300888062
6093.5  1.02838408946991
6096.1  1.028495311737061
6098.7  1.028445720672608
6101.3  1.028169989585877
6103.9  1.027708768844605
6106.5  1.027302742004395
6109.1  1.027199149131775
6111.7  1.027321338653564
6114.3  1.027254819869995
6116.9  1.026658654212952
6119.5  1.025716662406921
6122.1  1.025151371955872
6124.7  1.025686621665955
6127.3  1.027408361434937
6129.9  1.029689311981201
6132.5  1.031761288642883
6135.1  1.033313274383545
6137.7  1.03454339504242
6140.3  1.035724878311157
6142.9  1.036796927452088
6145.5  1.037320852279663
6148.1  1.036773681640625
6150.7  1.035017967224121
6153.3  1.032719731330872
6155.9  1.031193733215332
6158.5  1.031444072723389
6161.1  1.033283114433289
6163.7  1.035587430000305
6166.3  1.037349462509155
6168.9  1.038257718086243
6171.5  1.038464426994324
6174.1  1.038271427154541
6176.7  1.038135766983032
6179.3  1.038573503494263
6181.9  1.039746046066284
6184.5  1.04128634929657
6187.1  1.042696356773376
6189.7  1.043792247772217
6192.3  1.044689893722534
6194.9  1.0455402135849
6197.5  1.046374201774597
6200.1  1.047104954719544
6202.7  1.047602891921997
6205.3  1.047791838645935
6207.9  1.047697067260742
6210.5  1.047383308410645
6213.1  1.046866059303284
6215.7  1.046112179756165
6218.3  1.045106053352356
6220.9  1.043879985809326
6223.5  1.042502045631409
6226.1  1.041079640388489
6228.7  1.039758801460266
6231.3  1.038679003715515
6233.9  1.037899136543274
6236.5  1.037363409996033
6239.1  1.036942958831787
6241.7  1.036554336547852
6244.3  1.036291241645813
6246.9  1.036428689956665
6249.5  1.037204623222351
6252.1  1.038578867912293
6254.7  1.040238618850708
6257.3  1.041817545890808
6259.9  1.043070673942566
6262.5  1.043681144714355
6265.1  1.042760491371155
6267.7  1.038380146026611
6270.3  1.028231382369995
6272.9  1.012293696403503
6275.5  0.9955878853797912
6278.1  0.9863671064376831
6280.7  0.9892795085906982
6283.3  1.000873804092407
6285.9  1.013223052024841
6288.5  1.02104926109314
6291.1  1.024510622024536
6293.7  1.026626467704773
6296.3  1.029626250267029
6298.9  1.033566951751709
6301.5  1.037312030792236
6304.1  1.039955019950867
6306.7  1.041291117668152
6309.3  1.041513442993164
6311.9  1.04101026058197
6314.5  1.040342330932617
6317.1  1.040067195892334
6319.7  1.040362119674683
6322.3  1.040896534919739
6324.9  1.041158199310303
6327.5  1.040882468223572
6330.1  1.040186524391174
6332.7  1.03937292098999
6335.3  1.038630366325379
6337.9  1.037919640541077
6340.5  1.037171483039856
6343.1  1.036515593528748
6345.7  1.036185503005982
6348.3  1.036213159561157
6350.9  1.036326289176941
6353.5  1.036134004592896
6356.1  1.035373449325562
6358.7  1.034003973007202
6361.3  1.032121300697327
6363.9  1.0298992395401
6366.5  1.027757287025452
6369.1  1.026489138603211
6371.7  1.026824951171875
6374.3  1.02866792678833
6376.9  1.03100049495697
6379.5  1.032760858535767
6382.1  1.03375780582428
6384.7  1.034655451774597
6387.3  1.036115407943726
6389.9  1.038054704666138
6392.5  1.039807081222534
6395.1  1.040879487991333
6397.7  1.041333675384522
6400.3  1.041497468948364
6402.9  1.041562676429749
6405.5  1.041517972946167
6408.1  1.041305780410767
6410.7  1.040902137756348
6413.3  1.040295124053955
6415.9  1.039515018463135
6418.5  1.038692593574524
6421.1  1.037998557090759
6423.7  1.037472128868103
6426.3  1.036989450454712
6428.9  1.036423444747925
6431.5  1.035745739936829
6434.1  1.034969449043274
6436.7  1.034121990203858
6439.3  1.033286809921265
6441.9  1.032549738883972
6444.5  1.031883597373962
6447.1  1.031198263168335
6449.7  1.030495047569275
6452.3  1.029883861541748
6454.9  1.02945339679718
6457.5  1.02920413017273
6460.1  1.029076457023621
6462.7  1.028893232345581
6465.3  1.028173923492432
6467.9  1.026282787322998
6470.5  1.02319598197937
6473.1  1.020086288452149
6475.7  1.018586277961731
6478.3  1.019163250923157
6480.9  1.020411014556885
6483.5  1.020064830780029
6486.1  1.016550421714783
6488.7  1.009851217269897
6491.3  1.001668453216553
6493.9  0.9949744939804077
6496.5  0.9925697445869445
6499.1  0.9951617121696472
6501.7  1.000771880149841
6504.3  1.006158232688904
6506.9  1.008560299873352
6509.5  1.00652277469635
6512.1  1.00041651725769
6514.7  0.9928516745567321
6517.3  0.9875741600990295
6519.9  0.9866399765014648
6522.5  0.9886525273323059
6525.1  0.990247368812561
6527.7  0.9889006614685058
6530.3  0.9840081930160522
6532.9  0.9759759902954101
6535.5  0.9650241732597351
6538.1  0.9507687091827392
6540.7  0.9325398206710815
6543.3  0.9098727107048034
6545.9  0.8825287818908691
6548.5  0.8499698042869567
6551.1  0.8112902641296386
6553.7  0.7666454911231994
6556.3  0.7197474241256713
6558.9  0.6791514158248901
6561.5  0.6558714509010314
6564.1  0.6576208472251892
6566.7  0.6839310526847839
6569.3  0.7265886068344116
6571.9  0.774843692779541
6574.5  0.8205997347831726
6577.1  0.8601131439208984
6579.7  0.8927704095840454
6582.3  0.919280469417572
6584.9  0.9406741857528686
6587.5  0.958039104938507
6590.1  0.9724232554435729
6592.7  0.9846513867378234
6595.3  0.9951933622360229
6597.9  1.004214525222778
6600.5  1.011743307113648
6603.1  1.017851233482361
6605.7  1.022756218910217
6608.3  1.026793718338013
6610.9  1.03027081489563
6613.5  1.033334374427795
6616.1  1.035972476005554
6618.7  1.03813099861145
6621.3  1.039828062057495
6623.9  1.041192054748535
6626.5  1.042423725128174
6629.1  1.043715476989746
6631.7  1.045159339904785
6634.3  1.046698808670044
6636.9  1.048158884048462
6639.5  1.049360871315002
6642.1  1.050278902053833
6644.7  1.051078081130981
6647.3  1.051936626434326
6649.9  1.052836298942566
6652.5  1.053607940673828
6655.1  1.054182767868042
6657.7  1.054711222648621
6660.3  1.055428743362427
6662.9  1.056466817855835
6665.5  1.05777645111084
6668.1  1.059170246124268
6670.7  1.060425043106079
6673.3  1.061425566673279
6675.9  1.062243461608887
6678.5  1.063042044639588
6681.1  1.063881635665894
6683.7  1.064639210700989
6686.3  1.065143942832947
6688.9  1.065347909927368
6691.5  1.0653235912323
6694.1  1.065144181251526
6696.7  1.064851522445679
6699.3  1.064536452293396
6701.9  1.06432843208313
6704.5  1.064231395721436
6707.1  1.064040303230286
6709.7  1.063510775566101
6712.3  1.062613487243652
6714.9  1.061590552330017
6717.5  1.060764312744141
6720.1  1.060288190841675
6722.7  1.060067653656006
6725.3  1.059890627861023
6727.9  1.059604048728943
6730.5  1.059153914451599
6733.1  1.058530807495117
6735.7  1.057764172554016
6738.3  1.056957840919495
6740.9  1.056256294250488
6743.5  1.055767059326172
6746.1  1.055557370185852
6748.7  1.055668473243713
6751.3  1.056060075759888
6753.9  1.056578040122986
6756.5  1.057049632072449
6759.1  1.0573970079422
6761.7  1.057603359222412
6764.3  1.057599663734436
6766.9  1.057253360748291
6769.5  1.056487679481506
6772.1  1.055410265922546
6774.7  1.054277300834656
6777.3  1.053312420845032
6779.9  1.052578568458557
6782.5  1.052062153816223
6785.1  1.051823377609253
6787.7  1.051943898200989
6790.3  1.05233895778656
6792.9  1.052743077278137
6795.5  1.052919268608093
6798.1  1.052783131599426
6800.7  1.052322626113892
6803.3  1.051519155502319
6805.9  1.050446510314941
6808.5  1.049393653869629
6811.1  1.048786163330078
6813.7  1.048887610435486
6816.3  1.0495525598526
6818.9  1.050305128097534
6821.5  1.050715565681458
6824.1  1.050748109817505
6826.7  1.050764918327332
6829.3  1.051170229911804
6831.9  1.051997542381287
6834.5  1.052807807922363
6837.1  1.053018689155579
6839.7  1.052401542663574
6842.3  1.051305174827576
6844.9  1.050371170043945
6847.5  1.049895763397217
6850.1  1.049435377120972
6852.7  1.047603368759155
6855.3  1.041513204574585
6857.9  1.025172114372253
6860.5  0.9894629716873168
6863.1  0.9280533194541931
6865.7  0.8479006886482238
6868.3  0.7732953429222106
6870.9  0.7338603138923645
6873.5  0.7433539628982543
6876.1  0.7868703603744506
6878.7  0.8295874595642089
6881.3  0.8440295457839965
6883.9  0.8333457112312316
6886.5  0.8252568244934082
6889.1  0.8411741852760314
6891.7  0.8764709830284118
6894.3  0.9121316075325012
6896.9  0.9362486600875854
6899.5  0.949343979358673
6902.1  0.9576541185379028
6904.7  0.9675703048706054
6907.3  0.982572317123413
6909.9  1.001184940338135
6912.5  1.018663287162781
6915.1  1.03133761882782
6917.7  1.038586497306824
6920.3  1.041689872741699
6922.9  1.042033314704895
6925.5  1.040309071540833
6928.1  1.036501288414002
6930.7  1.03012228012085
6933.3  1.020893812179566
6935.9  1.010112762451172
6938.5  1.001460313796997
6941.1  0.9988890290260314
6943.7  1.002755403518677
6946.3  1.009181499481201
6948.9  1.014124393463135
6951.5  1.016679167747498
6954.1  1.01777184009552
6956.7  1.017823219299316
6959.3  1.017329812049866
6961.9  1.018049597740173
6964.5  1.021610498428345
6967.1  1.027520537376404
6969.7  1.033733129501343
6972.3  1.038633465766907
6974.9  1.041853666305542
6977.5  1.043790936470032
6980.1  1.045109391212463
6982.7  1.046465754508972
6985.3  1.048152208328247
6987.9  1.049827694892883
6990.5  1.05071771144867
6993.1  1.050117373466492
6995.7  1.047751307487488
6998.3  1.043881773948669
7000.9  1.039364457130432
7003.5  1.035547733306885
7006.1  1.033612370491028
7008.7  1.033613920211792
7011.3  1.034344673156738
7013.9  1.034298181533813
7016.5  1.032631635665894
7019.1  1.02949333190918
7021.7  1.026058912277222
7024.3  1.024086356163025
7026.9  1.024629831314087
7029.5  1.027031660079956
7032.1  1.02946937084198
7034.7  1.030392050743103
7037.3  1.029436588287354
7039.9  1.027473926544189
7042.5  1.025972485542297
7045.1  1.025963425636292
7047.7  1.027375817298889
7050.3  1.029380083084106
7052.9  1.031241655349731
7055.5  1.032729029655457
7058.1  1.033931493759155
7060.7  1.035024046897888
7063.3  1.036209225654602
7065.9  1.037576675415039
7068.5  1.038864254951477
7071.1  1.03954541683197
7073.7  1.039299964904785
7076.3  1.038364052772522
7078.9  1.037291526794434
7081.5  1.036366105079651
7084.1  1.035380363464356
7086.7  1.03403103351593
7089.3  1.032382488250732
7091.9  1.030828952789307
7094.5  1.029732823371887
7097.1  1.029215574264526
7099.7  1.029149293899536
7102.3  1.029105305671692
7104.9  1.028403639793396
7107.5  1.026585936546326
7110.1  1.023980021476746
7112.7  1.021576285362244
7115.3  1.020197153091431
7117.9  1.019917726516724
7120.5  1.020295023918152
7123.1  1.020880818367004
7125.7  1.021451950073242
7128.3  1.022075772285462
7130.9  1.02309000492096
7133.5  1.024784803390503
7136.1  1.027016639709473
7138.7  1.029261589050293
7141.3  1.031072854995728
7143.9  1.032352447509766
7146.5  1.033125996589661
7149.1  1.033087730407715
7151.7  1.031553864479065
7154.3  1.028172731399536
7156.9  1.023782849311829
7159.5  1.020142197608948
7162.1  1.018407106399536
7164.7  1.018085360527039
7167.3  1.017658710479736
7169.9  1.015850305557251
7172.5  1.011799573898315
7175.1  1.004047513008118
7177.7  0.9893327355384826
7180.3  0.9638001918792724
7182.9  0.9285938143730163
7185.5  0.8949288129806518
7188.1  0.8787086009979248
7190.7  0.8858342766761779
7193.3  0.9057873487472534
7195.9  0.9232639074325561
7198.5  0.9333723783493041
7201.1  0.9424650073051452
7203.7  0.9570295810699462
7206.3  0.9760097861289978
7208.9  0.9934108853340148
7211.5  1.004602193832398
7214.1  1.008713960647583
7216.7  1.007394433021545
7219.3  1.0034099817276
7221.9  1.000126004219055
7224.5  1.000385642051697
7227.1  1.004751563072205
7229.7  1.011204600334168
7232.3  1.016951680183411
7234.9  1.020175337791443
7237.5  1.019512534141541
7240.1  1.01263964176178
7242.7  0.99626886844635
7245.3  0.9686613082885742
7247.9  0.933968186378479
7250.5  0.904510498046875
7253.1  0.8950592279434204
7255.7  0.9106259942054748
7258.3  0.9409470558166503
7260.9  0.9695402383804321
7263.5  0.9865362048149108
7266.1  0.9917015433311462
7268.7  0.9893108010292053
7271.3  0.9839437007904052
7273.9  0.9795908331871032
7276.5  0.9790076613426208
7279.1  0.9825547337532043
7281.7  0.9883986711502075
7284.3  0.9940071702003479
7286.9  0.9977555871009826
7289.5  0.9996861815452575
7292.1  1.000925660133362
7294.7  1.001815676689148
7297.3  1.000504493713379
7299.9  0.9936222434043884
7302.5  0.9789815545082092
7305.1  0.9587987661361694
7307.7  0.9405182003974914
7310.3  0.9325365424156188
7312.9  0.9375855326652526
7315.5  0.9514918327331542
7318.1  0.968562364578247
7320.7  0.9855478405952453
7323.3  1.000305891036987
7325.9  1.010383129119873
7328.5  1.014634728431702
7331.1  1.014652967453003
7333.7  1.013515710830689
7336.3  1.013356804847717
7338.9  1.01433527469635
7341.5  1.015466570854187
7344.1  1.015964269638062
7346.7  1.015622854232788
7349.3  1.014370560646057
7351.9  1.012065529823303
7354.5  1.008904814720154
7357.1  1.005792260169983
7359.7  1.003929615020752
7362.3  1.003885865211487
7364.9  1.005160808563232
7367.5  1.006720662117004
7370.1  1.007816910743713
7372.7  1.008165597915649
7375.3  1.007615327835083
7377.9  1.006117105484009
7380.5  1.004066348075867
7383.1  1.002303123474121
7385.7  1.00157630443573
7388.3  1.002175688743591
7390.9  1.004099249839783
7393.5  1.007221817970276
7396.1  1.011153221130371
7398.7  1.015224695205688
7401.3  1.018815755844116
7403.9  1.021633267402649
7406.5  1.023659348487854
7409.1  1.024909973144531
7411.7  1.02530300617218
7414.3  1.024751424789429
7416.9  1.023394227027893
7419.5  1.021697521209717
7422.1  1.020253658294678
7424.7  1.019384026527405
7427.3  1.018947601318359
7429.9  1.018570184707642
7432.5  1.017970323562622
7435.1  1.01699697971344
7437.7  1.015554666519165
7440.3  1.013770222663879
7442.9  1.012167811393738
7445.5  1.011353015899658
7448.1  1.011413216590881
7450.7  1.011774897575379
7453.3  1.011713981628418
7455.9  1.010934472084046
7458.5  1.009643793106079
7461.1  1.008214473724365
7463.7  1.006901264190674
7466.3  1.005829930305481
7468.9  1.005082011222839
7471.5  1.004699110984802
7474.1  1.004698753356934
7476.7  1.005161166191101
7479.3  1.006227374076843
7481.9  1.007914185523987
7484.5  1.009989261627197
7487.1  1.012116551399231
7489.7  1.014129519462586
7492.3  1.01617419719696
7494.9  1.018547296524048
7497.5  1.021230816841126
7500.1  1.023540735244751
7502.7  1.024402976036072
7505.3  1.023129463195801
7507.9  1.020063757896423
7510.5  1.016534805297852
7513.1  1.0140700340271
7515.7  1.013389706611633
7518.3  1.014051198959351
7520.9  1.014995217323303
7523.5  1.015363574028015
7526.1  1.014902353286743
7528.7  1.013866424560547
7531.3  1.012710809707642
7533.9  1.011781930923462
7536.5  1.01117205619812
7539.1  1.010762453079224
7541.7  1.010329484939575
7544.3  1.009628534317017
7546.9  1.008526206016541
7549.5  1.00716233253479
7552.1  1.005968689918518
7554.7  1.005422949790955
7557.3  1.005671262741089
7559.9  1.006370425224304
7562.5  1.00693690776825
7565.1  1.006967425346375
7567.7  1.006479620933533
7570.3  1.005833745002747
7572.9  1.005427598953247
7575.5  1.005388259887695
7578.1  1.005497336387634
7580.7  1.005061268806458
7583.3  1.002225399017334
7585.9  0.9922766089439392
7588.5  0.9660533666610717
7591.1  0.9113386869430541
7593.7  0.8192027807235717
7596.3  0.6927117109298706
7598.9  0.5517321825027465
7601.5  0.428577333688736
7604.1  0.3543350994586945
7606.7  0.3428923487663269
7609.3  0.3846686780452728
7611.9  0.455191045999527
7614.5  0.529192566871643
7617.1  0.5868965983390808
7619.7  0.6138608455657958
7622.3  0.6052330732345581
7624.9  0.571736454963684
7627.5  0.5340601801872253
7630.1  0.5079861283302307
7632.7  0.4969825148582459
7635.3  0.4968204498291016
7637.9  0.5038310885429382
7640.5  0.5171288251876831
7643.1  0.5336889624595642
7645.7  0.5459250807762145
7648.3  0.5492063760757446
7650.9  0.5483796000480651
7653.5  0.5527915954589843
7656.1  0.5690343379974365
7658.7  0.601807951927185
7661.3  0.6556081771850585
7663.9  0.7287967205047607
7666.5  0.8090617060661315
7669.1  0.8801124095916748
7671.7  0.9321616291999816
7674.3  0.9644184708595275
7676.9  0.980126142501831
7679.5  0.9826647043228149
7682.1  0.9755418300628662
7684.7  0.9638222455978393
7687.3  0.953230857849121
7689.9  0.9474130868911743
7692.5  0.9463874697685241
7695.1  0.9489837884902954
7697.7  0.9558187127113342
7700.3  0.9677254557609558
7702.9  0.9820562601089477
7705.5  0.993716537952423
7708.1  0.9999715089797973
7710.7  1.002137422561646
7713.3  1.002714872360229
7715.9  1.002692699432373
7718.5  1.001976490020752
7721.1  1.000863552093506
7723.7  1.000100731849671
7726.3  1.000035166740418
7728.9  1.000451564788818
7731.5  1.001131057739258
7734.1  1.002074003219605
7736.7  1.003244400024414
7739.3  1.004487037658692
7741.9  1.005730748176575
7744.5  1.007024168968201
7747.1  1.008247494697571
7749.7  1.008963227272034
7752.3  1.008717656135559
7754.9  1.007473230361939
7757.5  1.005715608596802
7760.1  1.0041663646698
7762.7  1.003320574760437
7765.3  1.003063797950745
7767.9  1.002748608589172
7770.5  1.001915335655212
7773.1  1.001115798950195
7775.7  1.001766085624695
7778.3  1.004850506782532
7780.9  1.009883761405945
7783.5  1.015333890914917
7786.1  1.019832849502564
7788.7  1.022783517837524
7791.3  1.024132490158081
7793.9  1.024009227752686
7796.5  1.022691130638123
7799.1  1.02067768573761
7801.7  1.018532395362854
7804.3  1.016615033149719
7806.9  1.015008091926575
7809.5  1.013638496398926
7812.1  1.012395620346069
7814.7  1.011196494102478
7817.3  1.010039567947388
7819.9  1.009007573127747
7822.5  1.008164525032043
7825.1  1.007418155670166
7827.7  1.006537914276123
7830.3  1.005382299423218
7832.9  1.004087090492249
7835.5  1.002951264381409
7838.1  1.002103805541992
7840.7  1.001333117485046
7843.3  1.000295519828796
7845.9  0.998917281627655
7848.5  0.997526466846466
7851.1  0.996506929397583
7853.7  0.995870292186737
7856.3  0.995292842388153
7858.9  0.9945457577705383
7861.5  0.9936670064926147
7864.1  0.9926275610923767
7866.7  0.990978717803955
7869.3  0.9881876111030578
7871.9  0.9846904873847961
7874.5  0.9825979471206665
7877.1  0.9845095872879028
7879.7  0.9907382726669311
7882.3  0.9980381727218627
7884.9  1.002045392990112
7887.5  1.00119686126709
7890.1  0.9980363845825195
7892.7  0.9966657757759094
7895.3  0.9990285038948059
7897.9  1.003704905509949
7900.5  1.007932901382446
7903.1  1.010113716125488
7905.7  1.010367393493652
7908.3  1.009496808052063
7910.9  1.007999300956726
7913.5  1.005935430526734
7916.1  1.003385424613953
7918.7  1.000736355781555
7921.3  0.9984466433525085
7923.9  0.9966886043548583
7926.5  0.9954107403755187
7929.1  0.9946405291557312
7931.7  0.9944874048233032
7934.3  0.9948578476905822
7936.9  0.9953281879425048
7939.5  0.9953265786170959
7942.1  0.994505226612091
7944.7  0.9930958151817321
7947.3  0.9918307065963745
7949.9  0.9913212060928344
7952.5  0.991563856601715
7955.1  0.9921469688415527
7957.7  0.9927349090576171
7960.3  0.9932326674461364
7962.9  0.9936861395835876
7965.5  0.9941752552986145
7968.1  0.9947261214256286
7970.7  0.995287537574768
7973.3  0.9958352446556091
7975.9  0.9964783787727355
7978.5  0.9973732233047485
7981.1  0.9984920024871826
7983.7  0.9995279908180236
7986.3  1.000138998031616
7988.9  1.000284433364868
7991.5  1.000184535980225
7994.1  0.9999987483024597
7996.7  0.9998071789741516
7999.3  0.9998261332511901
8001.9  1.000187516212463
8004.5  1.000467777252197
8007.1  0.999882161617279
8009.7  0.9981109499931335
8012.3  0.9958017468452453
8014.9  0.994127333164215
8017.5  0.9937854409217834
8020.1  0.9944598674774169
8022.7  0.9952857494354248
8025.3  0.9956669807434082
8027.9  0.9955319166183471
8030.5  0.9949704408645629
8033.1  0.9939290285110473
8035.7  0.9922965168952941
8038.3  0.9901456832885742
8040.9  0.9878139495849609
8043.5  0.9857760667800903
8046.1  0.9843644499778747
8048.7  0.9835456609725952
8051.3  0.9830744266510009
8053.9  0.9828983545303344
8056.5  0.9832143783569335
8059.1  0.9840935468673706
8061.7  0.9852672815322875
8064.3  0.9863369464874267
8066.9  0.9870507717132568
8069.5  0.987363576889038
8072.1  0.9873756170272827
8074.7  0.9872580766677856
8077.3  0.9871788024902343
8079.9  0.9873244762420654
8082.5  0.9879977107048034
8085.1  0.9895533323287963
8087.7  0.9920856952667236
8090.3  0.9952240586280822
8092.9  0.9983027577400207
8095.5  1.000678777694702
8098.1  1.001887202262879
8100.7  1.001696109771729
8103.3  1.000209093093872
8105.9  0.9978324770927429
8108.5  0.9948757290840148
8111.1  0.9910683035850524
8113.7  0.9857304692268371
8116.3  0.9788881540298461
8118.9  0.9721817970275878
8121.5  0.9679008722305297
8124.1  0.9663429260253906
8126.7  0.9645998477935791
8129.3  0.9593427777290344
8131.9  0.9511919617652893
8134.5  0.9448848366737365
8137.1  0.9441120624542236
8139.7  0.947044551372528
8142.3  0.9479955434799194
8144.9  0.9429482817649841
8147.5  0.9327961206436157
8150.1  0.9215772151947021
8152.7  0.9117728471755981
8155.3  0.9013734459877014
8157.9  0.8864075541496276
8160.5  0.8665965795516967
8163.1  0.8469429612159729
8165.7  0.8331176042556762
8168.3  0.8274891972541809
8170.9  0.829808235168457
8173.5  0.8383808135986328
8176.1  0.8507848978042602
8178.7  0.8661801815032958
8181.3  0.8854580521583557
8183.9  0.9075874686241149
8186.5  0.9281326532363891
8189.1  0.9428408145904541
8191.7  0.9515663385391235
8194.3  0.9578571915626525
8196.9  0.965096890926361
8199.5  0.9736568331718444
8202.1  0.981562852859497
8204.7  0.9868977665901184
8207.3  0.9890775680541992
8209.9  0.9885718822479248
8212.5  0.9861804246902465
8215.1  0.9823691248893737
8217.7  0.9769393801689147
8220.3  0.9691559672355651
8222.9  0.9585698246955871
8225.5  0.946570336818695
8228.1  0.9372937679290771
8230.7  0.9354656338691711
8233.3  0.942044973373413
8235.9  0.9527642130851745
8238.5  0.9617666006088256
8241.1  0.9660204648971557
8243.7  0.9661444425582885
8246.3  0.9644542336463928
8248.9  0.9629678726196289
8251.5  0.9624559879302978
8254.1  0.9625256061553955
8256.7  0.9623971581459045
8259.3  0.9616379141807556
8261.9  0.9600570201873779
8264.5  0.9567776918411254
8267.1  0.9491742253303527
8269.7  0.9337564706802368
8272.3  0.9102072715759277
8274.9  0.8851652145385742
8277.5  0.8696686625480651
8280.1  0.8705329895019531
8282.7  0.8848713040351867
8285.3  0.9039588570594787
8287.9  0.9210855960845947
8290.5  0.9346004128456115
8293.1  0.9450653195381164
8295.7  0.9520056247711181
8298.3  0.954237163066864
8300.9  0.9523505568504333
8303.5  0.9496555924415588
8306.1  0.9499772191047668
8308.7  0.9539666175842285
8311.3  0.9581471681594848
8313.9  0.9586228132247924
8316.5  0.9557160139083862
8319.1  0.9537525177001953
8321.7  0.9560208320617675
8324.3  0.9609342813491821
8326.9  0.9633973836898803
8329.5  0.9585431814193725
8332.1  0.9443203806877136
8334.7  0.9233417510986328
8337.3  0.9038533568382263
8339.9  0.8960932493209838
8342.5  0.9041591882705688
8345.1  0.9220654964447021
8347.7  0.9396616220474243
8350.3  0.9511390328407287
8352.9  0.9568021893501281
8355.5  0.9592401385307312
8358.1  0.9602659940719604
8360.7  0.9606214165687561
8363.3  0.9606637358665466
8365.9  0.9606631398200988
8368.5  0.9607978463172912
8371.1  0.9611294269561767
8373.7  0.9616966843605041
8376.3  0.9624776244163513
8378.9  0.9632582664489746
8381.5  0.9636582732200622
8384.1  0.963440716266632
8386.7  0.9627985954284667
8389.3  0.9622901082038879
8391.9  0.9624791741371154
8394.5  0.9635505676269531
8397.1  0.965136170387268
8399.7  0.9664686322212219
8402.3  0.9668639302253723
8404.9  0.9662216305732727
8407.5  0.9651285409927368
8410.1  0.9644677639007568
8412.7  0.9648616909980773
8415.3  0.966424822807312
8417.9  0.9689781069755554
8420.5  0.97229665517807
8423.1  0.9759769439697265
8425.7  0.9791234731674194
8428.3  0.9805236458778381
8430.9  0.9792427420616149
8433.5  0.9748452901840209
8436.1  0.966737687587738
8438.7  0.9539539813995361
8441.3  0.9372472167015075
8443.9  0.9219383597373962
8446.5  0.9161931872367858
8449.1  0.9238076210021972
8451.7  0.9396829605102539
8454.3  0.9543194770812988
8456.9  0.9617120027542114
8459.5  0.961966335773468
8462.1  0.9584846496582031
8464.7  0.9547286033630371
8467.3  0.9529496431350708
8469.9  0.9540851712226867
8472.5  0.9578133225440979
8475.1  0.9628074765205383
8477.7  0.9673185348510742
8480.3  0.9699451923370361
8482.9  0.9700413942337036
8485.5  0.9675763249397277
8488.1  0.9627484083175659
8490.7  0.9557864069938659
8493.3  0.9472001791000366
8495.9  0.9382718801498413
8498.5  0.9311273097991943
8501.1  0.9279388785362243
8503.7  0.9297071099281311
8506.3  0.9356629252433776
8508.9  0.9438344836235046
8511.5  0.9522613286972045
8514.1  0.9598235487937927
8516.7  0.9661301374435424
8519.3  0.9709336757659912
8521.9  0.973745584487915
8524.5  0.9737690091133117
8527.1  0.9692925810813903
8529.7  0.9557542204856872
8532.3  0.9226830601692199
8534.9  0.8531388044357299
8537.5  0.7318898439407348
8540.1  0.5618188977241516
8542.7  0.3729323744773865
8545.3  0.2081191837787628
8547.9  0.09558110684156417
8550.5  0.03556955233216286
8553.1  0.01060568541288376
8555.7  0.002510170685127378
8558.3  4.642703570425510E-4
8560.9  6.169552943902090E-5
8563.5  0.
8566.1  0.
8568.7  0.
8571.3  0.
8573.9  0.
8576.5  0.
8579.1  0.
8581.7  0.
8584.3  0.
8586.9  0.
8589.5  0.
8592.1  0.
8594.7  0.
8597.3  0.
8599.9  0.
8602.5  0.
8605.1  0.
8607.7  0.
8610.3  0.
8612.9  0.
8615.5  0.
8618.1  0.
8620.7  0.
8623.3  0.
8625.9  0.
8628.5  0.
8631.1  0.
8633.7  0.
8636.3  0.
8638.9  0.
8641.5  4.526912744040601E-5
8644.1  3.471013915259391E-4
8646.7  0.001893911976367235
8649.3  0.008075145073235034
8651.9  0.02737337537109852
8654.5  0.07451821863651275
8657.1  0.1648514568805695
8659.7  0.3011440336704254
8662.3  0.4642190635204315
8664.9  0.6210252046585083
8667.5  0.7452927231788635
8670.1  0.830200970172882
8672.7  0.8836584091186523
8675.3  0.9168921113014221
8677.9  0.9385227560997009
8680.5  0.9545983672142028
8683.1  0.9693662524223327
8685.7  0.9848215579986572
8688.3  1.000640034675598
8690.9  1.015350580215454
8693.5  1.027770042419434
8696.1  1.037492036819458
8698.7  1.044522047042847
8701.3  1.048833727836609
8703.9  1.050355315208435
8706.5  1.04927670955658
8709.1  1.04623806476593
8711.7  1.042001008987427
8714.3  1.036812543869019
8716.9  1.030273079872131
8719.5  1.021971225738525
8722.1  1.012046933174133
8724.7  1.000888109207153
8727.3  0.9884262084960937
8729.9  0.9739365577697753
8732.5  0.9564675688743591
8735.1  0.9353262782096862
8737.7  0.9102435111999511
8740.3  0.8815473318099975
8742.9  0.8509302139282226
8745.5  0.8225236535072326
8748.1  0.8027104139328002
8750.7  0.7974596619606018
8753.3  0.8086310029029846
8755.9  0.8326452374458312
8758.5  0.8629360795021057
8761.1  0.8937498927116394
8763.7  0.9220634698867797
8766.3  0.9470647573471069
8768.9  0.9688565135002136
8771.5  0.9876485466957092
8774.1  1.003515958786011
8776.7  1.016467690467835
8779.3  1.026745796203613
8781.9  1.035130381584168
8784.5  1.042897820472717
8787.1  1.051290035247803
8789.7  1.060713768005371
8792.3  1.070366621017456
8794.9  1.078803062438965
8797.5  1.084990501403809
8800.1  1.088829755783081
8802.7  1.090815901756287
8805.3  1.091428399085999
8807.9  1.090862512588501
8810.5  1.08911395072937
8813.1  1.086122870445252
8815.7  1.081841826438904
8818.3  1.076339840888977
8820.9  1.069912672042847
8823.5  1.062929749488831
8826.1  1.055472254753113
8828.7  1.047167658805847
8831.3  1.037427306175232
8833.9  1.02574896812439
8836.5  1.011758089065552
8839.1  0.9951222538948059
8841.7  0.9755963087081909
8844.3  0.9530982375144958
8846.9  0.9275611042976379
8849.5  0.8987066745758056
8852.1  0.8663510084152221
8854.7  0.8315814137458801
8857.3  0.7982548475265502
8859.9  0.7731942534446716
8862.5  0.7636048793792724
8865.1  0.7727640867233276
8867.7  0.7977356910705566
8870.3  0.8314347267150878
8872.9  0.8668469786643981
8875.5  0.8996586203575134
8878.1  0.9282887578010559
8880.7  0.9527356028556823
8883.3  0.9735408425331115
8885.9  0.9912208914756774
8888.5  1.006135940551758
8891.1  1.018566846847534
8893.7  1.028765797615051
8896.3  1.036977767944336
8898.9  1.04343330860138
8901.5  1.047967791557312
8904.1  1.049672842025757
8906.7  1.047958850860596
8909.3  1.044774770736694
8911.9  1.044655084609985
8914.5  1.050923466682434
8917.1  1.0620037317276
8919.7  1.072519659996033
8922.3  1.078097820281982
8924.9  1.078940987586975
8927.5  1.079005479812622
8930.1  1.081898331642151
8932.7  1.087671279907227
8935.3  1.09355366230011
8937.9  1.097060918807983
8940.5  1.097845554351807
8943.1  1.097001194953919
8945.7  1.095289945602417
8948.3  1.09232497215271
8950.9  1.087386965751648
8953.5  1.080532073974609
8956.1  1.072176098823547
8958.7  1.061900734901428
8961.3  1.049371242523193
8963.9  1.037077188491821
8966.5  1.030063986778259
8969.1  1.031089544296265
8971.7  1.037006378173828
8974.3  1.040809392929077
8976.9  1.03554904460907
8979.5  1.015404343605042
8982.1  0.9758135080337524
8984.7  0.9175054430961608
8987.3  0.8528507351875305
8989.9  0.8045512437820434
8992.5  0.7906692624092102
8995.1  0.8081928491592407
8997.7  0.8343377113342285
9000.3  0.8452234268188476
9002.9  0.8317540287971496
9005.5  0.8002721071243286
9008.1  0.7637308239936828
9010.7  0.7334135770797729
9013.3  0.7150778770446777
9015.9  0.7092010974884033
9018.5  0.714174211025238
9021.1  0.7303214073181152
9023.7  0.7603556513786315
9026.3  0.8044208884239196
9028.9  0.8557847142219543
9031.5  0.9039614796638488
9034.1  0.9418553113937377
9036.7  0.9687716364860534
9039.3  0.9878821969032287
9041.9  1.002640724182129
9044.5  1.01518988609314
9047.1  1.026569366455078
9049.7  1.037150025367737
9052.3  1.046267747879028
9054.9  1.051982522010803
9057.5  1.052683711051941
9060.1  1.049291372299194
9062.7  1.044403553009033
9065.3  1.038731813430786
9067.9  1.030389428138733
9070.5  1.018669724464417
9073.1  1.006532430648804
9075.7  0.9984610080718994
9078.3  0.997581660747528
9080.9  1.00430703163147
9083.5  1.015384674072266
9086.1  1.025490880012512
9088.7  1.03219211101532
9091.3  1.037960171699524
9093.9  1.045904636383057
9096.5  1.055667757987976
9099.1  1.064509987831116
9101.7  1.070302963256836
9104.3  1.072098731994629
9106.9  1.068741798400879
9109.5  1.056714177131653
9112.1  1.030194163322449
9114.7  0.988030731678009
9117.3  0.9434331655502319
9119.9  0.9205910563468933
9122.5  0.9341211915016174
9125.1  0.9738408923149108
9127.7  1.014020442962647
9130.3  1.035001993179321
9132.9  1.034747838973999
9135.5  1.025400161743164
9138.1  1.021739363670349
9140.7  1.028582811355591
9143.3  1.035737276077271
9145.9  1.025694012641907
9148.5  0.9890418052673339
9151.1  0.9358870387077331
9153.7  0.8935892581939697
9156.3  0.8884446620941162
9158.9  0.9245522022247314
9161.5  0.9811949729919433
9164.1  1.031607866287232
9166.7  1.061819314956665
9169.3  1.072974324226379
9171.9  1.072587132453919
9174.5  1.067015290260315
9177.1  1.059388518333435
9179.7  1.050961375236511
9182.3  1.043071985244751
9184.9  1.037737965583801
9187.5  1.036348938941956
9190.1  1.038218140602112
9192.7  1.040684580802918
9195.3  1.040630578994751
9197.9  1.035930991172791
9200.5  1.02593207359314
9203.1  1.011074304580689
9205.7  0.9920852780342102
9208.3  0.9693422317504882
9210.9  0.9428737163543701
9213.5  0.9127373099327087
9216.1  0.8791924118995666
9218.7  0.8427128791809082
9221.3  0.8047134280204772
9223.9  0.7691800594329833
9226.5  0.7432546019554138
9229.1  0.7343958616256713
9231.7  0.7452537417411804
9234.3  0.7711771726608276
9236.9  0.8027392029762268
9239.5  0.8307868838310241
9242.1  0.8511049151420593
9244.7  0.8666638135910034
9247.3  0.8844091892242431
9249.9  0.9073430895805358
9252.5  0.9303506612777709
9255.1  0.9454854726791381
9257.7  0.9505872130393981
9260.3  0.9517440795898437
9262.9  0.9580295085906982
9265.5  0.9735703468322753
9268.1  0.9933364391326904
9270.7  1.006152272224426
9273.3  1.002967715263367
9275.9  0.9843391180038452
9278.5  0.9613715410232543
9281.1  0.9483448863029479
9283.7  0.9512978196144104
9286.3  0.9629316329956054
9288.9  0.9700108766555786
9291.5  0.9653558135032653
9294.1  0.9517129659652709
9296.7  0.9365028738975524
9299.3  0.926759123802185
9301.9  0.9268448948860168
9304.5  0.9334633946418762
9307.1  0.9302773475646972
9309.7  0.8928155899047851
9312.3  0.805363655090332
9314.9  0.6791667342185974
9317.5  0.5570153594017028
9320.1  0.4941884279251099
9322.7  0.5228965878486633
9325.3  0.6263748407363891
9327.9  0.7474024891853332
9330.5  0.8271960020065307
9333.1  0.840530514717102
9335.7  0.7986592054367065
9338.3  0.7290146350860595
9340.9  0.6605536341667175
9343.5  0.6187224388122558
9346.1  0.6145050525665283
9348.7  0.6352426409721374
9351.3  0.658928632736206
9353.9  0.6784297823905944
9356.5  0.703065276145935
9359.1  0.7392315864562988
9361.7  0.7777163386344909
9364.3  0.8014501333236694
9366.9  0.8034917116165161
9369.5  0.7959958910942077
9372.1  0.7973910570144653
9374.7  0.8095171451568603
9377.3  0.8136142492294311
9379.9  0.7936636209487915
9382.5  0.7586742043495178
9385.1  0.7372212409973144
9387.7  0.7529718875885009
9390.3  0.8064386248588562
9392.9  0.8772134184837341
9395.5  0.9404038190841674
9398.1  0.9801804423332214
9400.7  0.9913421273231506
9403.3  0.9751770496368408
9405.9  0.9388583898544311
9408.5  0.8970446586608886
9411.1  0.8675662875175476
9413.7  0.8595588207244873
9416.3  0.8670539259910583
9418.9  0.874613881111145
9421.5  0.8664168119430541
9424.1  0.8352248072624206
9426.7  0.7935137152671813
9429.3  0.771059513092041
9431.9  0.7866098284721374
9434.5  0.8238004446029663
9437.1  0.8479454517364501
9439.7  0.844307005405426
9442.3  0.8278367519378662
9444.9  0.817832589149475
9447.5  0.8169441223144531
9450.1  0.8160653710365295
9452.7  0.8069536685943603
9455.3  0.7843087911605834
9457.9  0.7425244450569152
9460.5  0.679248571395874
9463.1  0.6083587408065795
9465.7  0.5646771788597106
9468.3  0.5799754858016967
9470.9  0.6478384137153625
9473.5  0.7242005467414855
9476.1  0.7702406048774719
9478.7  0.7874889373779296
9481.3  0.8060945272445678
9483.9  0.8442679047584533
9486.5  0.8865518569946289
9489.1  0.9035069346427917
9491.7  0.8852735161781311
9494.3  0.8491320013999938
9496.9  0.8197380304336547
9499.5  0.8129936456680297
9502.1  0.8347629904747009
9504.7  0.8780848383903503
9507.3  0.9171409010887145
9509.9  0.9157837033271789
9512.5  0.8513067364692687
9515.1  0.7357715964317321
9517.7  0.6175575852394104
9520.3  0.5550452470779418
9522.9  0.576005220413208
9525.5  0.6581533551216125
9528.1  0.7509208917617797
9530.7  0.814206838607788
9533.3  0.8364516496658325
9535.9  0.8259405493736267
9538.5  0.7959738969802856
9541.1  0.7589033246040344
9543.7  0.725722312927246
9546.3  0.7039214968681335
9548.9  0.6947492957115173
9551.5  0.695682406425476
9554.1  0.7059928178787231
9556.7  0.7265998721122741
9559.3  0.7530519366264343
9561.9  0.7717772722244262
9564.5  0.769162118434906
9567.1  0.7480580806732177
9569.7  0.7320650815963745
9572.3  0.7452953457832336
9574.9  0.7864884734153747
9577.5  0.8304211497306823
9580.1  0.855615496635437
9582.7  0.8614284396171569
9585.3  0.8574101328849792
9587.9  0.8500341176986694
9590.5  0.845176339149475
9593.1  0.8515641093254089
9595.7  0.8708371520042419
9598.3  0.8876404166221618
9600.9  0.8788039684295654
9603.5  0.8336735963821411
9606.1  0.758674144744873
9608.7  0.6626666784286499
9611.3  0.5550221800804138
9613.9  0.4651672244071961
9616.5  0.4425443708896637
9619.1  0.5161886811256408
9621.7  0.6602711677551269
9624.3  0.8127821087837219
9626.9  0.9251093864440917
9629.5  0.9877634048461914
9632.1  1.017752051353455
9634.7  1.03598964214325
9637.3  1.055429458618164
9639.9  1.077815771102905
9642.5  1.095106840133667
9645.1  1.096609473228455
9647.7  1.076825261116028
9650.3  1.036669135093689
9652.9  0.9797316789627075
9655.5  0.9115743041038513
9658.1  0.8455419540405273
9660.7  0.8060672283172607
9663.3  0.8163116574287414
9665.9  0.8764516115188598
9668.5  0.9591009020805358
9671.1  1.029912829399109
9673.7  1.069362759590149
9676.3  1.077817440032959
9678.9  1.070168614387512
9681.5  1.066357612609863
9684.1  1.078228950500488
9686.7  1.101718783378601
9689.3  1.122763395309448
9691.9  1.12873113155365
9694.5  1.114389657974243
9697.1  1.084388852119446
9699.7  1.054495453834534
9702.3  1.044545531272888
9704.9  1.062966942787171
9707.5  1.099498271942139
9710.1  1.135973572731018
9712.7  1.16078782081604
9715.3  1.171633839607239
9717.9  1.170364737510681
9720.5  1.160223484039307
9723.1  1.146213889122009
9725.7  1.13331937789917
9728.3  1.122359275817871
9730.9  1.110310554504395
9733.5  1.097171187400818
9736.1  1.089940905570984
9738.7  1.095994710922241
9741.3  1.114294052124023
9743.9  1.136139154434204
9746.5  1.152418732643128
9749.1  1.157830595970154
9751.7  1.150380730628967
9754.3  1.129097580909729
9756.9  1.088805913925171
9759.5  1.013919353485107
9762.1  0.884144127368927
9764.7  0.6992192268371582
9767.3  0.5013912320137023
9769.9  0.3633283376693726
9772.5  0.3432388305664063
9775.1  0.4463270604610443
9777.7  0.6242881417274475
9780.3  0.8090313076972961
9782.9  0.9519117474555969
9785.5  1.041494131088257
9788.1  1.093943953514099
9790.7  1.130385875701904
9793.3  1.160959482192993
9795.9  1.184917569160462
9798.5  1.1994389295578
9801.1  1.205288171768189
9803.7  1.206174492835999
9806.3  1.205721616744995
9808.9  1.205549716949463
9811.5  1.205262899398804
9814.1  1.204043388366699
9816.7  1.202017188072205
9819.3  1.199900984764099
9821.9  1.198155522346497
9824.5  1.197202324867249
9827.1  1.197928667068482
9829.7  1.201091051101685
9832.3  1.206393599510193
9834.9  1.212574005126953
9837.5  1.218043565750122
9840.1  1.221269249916077
9842.7  1.221240758895874
9845.3  1.218281269073486
9847.9  1.214122176170349
9850.5  1.210666537284851
9853.1  1.208747625350952
9855.7  1.208123803138733
9858.3  1.208113312721253
9860.9  1.207719206809998
9863.5  1.205680370330811
9866.1  1.201588988304138
9868.7  1.197074770927429
9871.3  1.194976091384888
9873.9  1.196851491928101
9876.5  1.201736330986023
9879.1  1.207455396652222
9881.7  1.212434530258179
9884.3  1.216142058372498
9886.9  1.218593120574951
9889.5  1.21987247467041
9892.1  1.219983220100403
9894.7  1.219218373298645
9897.3  1.218828558921814
9899.9  1.220728635787964
9902.5  1.225653767585754
9905.1  1.231774926185608
9907.7  1.234937429428101
9910.3  1.228188157081604
9912.9  1.197790861129761
9915.5  1.120482802391052
9918.1  0.9734196066856384
9920.7  0.7588497996330261
9923.3  0.5216506719589233
9925.9  0.3350878953933716
9928.5  0.262995570898056
9931.1  0.3295946717262268
9933.7  0.5111074447631835
9936.3  0.7462531924247741
9938.9  0.9647201299667358
9941.5  1.121530532836914
9944.1  1.210978388786316
9946.7  1.252650737762451
9949.3  1.269683241844177
9951.9  1.277302742004395
9954.5  1.281779885292053
9957.1  1.283854007720947
9959.7  1.282785534858704
9962.3  1.279016375541687
9964.9  1.274350881576538
9967.5  1.270855903625488
9970.1  1.269922256469727
9972.7  1.27170205116272
9975.3  1.27473258972168
9977.9  1.276380300521851
9980.5  1.274397730827332
9983.1  1.267340540885925
9985.7  1.25134027004242
9988.3  1.213820338249207
9990.9  1.130952477455139
9993.5  0.9788273572921752
9996.1  0.7577053308486938
