3501.3  0.
3503.9  0.
3506.5  0.
3509.1  0.
3511.7  0.
3514.3  0.
3516.9  0.
3519.5  0.
3522.1  0.
3524.7  0.
3527.3  0.
3529.9  0.
3532.5  0.
3535.1  0.
3537.7  0.
3540.3  0.
3542.9  0.
3545.5  0.
3548.1  0.
3550.7  0.
3553.3  0.
3555.9  0.
3558.5  0.
3561.1  0.
3563.7  0.
3566.3  0.
3568.9  0.
3571.5  0.
3574.1  0.
3576.7  0.
3579.3  0.
3581.9  0.
3584.5  0.
3587.1  0.
3589.7  0.
3592.3  0.
3594.9  0.
3597.5  0.
3600.1  0.
3602.7  0.
3605.3  0.
3607.9  0.
3610.5  0.
3613.1  0.
3615.7  0.
3618.3  0.
3620.9  0.
3623.5  0.
3626.1  0.
3628.7  0.
3631.3  0.
3633.9  0.
3636.5  0.
3639.1  0.
3641.7  0.
3644.3  0.
3646.9  0.
3649.5  0.
3652.1  0.
3654.7  0.
3657.3  0.
3659.9  0.
3662.5  0.
3665.1  0.
3667.7  0.
3670.3  0.
3672.9  0.
3675.5  0.
3678.1  0.
3680.7  0.
3683.3  0.
3685.9  0.
3688.5  0.
3691.1  0.
3693.7  0.
3696.3  0.
3698.9  0.
3701.5  0.
3704.1  0.
3706.7  0.
3709.3  0.
3711.9  0.
3714.5  0.
3717.1  0.
3719.7  0.
3722.3  0.
3724.9  0.
3727.5  0.
3730.1  0.
3732.7  0.
3735.3  0.
3737.9  0.
3740.5  0.
3743.1  0.
3745.7  0.
3748.3  0.
3750.9  0.
3753.5  0.
3756.1  0.
3758.7  0.
3761.3  0.
3763.9  0.
3766.5  0.
3769.1  0.
3771.7  0.
3774.3  0.
3776.9  0.
3779.5  0.
3782.1  0.
3784.7  0.
3787.3  0.
3789.9  0.
3792.5  0.
3795.1  7.767566E-5
3797.7  8.685021E-5
3800.3  1.044580E-4
3802.9  1.530696E-4
3805.5  1.964111E-4
3808.1  2.496855E-4
3810.7  -2.264927E-4
3813.3  -3.259103E-4
3815.9  2.014541E-4
3818.5  -2.611199E-4
3821.1  -4.658840E-4
3823.7  2.393843E-4
3826.3  -0.001141514
3828.9  -8.766804E-4
3831.5  -0.001123126
3834.1  -6.528104E-4
3836.7  -8.223573E-5
3839.3  1.447039E-4
3841.9  -5.074083E-4
3844.5  -2.904955E-4
3847.1  -1.209257E-4
3849.7  -7.241000E-4
3852.3  -6.581866E-4
3854.9  -4.728412E-4
3857.5  4.565016E-4
3860.1  2.381754E-4
3862.7  -7.319099E-4
3865.3  -8.618909E-4
3867.9  -1.873450E-4
3870.5  -0.001002049
3873.1  1.329336E-4
3875.7  -5.573974E-5
3878.3  1.190059E-4
3880.9  3.943541E-4
3883.5  -3.830528E-4
3886.1  -2.576031E-4
3888.7  -5.378695E-4
3891.3  -9.954932E-5
3893.9  -1.712749E-4
3896.5  4.790525E-4
3899.1  5.754813E-4
3901.7  -3.720479E-4
3904.3  -7.641965E-4
3906.9  8.115669E-4
3909.5  -1.314630E-4
3912.1  -5.655863E-4
3914.7  -7.210410E-4
3917.3  -2.145156E-4
3919.9  -1.826244E-6
3922.5  -8.856110E-4
3925.1  1.776597E-5
3927.7  4.409470E-4
3930.3  7.086636E-4
3932.9  3.702703E-4
3935.5  2.767226E-4
3938.1  4.768058E-4
3940.7  9.084565E-5
3943.3  3.781109E-4
3945.9  -2.150506E-4
3948.5  -2.865023E-4
3951.1  -3.923816E-4
3953.7  -2.196886E-4
3956.3  5.110217E-5
3958.9  1.701835E-4
3961.5  -7.442590E-4
3964.1  -6.966829E-4
3966.7  -6.513534E-4
3969.3  3.476681E-4
3971.9  -4.167915E-4
3974.5  -8.142400E-4
3977.1  1.682838E-4
3979.7  -7.323847E-4
3982.3  -3.392204E-4
3984.9  6.929415E-4
3987.5  -8.117994E-4
3990.1  -1.183467E-4
3992.7  -1.230243E-4
3995.3  -6.465949E-4
3997.9  -1.500178E-4
4000.5  5.040883E-4
4003.1  3.333762E-4
4005.7  -1.618360E-4
4008.3  -3.797192E-4
4010.9  9.283191E-4
4013.5  -2.707575E-4
4016.1  -3.136638E-5
4018.7  5.522022E-4
4021.3  -6.654155E-4
4023.9  1.265445E-4
4026.5  -7.323706E-4
4029.1  -6.036091E-7
4031.7  -0.001231553
4034.3  1.172636E-4
4036.9  7.982610E-5
4039.5  4.187410E-5
4042.1  -2.760876E-4
4044.7  -0.001496742
4047.3  -1.905759E-5
4049.9  1.426735E-4
4052.5  -1.038469E-4
4055.1  1.444832E-4
4057.7  -4.276615E-4
4060.3  -9.462854E-4
4062.9  -8.859510E-4
4065.5  -5.672132E-4
4068.1  2.078108E-4
4070.7  2.288168E-4
4073.3  -8.645230E-5
4075.9  2.081236E-4
4078.5  -0.001248968
4081.1  -4.245256E-4
4083.7  -2.166901E-4
4086.3  -9.901552E-4
4088.9  -0.001490984
4091.5  -6.797326E-4
4094.1  3.378298E-5
4096.7  -0.001018415
4099.3  3.540111E-4
4101.9  2.934655E-4
4104.5  3.656672E-4
4107.1  -0.001137053
4109.7  1.643556E-4
4112.3  5.077229E-4
4114.9  -6.705039E-4
4117.5  5.057381E-4
4120.1  -5.678032E-4
4122.7  1.728595E-4
4125.3  -2.548792E-4
4127.9  -0.001275556
4130.5  -9.013198E-4
4133.1  -4.193442E-4
4135.7  -6.831840E-4
4138.3  -0.00121871
4140.9  -2.648815E-4
4143.5  -0.001000538
4146.1  -3.146861E-4
4148.7  -0.001216892
4151.3  -0.001568357
4153.9  8.158174E-4
4156.5  8.628625E-4
4159.1  -0.001586622
4161.7  -3.422908E-4
4164.3  2.420706E-4
4166.9  -1.961592E-5
4169.5  0.001215336
4172.1  -3.390289E-4
4174.7  -2.022086E-4
4177.3  -0.001815115
4179.9  -5.150650E-4
4182.5  1.733824E-4
4185.1  4.961900E-4
4187.7  -4.829455E-5
4190.3  1.797130E-4
4192.9  -1.023615E-4
4195.5  2.486366E-4
4198.1  2.733337E-4
4200.7  -0.001037558
4203.3  -3.566489E-4
4205.9  -7.183477E-4
4208.5  5.312888E-4
4211.1  -0.001207152
4213.7  -3.437725E-4
4216.3  -0.001121485
4218.9  0.001034298
4221.5  8.241814E-6
4224.1  -3.681134E-4
4226.7  -0.001508366
4229.3  8.798460E-4
4231.9  2.405405E-4
4234.5  -8.164789E-4
4237.1  -7.388105E-4
4239.7  7.528219E-4
4242.3  4.114189E-4
4244.9  6.849722E-4
4247.5  4.219086E-4
4250.1  -2.973679E-4
4252.7  -2.314530E-4
4255.3  -4.584096E-4
4257.9  -7.237918E-4
4260.5  -0.001344174
4263.1  0.001001201
4265.7  -0.001425574
4268.3  -0.001367372
4270.9  -5.038398E-4
4273.5  5.606320E-4
4276.1  0.009405697
4278.7  0.006507367
4281.3  0.00813627
4283.9  0.01351341
4286.5  2.690046E-4
4289.1  0.005407924
4291.7  0.00345032
4294.3  -6.139652E-4
4296.9  0.001764524
4299.5  5.424707E-4
4302.1  -0.001351863
4304.7  -6.322690E-4
4307.3  -0.00117047
4309.9  6.271761E-4
4312.5  -4.853233E-4
4315.1  -0.002101277
4317.7  -8.380792E-4
4320.3  -0.004206935
4322.9  -1.226544E-4
4325.5  -8.611261E-4
4328.1  7.194638E-4
4330.7  -0.001145565
4333.3  -0.001567994
4335.9  0.001351775
4338.5  -6.681940E-4
4341.1  -7.935892E-4
4343.7  0.001323537
4346.3  0.002292622
4348.9  8.751542E-4
4351.5  -0.001638994
4354.1  -0.001290967
4356.7  -0.003176974
4359.3  -0.001250726
4361.9  -2.321357E-4
4364.5  -9.539206E-4
4367.1  -4.463683E-4
4369.7  -0.002144858
4372.3  5.018652E-4
4374.9  -0.001505771
4377.5  4.012480E-4
4380.1  0.001455947
4382.7  -9.548423E-4
4385.3  -0.004082533
4387.9  6.620458E-4
4390.5  -0.004673045
4393.1  -0.001321982
4395.7  -5.419542E-4
4398.3  -0.001073827
4400.9  -5.117066E-5
4403.5  -0.004595285
4406.1  -0.001477294
4408.7  -0.003997771
4411.3  -0.0035107
4413.9  -9.042880E-4
4416.5  2.738770E-4
4419.1  4.695913E-4
4421.7  5.622141E-4
4424.3  -0.001088608
4426.9  -0.002865179
4429.5  5.942144E-4
4432.1  -0.003248534
4434.7  -0.002768913
4437.3  -0.001117456
4439.9  -0.002028571
4442.5  -0.002580226
4445.1  -8.857202E-4
4447.7  0.002853025
4450.3  4.307195E-4
4452.9  0.001516467
4455.5  -0.003866541
4458.1  0.001559898
4460.7  -0.003285695
4463.3  -0.001647844
4465.9  -0.006542992
4468.5  -0.001945659
4471.1  -0.002021434
4473.7  -0.001106716
4476.3  -0.004716784
4478.9  -0.002234157
4481.5  8.066648E-5
4484.1  -0.001161073
4486.7  -0.00226152
4489.3  -8.241999E-4
4491.9  -0.009267813
4494.5  -0.001890985
4497.1  -0.00292222
4499.7  -3.727228E-4
4502.3  -0.001215204
4504.9  0.002190995
4507.5  -0.01074101
4510.1  -0.01046985
4512.7  -0.008902842
4515.3  -0.009060229
4517.9  -0.007915532
4520.5  0.003022908
4523.1  -7.126742E-4
4525.7  -0.002878864
4528.3  -0.004715438
4530.9  -0.009712428
4533.5  -0.01143273
4536.1  0.003983504
4538.7  0.004838261
4541.3  -0.001578935
4543.9  0.004282719
4546.5  -0.01090769
4549.1  -0.008286984
4551.7  -0.01485229
4554.3  -0.009137603
4556.9  0.007621394
4559.5  -2.029763E-4
4562.1  0.006419939
4564.7  -0.003020434
4567.3  -0.01478476
4569.9  0.0019597
4572.5  -0.0281904
4575.1  -0.01350971
4577.7  0.02625807
4580.3  0.05402957
4582.9  -0.02397407
4585.5  0.001586136
4588.1  -0.06596326
4590.7  -0.1338468
4593.3  6.084211
4595.9  -0.1349921
4598.5  -0.06538231
4601.1  0.04982375
4603.7  -0.004221931
4606.3  -0.01182178
4608.9  -0.006348218
4611.5  0.006446047
4614.1  -0.01266047
4616.7  -0.01096111
4619.3  -6.272172E-4
4621.9  0.02289028
4624.5  -0.01040692
4627.1  0.006974113
4629.7  0.007908549
4632.3  0.01431184
4634.9  -0.003732305
4637.5  0.01766524
4640.1  0.01052535
4642.7  0.002581932
4645.3  -0.00152727
4647.9  8.550063E-4
4650.5  0.01220396
4653.1  0.005449192
4655.7  -0.005990262
4658.3  -0.001383231
4660.9  -0.002917421
4663.5  0.001579784
4666.1  -4.404706E-4
4668.7  -0.003764472
4671.3  0.001817664
4673.9  0.003108178
4676.5  0.002848249
4679.1  0.002838027
4681.7  0.002769337
4684.3  0.005645266
4686.9  0.002928302
4689.5  0.007812835
4692.1  0.008317581
4694.7  0.008497833
4697.3  0.003664838
4699.9  0.01216676
4702.5  0.009103737
4705.1  0.01153174
4707.7  0.01226954
4710.3  0.01385235
4712.9  0.01587959
4715.5  0.01599715
4718.1  0.01423423
4720.7  0.01867134
4723.3  0.02099231
4725.9  0.02782073
4728.5  0.02611435
4731.1  0.02492966
4733.7  0.03170449
4736.3  0.03596662
4738.9  0.04363486
4741.5  0.04394694
4744.1  0.04191237
4746.7  0.05702053
4749.3  0.06804981
4751.9  0.07190334
4754.5  0.06780619
4757.1  0.06727881
4759.7  0.07339988
4762.3  0.08500953
4764.9  0.1007824
4767.5  0.1117184
4770.1  0.1085124
4772.7  0.1271078
4775.3  0.1374006
4777.9  0.1381492
4780.5  0.1526143
4783.1  0.1480074
4785.7  0.1670827
4788.3  0.1676734
4790.9  0.1594002
4793.5  0.1745446
4796.1  0.1830517
4798.7  0.2039862
4801.3  0.217826
4803.9  0.2124686
4806.5  0.2104635
4809.1  0.2289183
4811.7  0.2544661
4814.3  0.2670951
4816.9  0.2619984
4819.5  0.2811806
4822.1  0.293463
4824.7  0.3042418
4827.3  0.3444896
4829.9  0.3366827
4832.5  0.3449489
4835.1  0.3610915
4837.7  0.3542005
4840.3  0.3829926
4842.9  0.3995543
4845.5  0.4040731
4848.1  0.3777556
4850.7  0.3451462
4853.3  0.329894
4855.9  0.2869299
4858.5  0.2937696
4861.1  0.3081452
4863.7  0.3365008
4866.3  0.418929
4868.9  0.4180623
4871.5  0.4572661
4874.1  0.4784799
4876.7  0.4524983
4879.3  0.5171522
4881.9  0.5148802
4884.5  0.4991369
4887.1  0.5019234
4889.7  0.5133351
4892.3  0.561161
4894.9  0.5599329
4897.5  0.5793628
4900.1  0.6512074
4902.7  0.613033
4905.3  0.6151378
4907.9  0.611659
4910.5  0.6609701
4913.1  0.6665123
4915.7  0.6538742
4918.3  0.665094
4920.9  0.6661975
4923.5  0.7656056
4926.1  0.7358075
4928.7  0.7614643
4931.3  0.747871
4933.9  0.7825114
4936.5  0.80773
4939.1  0.7718452
4941.7  0.7645726
4944.3  0.7691752
4946.9  0.8033834
4949.5  0.8081729
4952.1  0.7730896
4954.7  0.8053157
4957.3  0.781446
4959.9  0.7542221
4962.5  0.7912323
4965.1  0.7980911
4967.7  0.7675893
4970.3  0.8147474
4972.9  0.8052308
4975.5  0.8139217
4978.1  0.8115744
4980.7  0.8719391
4983.3  0.8808573
4985.9  0.8736048
4988.5  0.8767884
4991.1  0.8665789
4993.7  0.9108441
4996.3  0.9068397
4998.9  0.9267366
5001.5  0.9379805
5004.1  0.918047
5006.7  0.9487728
5009.3  0.9511056
5011.9  0.9009163
5014.5  0.9302953
5017.1  0.9789824
5019.7  0.9452797
5022.3  0.9265594
5024.9  0.9452395
5027.5  0.9465793
5030.1  0.9498874
5032.7  0.9445819
5035.3  0.9351708
5037.9  0.9690687
5040.5  0.9724851
5043.1  0.9732136
5045.7  0.9167032
5048.3  0.9283594
5050.9  0.9736396
5053.5  0.9832755
5056.1  0.94954
5058.7  0.9493662
5061.3  1.012104
5063.9  1.054074
5066.5  1.020859
5069.1  0.9869576
5071.7  1.039871
5074.3  1.009838
5076.9  1.034535
5079.5  1.060056
5082.1  1.038402
5084.7  1.018039
5087.3  1.021429
5089.9  1.005603
5092.5  1.049786
5095.1  1.033263
5097.7  1.041438
5100.3  1.015966
5102.9  1.008998
5105.5  1.017626
5108.1  1.001443
5110.7  1.014176
5113.3  0.9820855
5115.9  1.01842
5118.5  0.9824234
5121.1  1.044904
5123.7  0.9860836
5126.3  0.9626621
5128.9  0.9857352
5131.5  1.042036
5134.1  1.023819
5136.7  0.9995897
5139.3  1.013625
5141.9  1.011886
5144.5  1.041487
5147.1  1.061476
5149.7  1.058783
5152.3  1.005605
5154.9  1.062614
5157.5  1.056515
5160.1  1.043009
5162.7  1.075266
5165.3  1.048702
5167.9  1.068087
5170.5  1.042517
5173.1  1.038545
5175.7  1.06295
5178.3  1.052268
5180.9  1.042691
5183.5  1.05053
5186.1  1.057343
5188.7  1.038493
5191.3  1.010856
5193.9  1.026735
5196.5  1.034537
5199.1  1.049063
5201.7  1.021775
5204.3  1.024652
5206.9  1.010629
5209.5  0.9990004
5212.1  1.062365
5214.7  1.059813
5217.3  1.065591
5219.9  1.031457
5222.5  1.056467
5225.1  1.069859
5227.7  1.044413
5230.3  1.027506
5232.9  1.045028
5235.5  1.076692
5238.1  1.065025
5240.7  1.064031
5243.3  1.064291
5245.9  1.066543
5248.5  1.066426
5251.1  1.065784
5253.7  1.053167
5256.3  1.034452
5258.9  1.028408
5261.5  1.004656
5264.1  1.042599
5266.7  1.061494
5269.3  1.015503
5271.9  0.9861478
5274.5  1.019078
5277.1  1.039965
5279.7  1.018853
5282.3  1.001731
5284.9  0.993716
5287.5  1.013836
5290.1  0.9934073
5292.7  0.9942552
5295.3  1.00488
5297.9  1.031786
5300.5  1.012352
5303.1  0.9927468
5305.7  0.9895586
5308.3  1.029062
5310.9  1.018594
5313.5  1.001812
5316.1  1.001663
5318.7  1.032292
5321.3  1.019462
5323.9  1.033297
5326.5  1.042562
5329.1  1.034009
5331.7  1.055041
5334.3  1.057545
5336.9  1.081073
5339.5  1.061855
5342.1  1.036807
5344.7  1.027759
5347.3  1.11059
5349.9  1.084574
5352.5  1.051446
5355.1  1.076099
5357.7  1.094226
5360.3  1.075535
5362.9  1.059872
5365.5  1.040707
5368.1  1.047775
5370.7  1.040689
5373.3  1.033375
5375.9  1.053952
5378.5  1.035264
5381.1  1.066368
5383.7  1.03348
5386.3  1.007185
5388.9  1.007794
5391.5  1.014805
5394.1  1.017971
5396.7  1.025351
5399.3  1.058375
5401.9  1.015547
5404.5  1.052326
5407.1  1.032433
5409.7  1.039942
5412.3  1.046302
5414.9  1.055161
5417.5  1.04552
5420.1  1.065831
5422.7  1.035066
5425.3  1.004335
5427.9  1.056759
5430.5  1.052857
5433.1  1.067518
5435.7  1.044353
5438.3  1.042436
5440.9  1.025633
5443.5  0.9925561
5446.1  1.003827
5448.7  1.009346
5451.3  1.002747
5453.9  0.983635
5456.5  1.005066
5459.1  0.9928179
5461.7  0.9993984
5464.3  0.9877464
5466.9  0.9779758
5469.5  0.9843392
5472.1  0.9475477
5474.7  0.9891338
5477.3  0.9746191
5479.9  0.9567145
5482.5  0.9359193
5485.1  0.9531654
5487.7  0.936702
5490.3  0.9790251
5492.9  0.955182
5495.5  0.9359584
5498.1  0.9851779
5500.7  0.9869155
5503.3  0.9795165
5505.9  0.9810984
5508.5  0.9719449
5511.1  1.011348
5513.7  1.008365
5516.3  1.041757
5518.9  1.019968
5521.5  1.022921
5524.1  1.03282
5526.7  1.035482
5529.3  1.032575
5531.9  1.034559
5534.5  1.035439
5537.1  1.017565
5539.7  0.999625
5542.3  0.9959899
5544.9  0.963353
5547.5  0.9936736
5550.1  0.9717365
5552.7  0.9831064
5555.3  0.9698346
5557.9  0.9618638
5560.5  0.9668131
5563.1  0.9311021
5565.7  0.9477305
5568.3  0.9232737
5570.9  0.9271809
5573.5  0.9047432
5576.1  0.8975005
5578.7  0.9067602
5581.3  0.8847554
5583.9  0.8762472
5586.5  0.8891702
5589.1  0.899632
5591.7  0.8733991
5594.3  0.8599051
5596.9  0.8713372
5599.5  0.858234
5602.1  0.8764372
5604.7  0.8693706
5607.3  0.8727528
5609.9  0.8882623
5612.5  0.9087989
5615.1  0.8986391
5617.7  0.9075597
5620.3  0.9351188
5622.9  0.9258124
5625.5  0.9504708
5628.1  0.9729589
5630.7  0.9760932
5633.3  0.9626415
5635.9  0.9815948
5638.5  0.9794251
5641.1  0.9902603
5643.7  1.014302
5646.3  1.017141
5648.9  1.019301
5651.5  1.008961
5654.1  1.014351
5656.7  1.0192
5659.3  1.01915
5661.9  1.028064
5664.5  1.031878
5667.1  0.9870637
5669.7  0.9897234
5672.3  0.9863839
5674.9  1.009463
5677.5  0.9852337
5680.1  0.9945713
5682.7  0.9874046
5685.3  0.9729034
5687.9  0.9769931
5690.5  0.9693063
5693.1  0.9742879
5695.7  0.9631193
5698.3  0.942632
5700.9  0.9440534
5703.5  0.9670104
5706.1  0.9313851
5708.7  0.9251752
5711.3  0.9401968
5713.9  0.95403
5716.5  0.9584783
5719.1  0.9512602
5721.7  0.9538824
5724.3  0.9668913
5726.9  0.9617988
5729.5  0.9637447
5732.1  0.9792005
5734.7  0.9892483
5737.3  0.9970167
5739.9  0.9890615
5742.5  0.973391
5745.1  0.9882221
5747.7  0.9915433
5750.3  0.9983166
5752.9  1.011076
5755.5  1.014296
5758.1  1.003924
5760.7  1.009365
5763.3  1.000409
5765.9  1.000602
5768.5  0.9977832
5771.1  0.9769485
5773.7  0.9671483
5776.3  0.9605227
5778.9  0.9546705
5781.5  0.9352314
5784.1  0.9525648
5786.7  0.9587429
5789.3  0.9485781
5791.9  0.9675709
5794.5  0.9680184
5797.1  0.9618413
5799.7  0.9412714
5802.3  0.9770766
5804.9  0.9580614
5807.5  0.9629246
5810.1  0.9484321
5812.7  0.9689729
5815.3  0.9652232
5817.9  0.9581098
5820.5  0.9755633
5823.1  0.9578176
5825.7  0.9680233
5828.3  0.9760855
5830.9  0.983604
5833.5  0.9766759
5836.1  0.9747697
5838.7  0.9820387
5841.3  0.9797612
5843.9  0.9769308
5846.5  0.9799622
5849.1  0.9892654
5851.7  1.000863
5854.3  0.9929236
5856.9  0.9974
5859.5  1.010865
5862.1  0.9978647
5864.7  1.009676
5867.3  1.005754
5869.9  0.9836211
5872.5  0.9824412
5875.1  0.9828882
5877.7  0.9812369
5880.3  0.9926072
5882.9  0.9527368
5885.5  0.9471085
5888.1  0.9279037
5890.7  0.9044232
5893.3  0.9098628
5895.9  0.9121109
5898.5  0.9421554
5901.1  0.9583803
5903.7  0.960854
5906.3  0.9574666
5908.9  0.9420371
5911.5  0.9466551
5914.1  0.9423357
5916.7  0.935191
5919.3  0.9251165
5921.9  0.937061
5924.5  0.9239289
5927.1  0.9135886
5929.7  0.9325721
5932.3  0.9283623
5934.9  0.9100012
5937.5  0.9184306
5940.1  0.9447832
5942.7  0.9231023
5945.3  0.925918
5947.9  0.9382702
5950.5  0.9379945
5953.1  0.9490521
5955.7  0.9557089
5958.3  0.9531955
5960.9  0.9609778
5963.5  0.9556674
5966.1  0.9708473
5968.7  0.9759382
5971.3  0.9785965
5973.9  0.97535
5976.5  0.9836731
5979.1  0.9845847
5981.7  0.9939996
5984.3  0.9954976
5986.9  1.005318
5989.5  0.9801629
5992.1  1.010927
5994.7  1.015028
5997.3  1.020755
5999.9  1.002939
6002.5  0.9942082
6005.1  0.9995221
6007.7  0.9932213
6010.3  0.9935431
6012.9  0.9941508
6015.5  0.9899294
6018.1  0.9874905
6020.7  0.9917328
6023.3  0.9847212
6025.9  0.9793148
6028.5  0.9768821
6031.1  0.9637619
6033.7  0.9658878
6036.3  0.9587477
6038.9  0.9670404
6041.5  0.9534591
6044.1  0.9660932
6046.7  0.9611696
6049.3  0.9574651
6051.9  0.9532005
6054.5  0.9572226
6057.1  0.9558079
6059.7  0.9402707
6062.3  0.9463143
6064.9  0.9653962
6067.5  0.9652594
6070.1  0.9548001
6072.7  0.9623877
6075.3  0.9595808
6077.9  0.9688753
6080.5  0.9668831
6083.1  0.9703957
6085.7  0.976681
6088.3  0.9744632
6090.9  0.9862514
6093.5  0.9853303
6096.1  0.9979207
6098.7  0.9831926
6101.3  0.9971834
6103.9  0.9904417
6106.5  0.9821729
6109.1  1.001742
6111.7  0.9916929
6114.3  0.9931628
6116.9  0.9938218
6119.5  0.9895286
6122.1  1.00167
6124.7  0.9930656
6127.3  0.9872233
6129.9  0.9964178
6132.5  0.9793567
6135.1  0.9682248
6137.7  0.9638497
6140.3  0.9706696
6142.9  0.9608541
6145.5  0.9670801
6148.1  0.9550925
6150.7  0.9542423
6153.3  0.9424242
6155.9  0.9332011
6158.5  0.9397077
6161.1  0.9211203
6163.7  0.920244
6166.3  0.9284726
6168.9  0.9049603
6171.5  0.9141634
6174.1  0.91847
6176.7  0.9168722
6179.3  0.9200075
6181.9  0.9192817
6184.5  0.9210536
6187.1  0.9397638
6189.7  0.9269457
6192.3  0.9273678
6194.9  0.9156392
6197.5  0.9126791
6200.1  0.9370514
6202.7  0.9323063
6205.3  0.9342498
6207.9  0.9435533
6210.5  0.962459
6213.1  0.972862
6215.7  0.9595929
6218.3  0.9623929
6220.9  0.9717274
6223.5  0.9773283
6226.1  0.9819351
6228.7  0.9799329
6231.3  0.9858817
6233.9  0.9871213
6236.5  0.9860328
6239.1  0.9982361
6241.7  0.9970503
6244.3  1.002012
6246.9  0.9987093
6249.5  1.005123
6252.1  1.003603
6254.7  1.004146
6257.3  1.004113
6259.9  1.007641
6262.5  0.9964753
6265.1  0.9806427
6267.7  1.002189
6270.3  0.9922636
6272.9  0.9715637
6275.5  0.9442739
6278.1  0.9077963
6280.7  0.9061493
6283.3  0.9209666
6285.9  0.9301111
6288.5  0.9372442
6291.1  0.9562291
6293.7  0.9745575
6296.3  0.956797
6298.9  0.9630624
6301.5  0.9882867
6304.1  0.9725944
6306.7  0.956232
6309.3  0.9542378
6311.9  0.9677101
6314.5  0.9706805
6317.1  0.961239
6319.7  0.9553044
6322.3  0.9749011
6324.9  0.9753708
6327.5  0.9689948
6330.1  0.9827471
6332.7  0.9884712
6335.3  0.9755301
6337.9  0.9704688
6340.5  0.95971
6343.1  0.961158
6345.7  0.9675949
6348.3  0.9655785
6350.9  0.972415
6353.5  0.9852481
6356.1  0.995525
6358.7  0.9865692
6361.3  0.9831811
6363.9  0.9868976
6366.5  0.9796706
6369.1  0.9828551
6371.7  0.9923503
6374.3  0.987168
6376.9  0.9927037
6379.5  1.003682
6382.1  1.004544
6384.7  1.016189
6387.3  1.016019
6389.9  1.013744
6392.5  1.021326
6395.1  1.004692
6397.7  0.994943
6400.3  1.000443
6402.9  1.002541
6405.5  1.014124
6408.1  1.015133
6410.7  1.005236
6413.3  0.9913013
6415.9  0.9993227
6418.5  1.007594
6421.1  1.013833
6423.7  1.00006
6426.3  1.000592
6428.9  0.997826
6431.5  0.9929534
6434.1  0.9979077
6436.7  0.9858072
6439.3  0.998109
6441.9  0.9905885
6444.5  0.984414
6447.1  0.9837564
6449.7  0.9807407
6452.3  0.9839785
6454.9  0.9922723
6457.5  0.985935
6460.1  0.98994
6462.7  0.984942
6465.3  0.9912235
6467.9  0.9952044
6470.5  1.000429
6473.1  0.9976739
6475.7  1.008845
6478.3  1.006321
6480.9  1.001867
6483.5  1.003107
6486.1  1.009015
6488.7  1.020033
6491.3  1.013892
6493.9  1.005587
6496.5  1.006171
6499.1  1.017905
6501.7  1.020151
6504.3  1.029619
6506.9  1.021417
6509.5  1.010866
6512.1  1.014007
6514.7  1.017832
6517.3  1.014183
6519.9  1.015698
6522.5  1.015531
6525.1  1.016531
6527.7  1.013173
6530.3  1.007356
6532.9  0.9975351
6535.5  0.9997954
6538.1  0.9926758
6540.7  0.9881546
6543.3  0.9878338
6545.9  0.9725754
6548.5  0.9637484
6551.1  0.9185315
6553.7  0.8745801
6556.3  0.8033419
6558.9  0.7596682
6561.5  0.7595593
6564.1  0.7802455
6566.7  0.8254338
6569.3  0.8830736
6571.9  0.9268414
6574.5  0.950112
6577.1  0.9624347
6579.7  0.9826624
6582.3  0.9880064
6584.9  0.998521
6587.5  0.9862867
6590.1  0.9909718
6592.7  1.001785
6595.3  0.986208
6597.9  1.002055
6600.5  0.9996097
6603.1  0.9999575
6605.7  1.011536
6608.3  1.000785
6610.9  1.004828
6613.5  0.9999834
6616.1  1.013875
6618.7  1.011315
6621.3  1.014485
6623.9  1.027859
6626.5  1.027675
6629.1  1.028343
6631.7  1.033525
6634.3  1.030885
6636.9  1.014057
6639.5  1.021899
6642.1  1.021537
6644.7  1.04474
6647.3  1.029964
6649.9  1.030696
6652.5  1.036601
6655.1  1.034646
6657.7  1.021568
6660.3  1.03055
6662.9  1.035571
6665.5  1.041417
6668.1  1.036691
6670.7  1.033417
6673.3  1.01963
6675.9  1.027446
6678.5  1.035979
6681.1  1.047046
6683.7  1.052398
6686.3  1.044464
6688.9  1.041968
6691.5  1.036547
6694.1  1.035962
6696.7  1.036783
6699.3  1.04469
6701.9  1.052519
6704.5  1.042949
6707.1  1.038675
6709.7  1.042821
6712.3  1.034127
6714.9  1.038918
6717.5  1.031314
6720.1  1.030968
6722.7  1.033583
6725.3  1.029912
6727.9  1.031679
6730.5  1.040776
6733.1  1.029606
6735.7  1.028782
6738.3  1.032304
6740.9  1.021206
6743.5  1.024185
6746.1  1.031569
6748.7  1.033281
6751.3  1.039993
6753.9  1.030832
6756.5  1.038951
6759.1  1.035713
6761.7  1.046
6764.3  1.030783
6766.9  1.024299
6769.5  1.034745
6772.1  1.046669
6774.7  1.038518
6777.3  1.043431
6779.9  1.052223
6782.5  1.039202
6785.1  1.039491
6787.7  1.043623
6790.3  1.047402
6792.9  1.05317
6795.5  1.047496
6798.1  1.043009
6800.7  1.061418
6803.3  1.051888
6805.9  1.050982
6808.5  1.048429
6811.1  1.056652
6813.7  1.05326
6816.3  1.057358
6818.9  1.044995
6821.5  1.05456
6824.1  1.058673
6826.7  1.053172
6829.3  1.048247
6831.9  1.05642
6834.5  1.053715
6837.1  1.052107
6839.7  1.051462
6842.3  1.056285
6844.9  1.050505
6847.5  1.054178
6850.1  1.051522
6852.7  1.041479
6855.3  1.040613
6857.9  1.03364
6860.5  1.016533
6863.1  0.952178
6865.7  0.8848153
6868.3  0.841911
6870.9  0.8276373
6873.5  0.8557947
6876.1  0.9036189
6878.7  0.9472466
6881.3  0.9535495
6883.9  0.9494962
6886.5  0.9452821
6889.1  0.9405965
6891.7  0.9420737
6894.3  0.9379534
6896.9  0.9437481
6899.5  0.9613289
6902.1  0.969134
6904.7  0.972037
6907.3  0.9912642
6909.9  0.9990873
6912.5  0.9974589
6915.1  1.003177
6917.7  1.01722
6920.3  1.020564
6922.9  1.015327
6925.5  1.02355
6928.1  1.02774
6930.7  1.033566
6933.3  1.031784
6935.9  1.036512
6938.5  1.035098
6941.1  1.037584
6943.7  1.042831
6946.3  1.04161
6948.9  1.052777
6951.5  1.043617
6954.1  1.042432
6956.7  1.034462
6959.3  1.043932
6961.9  1.058467
6964.5  1.052124
6967.1  1.061616
6969.7  1.067492
6972.3  1.058931
6974.9  1.058998
6977.5  1.066581
6980.1  1.059904
6982.7  1.054041
6985.3  1.05423
6987.9  1.058239
6990.5  1.056588
6993.1  1.048484
6995.7  1.054909
6998.3  1.05269
7000.9  1.047295
7003.5  1.054035
7006.1  1.053195
7008.7  1.051332
7011.3  1.062794
7013.9  1.058712
7016.5  1.041111
7019.1  1.065814
7021.7  1.056883
7024.3  1.047239
7026.9  1.054
7029.5  1.058461
7032.1  1.059012
7034.7  1.052847
7037.3  1.054813
7039.9  1.054666
7042.5  1.051578
7045.1  1.063366
7047.7  1.062462
7050.3  1.057365
7052.9  1.054447
7055.5  1.054188
7058.1  1.039151
7060.7  1.029472
7063.3  1.028824
7065.9  1.031482
7068.5  1.057021
7071.1  1.054283
7073.7  1.051564
7076.3  1.066247
7078.9  1.046105
7081.5  1.050913
7084.1  1.068543
7086.7  1.054201
7089.3  1.050228
7091.9  1.056716
7094.5  1.055919
7097.1  1.070673
7099.7  1.053806
7102.3  1.048074
7104.9  1.062824
7107.5  1.068382
7110.1  1.059401
7112.7  1.057159
7115.3  1.052436
7117.9  1.050561
7120.5  1.054456
7123.1  1.051911
7125.7  1.055865
7128.3  1.056404
7130.9  1.050448
7133.5  1.055418
7136.1  1.055647
7138.7  1.060454
7141.3  1.054232
7143.9  1.050115
7146.5  1.054802
7149.1  1.048781
7151.7  1.041943
7154.3  1.046552
7156.9  1.05131
7159.5  1.053402
7162.1  1.044284
7164.7  1.042959
7167.3  1.043418
7169.9  1.033822
7172.5  1.033629
7175.1  1.031914
7177.7  1.034547
7180.3  1.025333
7182.9  1.014413
7185.5  1.015929
7188.1  1.02828
7190.7  1.021374
7193.3  1.027285
7195.9  1.023206
7198.5  1.024101
7201.1  1.023834
7203.7  1.033643
7206.3  1.035116
7208.9  1.040033
7211.5  1.046687
7214.1  1.043561
7216.7  1.043013
7219.3  1.029079
7221.9  1.022587
7224.5  1.033776
7227.1  1.027936
7229.7  1.028525
7232.3  1.026383
7234.9  1.033941
7237.5  1.036263
7240.1  1.038728
7242.7  1.043731
7245.3  1.038363
7247.9  1.036188
7250.5  1.037253
7253.1  1.034352
7255.7  1.047097
7258.3  1.040058
7260.9  1.051787
7263.5  1.044225
7266.1  1.044557
7268.7  1.037712
7271.3  1.029712
7273.9  1.041783
7276.5  1.038923
7279.1  1.03448
7281.7  1.028371
7284.3  1.031008
7286.9  1.041262
7289.5  1.04107
7292.1  1.033152
7294.7  1.022182
7297.3  1.03059
7299.9  1.040067
7302.5  1.038319
7305.1  1.024888
7307.7  1.022797
7310.3  1.024179
7312.9  1.027297
7315.5  1.018303
7318.1  1.036993
7320.7  1.043596
7323.3  1.036459
7325.9  1.032648
7328.5  1.018939
7331.1  1.022685
7333.7  1.021213
7336.3  1.026351
7338.9  1.030043
7341.5  1.025195
7344.1  1.021333
7346.7  1.018013
7349.3  1.018799
7351.9  1.02265
7354.5  1.008908
7357.1  1.000007
7359.7  1.001502
7362.3  1.006677
7364.9  1.013418
7367.5  1.001234
7370.1  1.005819
7372.7  1.015281
7375.3  1.014093
7377.9  1.009709
7380.5  1.013358
7383.1  1.0134
7385.7  1.005788
7388.3  1.002998
7390.9  1.012974
7393.5  1.010877
7396.1  1.008524
7398.7  1.013191
7401.3  1.007767
7403.9  1.003798
7406.5  1.013292
7409.1  1.016509
7411.7  1.0131
7414.3  1.009723
7416.9  0.9989301
7419.5  0.9906816
7422.1  0.9983833
7424.7  0.9999596
7427.3  1.005625
7429.9  0.9967713
7432.5  1.003703
7435.1  1.007182
7437.7  1.008889
7440.3  1.007125
7442.9  1.017051
7445.5  1.016435
7448.1  1.015132
7450.7  1.011295
7453.3  1.019271
7455.9  1.014887
7458.5  1.015894
7461.1  1.017325
7463.7  1.006163
7466.3  1.010309
7468.9  1.018129
7471.5  1.014766
7474.1  1.011921
7476.7  1.00913
7479.3  1.010203
7481.9  1.014725
7484.5  1.007793
7487.1  1.017756
7489.7  1.024939
7492.3  1.020224
7494.9  1.027247
7497.5  1.027424
7500.1  1.018444
7502.7  1.013237
7505.3  1.016912
7507.9  1.010094
7510.5  1.01132
7513.1  1.013039
7515.7  1.011387
7518.3  1.020672
7520.9  1.013422
7523.5  1.02097
7526.1  1.011217
7528.7  1.008924
7531.3  1.00414
7533.9  1.012103
7536.5  1.007272
7539.1  1.006096
7541.7  0.9947564
7544.3  1.002885
7546.9  1.010287
7549.5  1.011381
7552.1  1.000802
7554.7  0.9990059
7557.3  0.9901466
7559.9  0.9946447
7562.5  1.000655
7565.1  0.9983944
7567.7  0.9944429
7570.3  0.9970803
7572.9  0.9992692
7575.5  0.9979122
7578.1  0.9926323
7580.7  0.9846718
7583.3  0.9908599
7585.9  0.9776417
7588.5  0.9169331
7591.1  0.8035137
7593.7  0.6689143
7596.3  0.5323066
7598.9  0.4140787
7601.5  0.3512143
7604.1  0.3423206
7606.7  0.3581694
7609.3  0.4196891
7611.9  0.5292108
7614.5  0.6416346
7617.1  0.6815819
7619.7  0.6933979
7622.3  0.64856
7624.9  0.6001329
7627.5  0.5654306
7630.1  0.5634762
7632.7  0.5830395
7635.3  0.5918921
7637.9  0.6137766
7640.5  0.6435192
7643.1  0.6737131
7645.7  0.701246
7648.3  0.731135
7650.9  0.7633222
7653.5  0.7823321
7656.1  0.8005431
7658.7  0.8214569
7661.3  0.8378994
7663.9  0.8522679
7666.5  0.865463
7669.1  0.8859361
7671.7  0.8989186
7674.3  0.9077889
7676.9  0.9176121
7679.5  0.9240759
7682.1  0.9311869
7684.7  0.9349776
7687.3  0.9304657
7689.9  0.935368
7692.5  0.936239
7695.1  0.929742
7697.7  0.936713
7700.3  0.9464151
7702.9  0.9425048
7705.5  0.9446437
7708.1  0.9578321
7710.7  0.9500269
7713.3  0.9447953
7715.9  0.9523899
7718.5  0.9614909
7721.1  0.94286
7723.7  0.9534837
7726.3  0.9462243
7728.9  0.9508136
7731.5  0.948714
7734.1  0.9504791
7736.7  0.9547113
7739.3  0.9492936
7741.9  0.9450403
7744.5  0.9392428
7747.1  0.9462146
7749.7  0.9508796
7752.3  0.9619212
7754.9  0.9453872
7757.5  0.9277121
7760.1  0.9434823
7762.7  0.9568357
7765.3  0.9364595
7767.9  0.9158396
7770.5  0.9066898
7773.1  0.9075651
7775.7  0.9125103
7778.3  0.9397448
7780.9  0.9477988
7783.5  0.9514378
7786.1  0.9533904
7788.7  0.9566449
7791.3  0.9669406
7793.9  0.9586311
7796.5  0.9581494
7799.1  0.9577543
7801.7  0.950923
7804.3  0.9557496
7806.9  0.9581366
7809.5  0.9549811
7812.1  0.9483997
7814.7  0.9626843
7817.3  0.9596523
7819.9  0.9687682
7822.5  0.9685271
7825.1  0.9602709
7827.7  0.9582494
7830.3  0.9702712
7832.9  0.9766785
7835.5  0.9607143
7838.1  0.9580957
7840.7  0.9660264
7843.3  0.9790643
7845.9  0.9578131
7848.5  0.9701446
7851.1  0.9747422
7853.7  0.9704857
7856.3  0.9628075
7858.9  0.9567372
7861.5  0.9617966
7864.1  0.9781284
7866.7  0.970605
7869.3  0.9702317
7871.9  0.957976
7874.5  0.9636359
7877.1  0.9676974
7879.7  0.9724318
7882.3  0.9697286
7884.9  0.9618701
7887.5  0.9669523
7890.1  0.9579334
7892.7  0.9589688
7895.3  0.9555518
7897.9  0.9537581
7900.5  0.966606
7903.1  0.966486
7905.7  0.9644492
7908.3  0.9671224
7910.9  0.9683142
7913.5  0.975414
7916.1  0.9674384
7918.7  0.9662435
7921.3  0.9560534
7923.9  0.958811
7926.5  0.9558207
7929.1  0.9611769
7931.7  0.9629483
7934.3  0.9669263
7936.9  0.9586544
7939.5  0.9580803
7942.1  0.9622459
7944.7  0.9629806
7947.3  0.9548201
7949.9  0.9563376
7952.5  0.964862
7955.1  0.9745373
7957.7  0.9682388
7960.3  0.9730521
7962.9  0.975584
7965.5  0.9682973
7968.1  0.9651704
7970.7  0.9608547
7973.3  0.9660094
7975.9  0.9736202
7978.5  0.9721137
7981.1  0.9800376
7983.7  0.9652581
7986.3  0.9594702
7988.9  0.9491346
7991.5  0.9801913
7994.1  0.9725268
7996.7  0.9563878
7999.3  0.9573255
8001.9  0.9707069
8004.5  0.9721329
8007.1  0.9708829
8009.7  0.9604338
8012.3  0.9633536
8014.9  0.9756925
8017.5  0.9640654
8020.1  0.9590769
8022.7  0.9618596
8025.3  0.939117
8027.9  0.9531308
8030.5  0.9493987
8033.1  0.951213
8035.7  0.9519922
8038.3  0.9507962
8040.9  0.9516068
8043.5  0.9491659
8046.1  0.9533157
8048.7  0.9527005
8051.3  0.9558923
8053.9  0.9590992
8056.5  0.9501221
8059.1  0.9493339
8061.7  0.958038
8064.3  0.958113
8066.9  0.9516002
8069.5  0.9400829
8072.1  0.9444574
8074.7  0.9521374
8077.3  0.9524443
8079.9  0.950662
8082.5  0.9460648
8085.1  0.9443428
8087.7  0.9433366
8090.3  0.9389821
8092.9  0.9418193
8095.5  0.9360568
8098.1  0.9393786
8100.7  0.9375238
8103.3  0.9333993
8105.9  0.9228328
8108.5  0.9265614
8111.1  0.9238831
8113.7  0.9264625
8116.3  0.9267389
8118.9  0.9309933
8121.5  0.930638
8124.1  0.9325752
8126.7  0.9368662
8129.3  0.924396
8131.9  0.9158837
8134.5  0.921806
8137.1  0.9219334
8139.7  0.9194242
8142.3  0.9292666
8144.9  0.9237101
8147.5  0.9157543
8150.1  0.9196879
8152.7  0.9209523
8155.3  0.9117684
8157.9  0.9091545
8160.5  0.8995413
8163.1  0.9148071
8165.7  0.9188398
8168.3  0.9169997
8170.9  0.9134117
8173.5  0.907528
8176.1  0.9141786
8178.7  0.9094194
8181.3  0.9128508
8183.9  0.9254412
8186.5  0.9197013
8189.1  0.9100065
8191.7  0.9176059
8194.3  0.9167286
8196.9  0.9054468
8199.5  0.9172981
8202.1  0.9334274
8204.7  0.9362491
8207.3  0.937982
8209.9  0.937204
8212.5  0.9315054
8215.1  0.935395
8217.7  0.9279866
8220.3  0.9189414
8222.9  0.9111753
8225.5  0.9092732
8228.1  0.907181
8230.7  0.9133152
8233.3  0.9252789
8235.9  0.942912
8238.5  0.9420844
8241.1  0.937159
8243.7  0.9463548
8246.3  0.9490134
8248.9  0.948911
8251.5  0.9539396
8254.1  0.9521548
8256.7  0.9435519
8259.3  0.9417427
8261.9  0.9455214
8264.5  0.9459096
8267.1  0.951821
8269.7  0.9418116
8272.3  0.949229
8274.9  0.943343
8277.5  0.935266
8280.1  0.9650203
8282.7  0.9867376
8285.3  0.9797367
8287.9  0.951322
8290.5  0.9381219
8293.1  0.9660515
8295.7  0.9603418
8298.3  0.9524801
8300.9  0.94459
8303.5  0.9340287
8306.1  0.9336901
8308.7  0.9384892
8311.3  0.9277262
8313.9  0.9388017
8316.5  0.9306567
8319.1  0.9335567
8321.7  0.9291519
8324.3  0.9230812
8326.9  0.931403
8329.5  0.9429055
8332.1  0.9344691
8334.7  0.9286333
8337.3  0.9369411
8339.9  0.9360988
8342.5  0.9243802
8345.1  0.9097114
8347.7  0.9307433
8350.3  0.9072086
8352.9  0.9396805
8355.5  0.9384533
8358.1  0.9544166
8360.7  0.9378464
8363.3  0.9480112
8365.9  0.9436797
8368.5  0.9322493
8371.1  0.9355303
8373.7  0.9314048
8376.3  0.9371871
8378.9  0.9415458
8381.5  0.937048
8384.1  0.9445559
8386.7  0.9330378
8389.3  0.9310092
8391.9  0.9456983
8394.5  0.9774076
8397.1  0.9496332
8399.7  0.9503642
8402.3  0.9364268
8404.9  0.9438605
8407.5  0.9458858
8410.1  0.9463167
8412.7  0.9498897
8415.3  0.9528362
8417.9  0.9497464
8420.5  0.9476664
8423.1  0.9732293
8425.7  0.9914345
8428.3  0.9751011
8430.9  0.9720197
8433.5  0.9527081
8436.1  0.9365748
8438.7  0.9208933
8441.3  0.9315553
8443.9  0.9422648
8446.5  0.9575337
8449.1  0.9844836
8451.7  0.9854696
8454.3  0.9803124
8456.9  0.9876283
8459.5  0.9698084
8462.1  0.9517961
8464.7  0.9673622
8467.3  0.9562126
8469.9  0.9419876
8472.5  0.966109
8475.1  0.9731219
8477.7  0.9951122
8480.3  1.00245
8482.9  1.00847
8485.5  1.011799
8488.1  1.00246
8490.7  0.9858881
8493.3  0.9554346
8495.9  0.9298156
8498.5  0.9235225
8501.1  0.932759
8503.7  0.9486384
8506.3  0.9549622
8508.9  0.9819635
8511.5  0.9916258
8514.1  0.9947727
8516.7  1.009813
8519.3  1.02298
8521.9  1.024506
8524.5  1.013783
8527.1  1.013526
8529.7  1.002141
8532.3  0.9841408
8534.9  0.9578707
8537.5  0.9295258
8540.1  0.8839606
8542.7  0.8735609
8545.3  0.8790074
8547.9  0.9036539
8550.5  0.9376208
8553.1  0.9765046
8555.7  0.9917943
8558.3  1.00201
8560.9  1.022693
8563.5  1.009893
8566.1  1.024345
8568.7  1.020409
8571.3  1.0114
8573.9  1.021559
8576.5  1.01675
8579.1  1.014491
8581.7  1.002236
8584.3  0.9829517
8586.9  0.9611244
8589.5  0.9172741
8592.1  0.892529
8594.7  0.8807122
8597.3  0.8619746
8599.9  0.8833727
8602.5  0.9168175
8605.1  0.9579273
8607.7  0.9867291
8610.3  0.9999683
8612.9  1.00211
8615.5  1.011885
8618.1  1.023171
8620.7  1.019157
8623.3  1.021853
8625.9  1.045042
8628.5  1.046408
8631.1  1.060466
8633.7  1.032724
8636.3  1.034978
8638.9  1.04712
8641.5  1.029998
8644.1  1.010579
8646.7  0.9920685
8649.3  0.9954175
8651.9  0.9773921
8654.5  0.9459745
8657.1  0.9027057
8659.7  0.8672755
8662.3  0.8469077
8664.9  0.8541374
8667.5  0.8989259
8670.1  0.9252003
8672.7  0.9496149
8675.3  0.9905006
8677.9  1.026764
8680.5  1.046624
8683.1  1.057648
8685.7  1.069625
8688.3  1.083939
8690.9  1.099806
8693.5  1.100634
8696.1  1.102415
8698.7  1.106282
8701.3  1.091158
8703.9  1.09774
8706.5  1.108294
8709.1  1.116274
8711.7  1.123577
8714.3  1.109258
8716.9  1.104371
8719.5  1.101693
8722.1  1.104218
8724.7  1.113205
8727.3  1.096167
8729.9  1.083667
8732.5  1.074305
8735.1  1.054125
8737.7  1.026916
8740.3  0.9831078
8742.9  0.9306718
8745.5  0.8908653
8748.1  0.8896036
8750.7  0.9046861
8753.3  0.9579739
8755.9  0.98777
8758.5  1.039553
8761.1  1.092097
8763.7  1.094411
8766.3  1.078967
8768.9  1.106905
8771.5  1.124982
8774.1  1.141668
8776.7  1.136322
8779.3  1.145953
8781.9  1.151527
8784.5  1.140302
8787.1  1.133968
8789.7  1.146582
8792.3  1.149818
8794.9  1.142471
8797.5  1.141022
8800.1  1.141065
8802.7  1.161619
8805.3  1.159033
8807.9  1.152801
8810.5  1.156222
8813.1  1.169201
8815.7  1.140043
8818.3  1.150706
8820.9  1.186244
8823.5  1.186394
8826.1  1.189262
8828.7  1.170941
8831.3  1.166729
8833.9  1.153593
8836.5  1.102925
8839.1  1.119715
8841.7  1.08594
8844.3  1.070684
8846.9  1.056397
8849.5  1.013877
8852.1  0.9737648
8854.7  0.93268
8857.3  0.8866283
8859.9  0.8799391
8862.5  0.8937477
8865.1  0.9300159
8867.7  0.965296
8870.3  0.9825951
8872.9  1.00666
8875.5  1.034799
8878.1  1.080052
8880.7  1.099128
8883.3  1.111317
8885.9  1.12036
8888.5  1.136303
8891.1  1.125287
8893.7  1.130878
8896.3  1.130932
8898.9  1.133545
8901.5  1.147254
8904.1  1.137722
8906.7  1.136779
8909.3  1.116374
8911.9  1.158668
8914.5  1.15009
8917.1  1.157207
8919.7  1.158889
8922.3  1.115388
8924.9  1.101611
8927.5  1.117747
8930.1  1.103047
8932.7  1.123855
8935.3  1.136111
8937.9  1.148702
8940.5  1.15351
8943.1  1.15134
8945.7  1.146321
8948.3  1.121317
8950.9  1.143747
8953.5  1.152463
8956.1  1.143322
8958.7  1.11549
8961.3  1.120884
8963.9  1.072644
8966.5  1.122106
8969.1  1.121406
8971.7  1.12427
8974.3  1.122975
8976.9  1.108986
8979.5  1.09911
8982.1  1.088774
8984.7  1.066179
8987.3  1.069947
8989.9  1.079251
8992.5  1.092323
8995.1  1.061475
8997.7  1.035096
9000.3  1.014574
9002.9  0.9774274
9005.5  0.9067458
9008.1  0.8543063
9010.7  0.8405381
9013.3  0.8296189
9015.9  0.8790727
9018.5  0.9007348
9021.1  0.961575
9023.7  0.9961215
9026.3  1.018629
9028.9  1.086079
9031.5  1.071855
9034.1  1.088253
9036.7  1.097718
9039.3  1.122467
9041.9  1.137196
9044.5  1.142252
9047.1  1.14861
9049.7  1.131723
9052.3  1.115181
9054.9  1.106242
9057.5  1.10313
9060.1  1.104388
9062.7  1.110788
9065.3  1.125298
9067.9  1.136435
9070.5  1.137006
9073.1  1.120499
9075.7  1.122699
9078.3  1.110128
9080.9  1.098074
9083.5  1.093605
9086.1  1.098822
9088.7  1.096576
9091.3  1.101237
9093.9  1.117161
9096.5  1.112277
9099.1  1.120582
9101.7  1.120325
9104.3  1.093112
9106.9  1.11035
9109.5  1.096165
9112.1  1.095168
9114.7  1.117938
9117.3  1.116151
9119.9  1.109511
9122.5  1.12358
9125.1  1.124899
9127.7  1.100617
9130.3  1.08348
9132.9  1.089992
9135.5  1.088349
9138.1  1.090354
9140.7  1.106483
9143.3  1.108042
9145.9  1.125557
9148.5  1.105291
9151.1  1.092452
9153.7  1.089155
9156.3  1.099903
9158.9  1.09593
9161.5  1.097835
9164.1  1.122154
9166.7  1.108206
9169.3  1.107335
9171.9  1.101519
9174.5  1.103712
9177.1  1.089777
9179.7  1.089159
9182.3  1.079399
9184.9  1.087042
9187.5  1.092309
9190.1  1.090915
9192.7  1.094555
9195.3  1.104101
9197.9  1.098837
9200.5  1.092162
9203.1  1.063107
9205.7  1.041933
9208.3  1.025471
9210.9  1.017512
9213.5  0.9883094
9216.1  0.9649519
9218.7  0.9289713
9221.3  0.878394
9223.9  0.8442103
9226.5  0.8451029
9229.1  0.8312902
9231.7  0.8547737
9234.3  0.8883381
9236.9  0.9339833
9239.5  0.9743276
9242.1  0.9991505
9244.7  1.028521
9247.3  1.048309
9249.9  1.058191
9252.5  1.077157
9255.1  1.051893
9257.7  1.034736
9260.3  1.009725
9262.9  1.025354
9265.5  1.042984
9268.1  1.055112
9270.7  1.080087
9273.3  1.087234
9275.9  1.086995
9278.5  1.080571
9281.1  1.058156
9283.7  1.04703
9286.3  1.042493
9288.9  1.025037
9291.5  1.058697
9294.1  1.058793
9296.7  1.060217
9299.3  1.067363
9301.9  1.080087
9304.5  1.051073
9307.1  1.069102
9309.7  0.9911751
9312.3  0.9708018
9314.9  0.9500424
9317.5  0.9461339
9320.1  0.9275389
9322.7  0.9730894
9325.3  0.9306147
9327.9  0.9378632
9330.5  0.922314
9333.1  0.9301268
9335.7  0.8984394
9338.3  0.8661368
9340.9  0.8414596
9343.5  0.852194
9346.1  0.8948424
9348.7  0.8990915
9351.3  0.9111291
9353.9  0.8990784
9356.5  0.9080902
9359.1  0.9254964
9361.7  0.9294974
9364.3  0.9551758
9366.9  1.006101
9369.5  1.067345
9372.1  1.032718
9374.7  0.9937935
9377.3  0.987685
9379.9  0.918228
9382.5  0.8634719
9385.1  0.9655713
9387.7  0.9724051
9390.3  0.9998435
9392.9  1.013062
9395.5  1.031287
9398.1  1.015599
9400.7  1.034896
9403.3  1.001492
9405.9  1.006856
9408.5  0.9825083
9411.1  1.015379
9413.7  0.9954817
9416.3  0.9852849
9418.9  0.9881764
9421.5  0.9310741
9424.1  0.9122103
9426.7  0.9023475
9429.3  0.9418971
9431.9  0.958675
9434.5  0.9877687
9437.1  0.8974225
9439.7  0.89995
9442.3  0.885326
9444.9  0.8823764
9447.5  0.9299238
9450.1  0.9373507
9452.7  0.9928765
9455.3  0.9379809
9457.9  0.9674628
9460.5  0.9573385
9463.1  0.9553936
9465.7  0.9512901
9468.3  1.049103
9470.9  1.095089
9473.5  1.021546
9476.1  1.002374
9478.7  0.9180681
9481.3  0.9208653
9483.9  0.9088262
9486.5  0.9795324
9489.1  0.9643374
9491.7  0.9545099
9494.3  0.9480095
9496.9  0.9383226
9499.5  0.9205785
9502.1  0.9407964
9504.7  0.9384032
9507.3  0.9530801
9509.9  0.9476673
9512.5  0.972473
9515.1  0.926782
9517.7  0.8912496
9520.3  0.8405914
9522.9  0.8460307
9525.5  0.8390728
9528.1  0.8671699
9530.7  0.8659395
9533.3  0.8784643
9535.9  0.8352816
9538.5  0.7861185
9541.1  0.7531407
9543.7  0.7694157
9546.3  0.7881643
9548.9  0.7967492
9551.5  0.8269922
9554.1  0.8543288
9556.7  0.8615586
9559.3  0.8996978
9561.9  0.9327586
9564.5  0.9391284
9567.1  0.9472362
9569.7  0.9640713
9572.3  0.9477517
9574.9  0.9273629
9577.5  0.944504
9580.1  0.9578134
9582.7  0.9569869
9585.3  0.9577879
9587.9  0.9739619
9590.5  0.9896708
9593.1  0.9959604
9595.7  1.002726
9598.3  0.9988661
9600.9  1.0196
9603.5  0.9817304
9606.1  0.9855816
9608.7  1.003915
9611.3  1.012112
9613.9  1.024749
9616.5  1.040557
9619.1  1.042247
9621.7  1.000401
9624.3  0.9956213
9626.9  0.9800926
9629.5  0.9989266
9632.1  0.985978
9634.7  1.000818
9637.3  1.011341
9639.9  1.013989
9642.5  1.018248
9645.1  1.022934
9647.7  1.030257
9650.3  1.017374
9652.9  1.015098
9655.5  1.025952
9658.1  1.031464
9660.7  1.039696
9663.3  1.04723
9665.9  1.043934
9668.5  1.048252
9671.1  1.045032
9673.7  1.038576
9676.3  1.026517
9678.9  1.031804
9681.5  1.04655
9684.1  1.036737
9686.7  1.025475
9689.3  1.040314
9691.9  1.059194
9694.5  1.073654
9697.1  1.059856
9699.7  1.030105
9702.3  1.011147
9704.9  0.9995892
9707.5  0.9944211
9710.1  1.025873
9712.7  1.066015
9715.3  1.062868
9717.9  1.0485
9720.5  1.021299
9723.1  0.9992018
9725.7  0.9705714
9728.3  0.9878054
9730.9  0.9967607
9733.5  0.9811713
9736.1  0.9914652
9738.7  0.9838272
9741.3  0.9863406
9743.9  0.9730363
9746.5  0.9576375
9749.1  0.9716209
9751.7  0.9726136
9754.3  0.9761166
9756.9  0.980778
9759.5  0.9634008
9762.1  0.9762492
9764.7  0.9913271
9767.3  0.9930882
9769.9  0.9841746
9772.5  0.9913737
9775.1  0.9898415
9777.7  0.9849162
9780.3  0.9890036
9782.9  1.000495
9785.5  1.080896
9788.1  1.068895
9790.7  1.042349
9793.3  1.015142
9795.9  0.9629476
9798.5  0.9072764
9801.1  0.9770349
9803.7  0.9575844
9806.3  0.9627
9808.9  0.9649168
9811.5  0.9915546
9814.1  1.004615
9816.7  0.9907363
9819.3  0.9770054
9821.9  0.9980608
9824.5  0.9872305
9827.1  0.9733496
9829.7  0.9658999
9832.3  0.9736524
9834.9  0.9693409
9837.5  0.9719242
9840.1  1.003144
9842.7  1.018042
9845.3  0.9941571
9847.9  0.9989759
9850.5  0.990414
9853.1  0.9776253
9855.7  0.9687809
9858.3  0.957438
9860.9  0.971581
9863.5  1.029131
9866.1  1.070238
9868.7  1.048347
9871.3  1.042993
9873.9  0.9963047
9876.5  0.9337101
9879.1  0.9093367
9881.7  0.9223623
9884.3  0.9354574
9886.9  0.9736153
9889.5  0.9765204
9892.1  0.9901122
9894.7  0.9847038
9897.3  0.9536932
9899.9  0.9399629
9902.5  0.9292076
9905.1  0.9637033
9907.7  0.9810696
9910.3  1.022123
9912.9  1.00207
9915.5  0.9596836
9918.1  0.9196754
9920.7  0.9345847
9923.3  0.8642529
9925.9  0.9228076
9928.5  0.9339343
9931.1  0.9326667
9933.7  0.9477919
9936.3  0.9879181
9938.9  0.9808276
9941.5  0.9715787
9944.1  1.019078
9946.7  0.9882313
9949.3  0.9256559
9951.9  0.9468933
9954.5  0.9784945
9957.1  0.9734114
9959.7  0.9373336
9962.3  0.9178281
9964.9  0.8831568
9967.5  0.8725383
9970.1  0.8910587
9972.7  0.90982
9975.3  0.9081414
9977.9  0.91642
9980.5  0.8990802
9983.1  0.8946689
9985.7  0.9029001
9988.3  0.8890311
9990.9  0.8879957
9993.5  0.8955567
9996.1  0.9073523
