3501.3  0.
3503.9  0.
3506.5  0.
3509.1  0.
3511.7  0.
3514.3  0.
3516.9  0.
3519.5  0.
3522.1  0.
3524.7  0.
3527.3  0.
3529.9  0.
3532.5  0.
3535.1  0.
3537.7  0.
3540.3  0.
3542.9  0.
3545.5  0.
3548.1  0.
3550.7  0.
3553.3  0.
3555.9  0.
3558.5  0.
3561.1  0.
3563.7  0.
3566.3  0.
3568.9  0.
3571.5  0.
3574.1  0.
3576.7  0.
3579.3  0.
3581.9  0.
3584.5  0.
3587.1  0.
3589.7  0.
3592.3  0.
3594.9  0.
3597.5  0.
3600.1  0.
3602.7  0.
3605.3  0.
3607.9  0.
3610.5  0.
3613.1  0.
3615.7  0.
3618.3  0.
3620.9  0.
3623.5  0.
3626.1  0.
3628.7  0.
3631.3  0.
3633.9  0.
3636.5  0.
3639.1  0.
3641.7  0.
3644.3  0.
3646.9  0.
3649.5  0.
3652.1  0.
3654.7  0.
3657.3  0.
3659.9  0.
3662.5  0.
3665.1  0.
3667.7  0.
3670.3  0.
3672.9  0.
3675.5  0.
3678.1  0.
3680.7  0.
3683.3  0.
3685.9  0.
3688.5  0.
3691.1  0.
3693.7  0.
3696.3  0.
3698.9  0.
3701.5  0.
3704.1  0.
3706.7  0.
3709.3  0.
3711.9  0.
3714.5  0.
3717.1  0.
3719.7  0.
3722.3  0.
3724.9  0.
3727.5  0.
3730.1  0.
3732.7  0.
3735.3  0.
3737.9  0.
3740.5  0.
3743.1  0.
3745.7  0.
3748.3  0.
3750.9  0.
3753.5  0.
3756.1  0.
3758.7  0.
3761.3  0.
3763.9  0.
3766.5  0.
3769.1  0.
3771.7  0.
3774.3  0.
3776.9  0.
3779.5  0.
3782.1  0.
3784.7  0.
3787.3  0.
3789.9  0.
3792.5  0.
3795.1  -5.182576
3797.7  -5.771551
3800.3  -6.913836
3802.9  -10.09062
3805.5  -12.8956
3808.1  -16.32714
3810.7  14.75054
3813.3  21.13897
3815.9  -13.01334
3818.5  16.79864
3821.1  29.84895
3823.7  -15.27421
3826.3  72.53561
3828.9  55.47701
3831.5  70.7777
3834.1  40.96818
3836.7  5.139329
3839.3  -9.005476
3841.9  31.44559
3844.5  17.92718
3847.1  7.431147
3849.7  44.30938
3852.3  40.10515
3854.9  28.68898
3857.5  -27.57943
3860.1  -14.32773
3862.7  43.83995
3865.3  51.40332
3867.9  11.12505
3870.5  59.24661
3873.1  -7.825617
3875.7  3.267025
3878.3  -6.944702
3880.9  -22.91202
3883.5  22.15754
3886.1  14.83522
3888.7  30.83856
3891.3  5.682287
3893.9  9.732862
3896.5  -27.10103
3899.1  -32.41031
3901.7  20.85903
3904.3  42.65183
3906.9  -45.09079
3909.5  7.27095
3912.1  31.139
3914.7  39.51641
3917.3  11.70257
3919.9  0.09916997
3922.5  47.86919
3925.1  -0.955845
3927.7  -23.61367
3930.3  -37.77365
3932.9  -19.64413
3935.5  -14.61225
3938.1  -25.05906
3940.7  -4.751951
3943.3  -19.6845
3945.9  11.14233
3948.5  14.77361
3951.1  20.13645
3953.7  11.21995
3956.3  -2.597312
3958.9  -8.607882
3961.5  37.46186
3964.1  34.89631
3966.7  32.4663
3969.3  -17.24426
3971.9  20.57099
3974.5  39.98872
3977.1  -8.223707
3979.7  35.61213
3982.3  16.41216
3984.9  -33.35781
3987.5  38.8829
3990.1  5.639842
3992.7  5.833029
3995.3  30.50144
3997.9  7.040555
4000.5  -23.53629
4003.1  -15.48551
4005.7  7.478535
4008.3  17.45605
4010.9  -42.45358
4013.5  12.31748
4016.1  1.419453
4018.7  -24.85776
4021.3  29.79574
4023.9  -5.636291
4026.5  32.44595
4029.1  0.02659839
4031.7  53.97759
4034.3  -5.111816
4036.9  -3.460977
4039.5  -1.80564
4042.1  11.8401
4044.7  63.83637
4047.3  0.808337
4049.9  -6.018116
4052.5  4.356054
4055.1  -6.026845
4057.7  17.73925
4060.3  39.03093
4062.9  36.33611
4065.5  23.13162
4068.1  -8.426511
4070.7  -9.225234
4073.3  3.465491
4075.9  -8.294639
4078.5  49.48847
4081.1  16.72329
4083.7  8.486162
4086.3  38.54946
4088.9  57.70576
4091.5  26.15191
4094.1  -1.292026
4096.7  38.71626
4099.3  -13.37734
4101.9  -11.02253
4104.5  -13.65116
4107.1  42.19014
4109.7  -6.061065
4112.3  -18.60858
4114.9  24.42284
4117.5  -18.30698
4120.1  20.42543
4122.7  -6.179257
4125.3  9.053855
4127.9  45.02372
4130.5  31.6118
4133.1  14.61357
4135.7  23.65507
4138.3  41.92514
4140.9  9.053113
4143.5  33.97332
4146.1  10.61514
4148.7  40.77823
4151.3  52.20784
4153.9  -26.97627
4156.5  -28.34091
4159.1  51.76224
4161.7  11.09142
4164.3  -7.790579
4166.9  0.6269841
4169.5  -38.57872
4172.1  10.68748
4174.7  6.330069
4177.3  56.42446
4179.9  15.89872
4182.5  -5.314028
4185.1  -15.09972
4187.7  1.459159
4190.3  -5.390762
4192.9  3.048281
4195.5  -7.350433
4198.1  -8.02142
4200.7  30.22473
4203.3  10.31249
4205.9  20.6163
4208.5  -15.13352
4211.1  34.12595
4213.7  9.644653
4216.3  31.22353
4218.9  -28.57502
4221.5  -0.2259405
4224.1  10.01296
4226.7  40.70755
4229.3  -23.55818
4231.9  -6.389501
4234.5  21.51513
4237.1  19.31211
4239.7  -19.51928
4242.3  -10.58053
4244.9  -17.4712
4247.5  -10.67262
4250.1  7.459757
4252.7  5.757671
4255.3  11.30746
4257.9  17.7022
4260.5  32.59447
4263.1  -24.06904
4265.7  33.97414
4268.3  32.30282
4270.9  11.79813
4273.5  -13.01175
4276.1  -216.3505
4278.7  -148.3378
4281.3  -183.7905
4283.9  -302.4698
4286.5  -5.965764
4289.1  -118.8212
4291.7  -75.10154
4294.3  13.23813
4296.9  -37.68519
4299.5  -11.47482
4302.1  28.32014
4304.7  13.11661
4307.3  24.04383
4309.9  -12.75615
4312.5  9.772601
4315.1  41.88661
4317.7  16.53677
4320.3  82.16133
4322.9  2.37072
4325.5  16.47101
4328.1  -13.61684
4330.7  21.45161
4333.3  29.04796
4335.9  -24.77202
4338.5  12.11158
4341.1  14.22627
4343.7  -23.46289
4346.3  -40.18663
4348.9  -15.16662
4351.5  28.07932
4354.1  21.86147
4356.7  53.17174
4359.3  20.68625
4361.9  3.793662
4364.5  15.40179
4367.1  7.11932
4369.7  33.78871
4372.3  -7.807843
4374.9  23.13191
4377.5  -6.085742
4380.1  -21.79871
4382.7  14.11032
4385.3  59.53711
4387.9  -9.526483
4390.5  66.33755
4393.1  18.51098
4395.7  7.484047
4398.3  14.62191
4400.9  0.6869238
4403.5  60.80499
4406.1  19.26421
4408.7  51.36581
4411.3  44.43626
4413.9  11.27322
4416.5  -3.362045
4419.1  -5.675181
4421.7  -6.687711
4424.3  12.74276
4426.9  32.99561
4429.5  -6.730612
4432.1  36.18217
4434.7  30.31796
4437.3  12.02512
4439.9  21.44843
4442.5  26.79679
4445.1  9.03264
4447.7  -28.56142
4450.3  -4.231456
4452.9  -14.61519
4455.5  36.54431
4458.1  -14.45319
4460.7  29.83364
4463.3  14.6568
4465.9  56.98618
4468.5  16.58628
4471.1  16.85934
4473.7  9.026475
4476.3  37.60357
4478.9  17.40121
4481.5  -0.6135014
4484.1  8.617986
4486.7  16.37279
4489.3  5.816671
4491.9  63.71857
4494.5  12.65713
4497.1  19.02914
4499.7  2.359571
4502.3  7.473198
4504.9  -13.07821
4507.5  62.17704
4510.1  58.72184
4512.7  48.3324
4515.3  47.56105
4517.9  40.13345
4520.5  -14.78596
4523.1  3.358621
4525.7  13.0538
4528.3  20.5422
4530.9  40.58448
4533.5  45.74393
4536.1  -15.23273
4538.7  -17.6456
4541.3  5.479747
4543.9  -14.1082
4546.5  34.01268
4549.1  24.38429
4551.7  41.09747
4554.3  23.68432
4556.9  -18.42155
4559.5  0.4551699
4562.1  -13.27792
4564.7  5.721472
4567.3  25.43784
4569.9  -3.031928
4572.5  38.73272
4575.1  16.22693
4577.7  -27.00808
4580.3  -46.26768
4582.9  16.40603
4585.5  -0.8130958
4588.1  22.50547
4590.7  22.76719
4593.3  4.369035
4595.9  -23.12315
4598.5  -22.33569
4601.1  25.48869
4603.7  -2.876331
4606.3  -10.05653
4608.9  -6.474012
4611.5  7.662317
4614.1  -17.18329
4616.7  -16.72178
4619.3  -1.0622
4621.9  42.60443
4624.5  -21.11227
4627.1  15.31393
4629.7  18.68568
4632.3  36.19834
4634.9  -10.06068
4637.5  50.55075
4640.1  31.86378
4642.7  8.243545
4645.3  -5.128509
4647.9  3.012058
4650.5  45.00137
4653.1  20.98917
4655.7  -24.05607
4658.3  -5.781362
4660.9  -12.67068
4663.5  7.118976
4666.1  -2.056659
4668.7  -18.18954
4671.3  9.077816
4673.9  16.02681
4676.5  15.14737
4679.1  15.55148
4681.7  15.62159
4684.3  32.75315
4686.9  17.46022
4689.5  47.83765
4692.1  52.26035
4694.7  54.75148
4697.3  24.19719
4699.9  82.26966
4702.5  63.00584
4705.1  81.64031
4707.7  88.8079
4710.3  102.4556
4712.9  119.957
4715.5  123.3672
4718.1  112.0119
4720.7  149.8611
4723.3  171.7809
4725.9  232.0136
4728.5  221.8628
4731.1  215.687
4733.7  279.2391
4736.3  322.367
4738.9  397.8665
4741.5  407.5195
4744.1  395.132
4746.7  546.3665
4749.3  662.5295
4751.9  711.1038
4754.5  680.9945
4757.1  686.0085
4759.7  759.6474
4762.3  892.7794
4764.9  1073.788
4767.5  1207.3
4770.1  1189.138
4772.7  1412.183
4775.3  1547.325
4777.9  1576.625
4780.5  1764.721
4783.1  1733.725
4785.7  1982.266
4788.3  2014.417
4790.9  1938.882
4793.5  2149.174
4796.1  2281.228
4798.7  2572.484
4801.3  2779.382
4803.9  2742.543
4806.5  2747.821
4809.1  3022.607
4811.7  3397.472
4814.3  3605.413
4816.9  3575.119
4819.5  3878.138
4822.1  4090.509
4824.7  4285.222
4827.3  4902.372
4829.9  4840.3
4832.5  5009.287
4835.1  5296.102
4837.7  5246.337
4840.3  5728.157
4842.9  6033.515
4845.5  6159.946
4848.1  5813.049
4850.7  5360.776
4853.3  5171.124
4855.9  4538.674
4858.5  4688.787
4861.1  4962.117
4863.7  5466.568
4866.3  6865.083
4868.9  6910.087
4871.5  7622.724
4874.1  8043.877
4876.7  7670.822
4879.3  8839.519
4881.9  8872.925
4884.5  8671.52
4887.1  8790.069
4889.7  9061.545
4892.3  9983.897
4894.9  10039.88
4897.5  10468.62
4900.1  11856.96
4902.7  11246.6
4905.3  11370.05
4907.9  11389.95
4910.5  12399.
4913.1  12594.37
4915.7  12445.06
4918.3  12749.44
4920.9  12861.43
4923.5  14884.77
4926.1  14405.37
4928.7  15010.91
4931.3  14844.09
4933.9  15637.32
4936.5  16250.14
4939.1  15632.02
4941.7  15587.38
4944.3  15784.26
4946.9  16593.68
4949.5  16800.45
4952.1  16174.15
4954.7  16955.42
4957.3  16556.53
4959.9  16079.61
4962.5  16973.24
4965.1  17225.63
4967.7  16668.36
4970.3  17799.44
4972.9  17697.11
4975.5  17994.65
4978.1  18048.77
4980.7  19504.88
4983.3  19818.96
4985.9  19769.21
4988.5  19954.87
4991.1  19834.59
4993.7  20965.29
4996.3  20989.92
4998.9  21569.61
5001.5  21951.66
5004.1  21602.69
5006.7  22446.97
5009.3  22623.42
5011.9  21544.24
5014.5  22364.98
5017.1  23659.57
5019.7  22964.62
5022.3  22626.78
5024.9  23202.07
5027.5  23353.96
5030.1  23554.8
5032.7  23541.51
5035.3  23423.8
5037.9  24393.74
5040.5  24600.78
5043.1  24740.1
5045.7  23417.16
5048.3  23829.76
5050.9  25112.23
5053.5  25481.91
5056.1  24724.39
5058.7  24836.36
5061.3  26601.54
5063.9  27833.44
5066.5  27080.86
5069.1  26301.64
5071.7  27838.02
5074.3  27156.36
5076.9  27945.61
5079.5  28762.96
5082.1  28300.46
5084.7  27867.8
5087.3  28083.09
5089.9  27768.3
5092.5  29113.74
5095.1  28778.65
5097.7  29130.19
5100.3  28538.25
5102.9  28462.03
5105.5  28825.64
5108.1  28485.33
5110.7  28966.88
5113.3  28165.6
5115.9  29326.99
5118.5  28405.28
5121.1  30333.72
5123.7  28740.98
5126.3  28170.15
5128.9  28959.62
5131.5  30734.21
5134.1  30315.12
5136.7  29712.82
5139.3  30246.53
5141.9  30310.72
5144.5  31316.58
5147.1  32038.86
5149.7  32078.23
5152.3  30581.4
5154.9  32435.67
5157.5  32369.14
5160.1  32073.19
5162.7  33186.3
5165.3  32484.43
5167.9  33204.74
5170.5  32526.59
5173.1  32518.72
5175.7  33401.42
5178.3  33182.82
5180.9  32996.56
5183.5  33361.01
5186.1  33694.23
5188.7  33208.05
5191.3  32435.5
5193.9  33057.75
5196.5  33422.3
5199.1  34006.28
5201.7  33233.14
5204.3  33438.2
5206.9  33090.32
5209.5  32817.8
5212.1  35014.2
5214.7  35044.42
5217.3  35350.13
5219.9  34328.5
5222.5  35274.1
5225.1  35835.55
5227.7  35094.64
5230.3  34635.83
5232.9  35337.42
5235.5  36522.2
5238.1  36239.
5240.7  36317.39
5243.3  36438.23
5245.9  36627.26
5248.5  36734.93
5251.1  36824.18
5253.7  36498.06
5256.3  35957.03
5258.9  35853.66
5261.5  35129.63
5264.1  36564.05
5266.7  37336.1
5269.3  35822.84
5271.9  34888.47
5274.5  36157.79
5277.1  37005.08
5279.7  36357.62
5282.3  35848.43
5284.9  35662.35
5287.5  36486.95
5290.1  35852.01
5292.7  35982.73
5295.3  36468.14
5297.9  37548.01
5300.5  36942.01
5303.1  36325.6
5305.7  36307.37
5308.3  37858.91
5310.9  37574.71
5313.5  37054.61
5316.1  37147.81
5318.7  38385.25
5321.3  38008.14
5323.9  38625.09
5326.5  39073.19
5329.1  38853.32
5331.7  39746.13
5334.3  39942.94
5336.9  40936.11
5339.5  40310.84
5342.1  39459.71
5344.7  39214.01
5347.3  42480.77
5349.9  41589.23
5352.5  40419.11
5355.1  41469.1
5357.7  42271.4
5360.3  41651.08
5362.9  41144.56
5365.5  40498.53
5368.1  40871.93
5370.7  40693.03
5373.3  40503.58
5375.9  41408.33
5378.5  40770.4
5381.1  42094.23
5383.7  40891.59
5386.3  39944.15
5388.9  40061.07
5391.5  40432.95
5394.1  40652.36
5396.7  41040.75
5399.3  42459.02
5401.9  40833.22
5404.5  42407.48
5407.1  41699.2
5409.7  42096.31
5412.3  42447.93
5414.9  42902.05
5417.5  42603.68
5420.1  43526.56
5422.7  42362.38
5425.3  41193.87
5427.9  43437.73
5430.5  43370.45
5433.1  44068.51
5435.7  43204.13
5438.3  43216.24
5440.9  42609.4
5443.5  41321.86
5446.1  41878.47
5448.7  42196.38
5451.3  42007.3
5453.9  41291.63
5456.5  42277.88
5459.1  41847.96
5461.7  42210.99
5464.3  41803.28
5466.9  41473.14
5469.5  41826.69
5472.1  40343.7
5474.7  42198.
5477.3  41660.95
5479.9  40976.11
5482.5  40164.
5485.1  40983.86
5487.7  40354.13
5490.3  42258.95
5492.9  41309.08
5495.5  40555.22
5498.1  42769.27
5500.7  42925.97
5503.3  42684.59
5505.9  42833.89
5508.5  42513.66
5511.1  44319.6
5513.7  44270.76
5516.3  45821.18
5518.9  44945.23
5521.5  45157.83
5524.1  45677.8
5526.7  45878.51
5529.3  45832.24
5531.9  46002.77
5534.5  46124.22
5537.1  45408.68
5539.7  44687.14
5542.3  44603.12
5544.9  43217.29
5547.5  44655.39
5550.1  43745.52
5552.7  44334.
5555.3  43810.87
5557.9  43525.38
5560.5  43824.09
5563.1  42277.12
5565.7  43104.99
5568.3  42063.42
5570.9  42312.28
5573.5  41357.29
5576.1  41094.41
5578.7  41587.11
5581.3  40644.74
5583.9  40319.92
5586.5  40981.35
5589.1  41530.93
5591.7  40385.17
5594.3  39825.25
5596.9  40419.43
5599.5  39875.18
5602.1  40785.64
5604.7  40520.81
5607.3  40742.51
5609.9  41531.55
5612.5  42558.07
5615.1  42147.72
5617.7  42631.96
5620.3  43994.17
5622.9  43623.12
5625.5  44853.35
5628.1  45984.34
5630.7  46202.25
5633.3  45634.14
5635.9  46602.37
5638.5  46568.78
5641.1  47153.89
5643.7  48370.17
5646.3  48576.93
5648.9  48751.49
5651.5  48327.35
5654.1  48656.13
5656.7  48959.4
5659.3  49027.48
5661.9  49527.17
5664.5  49781.86
5667.1  47687.48
5669.7  47883.61
5672.3  47789.2
5674.9  48975.89
5677.5  47867.07
5680.1  48387.84
5682.7  48105.6
5685.3  47464.36
5687.9  47729.2
5690.5  47418.26
5693.1  47726.7
5695.7  47243.38
5698.3  46300.63
5700.9  46432.59
5703.5  47625.17
5706.1  45931.54
5708.7  45685.61
5711.3  46488.46
5713.9  47234.25
5716.5  47516.38
5719.1  47219.79
5721.7  47411.15
5724.3  48119.56
5726.9  47927.43
5729.5  48085.62
5732.1  48918.82
5734.7  49483.25
5737.3  49934.53
5739.9  49598.14
5742.5  48873.16
5745.1  49679.39
5747.7  49907.93
5750.3  50310.64
5752.9  51016.04
5755.5  51240.89
5758.1  50778.45
5760.7  51115.27
5763.3  50722.63
5765.9  50793.14
5768.5  50710.39
5771.1  49710.38
5773.7  49269.82
5776.3  48989.77
5778.9  48748.25
5781.5  47811.25
5784.1  48753.8
5786.7  49126.64
5789.3  48661.6
5791.9  49692.67
5794.5  49772.24
5797.1  49510.68
5799.7  48506.48
5802.3  50408.13
5804.9  49482.35
5807.5  49788.84
5810.1  49093.78
5812.7  50212.33
5815.3  50072.87
5817.9  49758.12
5820.5  50719.63
5823.1  49850.9
5825.7  50436.32
5828.3  50910.89
5830.9  51357.78
5833.5  51050.19
5836.1  51004.43
5838.7  51438.84
5841.3  51373.27
5843.9  51278.27
5846.5  51490.76
5849.1  52033.24
5851.7  52697.39
5854.3  52332.84
5856.9  52622.3
5859.5  53386.79
5862.1  52753.35
5864.7  53431.36
5867.3  53277.04
5869.9  52156.39
5872.5  52145.39
5875.1  52220.54
5877.7  52183.93
5880.3  52840.14
5882.9  50766.96
5885.5  50515.84
5888.1  49539.14
5890.7  48331.79
5893.3  48668.82
5895.9  48835.35
5898.5  50491.59
5901.1  51409.36
5903.7  51590.25
5906.3  51456.21
5908.9  50673.89
5911.5  50969.21
5914.1  50783.19
5916.7  50444.18
5919.3  49946.08
5921.9  50636.69
5924.5  49971.98
5927.1  49456.94
5929.7  50529.61
5932.3  50346.09
5934.9  49393.87
5937.5  49895.18
5940.1  51371.68
5942.7  50236.45
5945.3  50433.25
5947.9  51150.06
5950.5  51178.83
5953.1  51826.31
5955.7  52234.09
5958.3  52140.68
5960.9  52610.53
5963.5  52363.54
5966.1  53239.51
5968.7  53562.96
5971.3  53753.07
5973.9  53618.63
5976.5  54120.27
5979.1  54214.37
5981.7  54776.94
5984.3  54903.52
5986.9  55489.41
5989.5  54143.96
5992.1  55887.52
5994.7  56158.42
5997.3  56519.41
5999.9  55576.2
6002.5  55135.09
6005.1  55472.5
6007.7  55165.07
6010.3  55225.05
6012.9  55300.76
6015.5  55107.52
6018.1  55013.04
6020.7  55290.68
6023.3  54940.57
6025.9  54679.32
6028.5  54583.61
6031.1  53889.93
6033.7  54048.13
6036.3  53687.42
6038.9  54190.8
6041.5  53468.02
6044.1  54215.13
6046.7  53977.05
6049.3  53806.93
6051.9  53604.84
6054.5  53868.59
6057.1  53826.31
6059.7  52987.88
6062.3  53365.06
6064.9  54478.29
6067.5  54507.56
6070.1  53953.35
6072.7  54418.63
6075.3  54296.16
6077.9  54858.5
6080.5  54781.88
6083.1  55017.01
6085.7  55409.54
6088.3  55319.65
6090.9  56025.04
6093.5  56008.68
6096.1  56760.61
6098.7  55958.43
6101.3  56790.59
6103.9  56442.07
6106.5  56005.84
6109.1  57157.18
6111.7  56618.79
6114.3  56737.52
6116.9  56809.85
6119.5  56598.78
6122.1  57327.84
6124.7  56869.5
6127.3  56568.66
6129.9  57129.39
6132.5  56184.33
6135.1  55578.28
6137.7  55359.41
6140.3  55783.41
6142.9  55251.15
6145.5  55641.01
6148.1  54982.59
6150.7  54964.73
6153.3  54314.54
6155.9  53813.08
6158.5  54218.4
6161.1  53175.33
6163.7  53153.9
6166.3  53658.48
6168.9  52328.01
6171.5  52888.67
6174.1  53166.31
6176.7  53102.08
6179.3  53311.87
6181.9  53297.84
6184.5  53428.46
6187.1  54542.13
6189.7  53825.96
6192.3  53878.08
6194.9  53223.8
6197.5  53078.59
6200.1  54523.44
6202.7  54274.48
6205.3  54414.61
6207.9  54983.61
6210.5  56112.8
6213.1  56746.96
6215.7  56000.05
6218.3  56190.46
6220.9  56762.57
6223.5  57116.83
6226.1  57413.11
6228.7  57322.86
6231.3  57697.66
6233.9  57796.88
6236.5  57759.64
6239.1  58501.13
6241.7  58458.09
6244.3  58775.41
6246.9  58607.82
6249.5  59010.35
6252.1  58947.03
6254.7  59004.75
6257.3  59028.41
6259.9  59261.34
6262.5  58629.73
6265.1  57722.68
6267.7  59015.82
6270.3  58455.83
6272.9  57260.15
6275.5  55674.77
6278.1  53545.98
6280.7  53470.55
6283.3  54366.86
6285.9  54928.7
6288.5  55371.95
6291.1  56515.88
6293.7  57621.71
6296.3  56593.59
6298.9  56986.17
6301.5  58501.14
6304.1  57594.12
6306.7  56646.52
6309.3  56549.55
6311.9  57369.22
6314.5  57566.5
6317.1  57027.4
6319.7  56695.87
6322.3  57879.71
6324.9  57928.24
6327.5  57569.91
6330.1  58407.46
6332.7  58768.1
6335.3  58018.73
6337.9  57737.47
6340.5  57116.77
6343.1  57222.18
6345.7  57624.63
6348.3  57523.58
6350.9  57949.87
6353.5  58733.72
6356.1  59365.5
6358.7  58850.24
6361.3  58666.7
6363.9  58906.97
6366.5  58493.79
6369.1  58702.01
6371.7  59287.23
6374.3  58995.47
6376.9  59344.09
6379.5  60018.21
6382.1  60087.47
6384.7  60801.72
6387.3  60809.14
6389.9  60690.35
6392.5  61161.6
6395.1  60182.38
6397.7  59614.93
6400.3  59960.94
6402.9  60103.08
6405.5  60813.94
6408.1  60890.65
6410.7  60312.93
6413.3  59492.46
6415.9  59989.38
6418.5  60501.44
6421.1  60891.48
6423.7  60079.29
6426.3  60126.17
6428.9  59974.71
6431.5  59696.33
6434.1  60008.6
6436.7  59295.04
6439.3  60049.07
6441.9  59610.44
6444.5  59252.49
6447.1  59226.34
6449.7  59058.02
6452.3  59266.13
6454.9  59778.76
6457.5  59409.84
6460.1  59663.92
6462.7  59375.24
6465.3  59766.36
6467.9  60018.76
6470.5  60346.08
6473.1  60192.02
6475.7  60878.07
6478.3  60737.64
6480.9  60480.47
6483.5  60566.86
6486.1  60935.05
6488.7  61611.82
6491.3  61252.1
6493.9  60761.3
6496.5  60807.39
6499.1  61527.31
6501.7  61673.72
6504.3  62256.72
6506.9  61771.1
6509.5  61143.11
6512.1  61343.04
6514.7  61584.27
6517.3  61373.18
6519.9  61474.38
6522.5  61473.62
6525.1  61543.41
6527.7  61349.16
6530.3  61005.73
6532.9  60419.58
6535.5  60564.96
6538.1  60141.94
6540.7  59876.11
6543.3  59864.58
6545.9  58947.56
6548.5  58420.
6551.1  55686.03
6553.7  53027.97
6556.3  48714.48
6558.9  46071.53
6561.5  46070.24
6564.1  47330.27
6566.7  50076.95
6569.3  53579.61
6571.9  56241.09
6574.5  57659.1
6577.1  58412.8
6579.7  59646.35
6582.3  59976.46
6584.9  60620.38
6587.5  59883.09
6590.1  60172.86
6592.7  60834.71
6595.3  59893.77
6597.9  60861.12
6600.5  60717.41
6603.1  60743.2
6605.7  61451.12
6608.3  60802.34
6610.9  61052.23
6613.5  60761.91
6616.1  61610.
6618.7  61458.25
6621.3  61654.61
6623.9  62471.02
6626.5  62463.25
6629.1  62507.18
6631.7  62825.33
6634.3  62667.85
6636.9  61647.69
6639.5  62127.09
6642.1  62107.66
6644.7  63520.86
6647.3  62624.73
6649.9  62671.35
6652.5  63032.41
6655.1  62915.4
6657.7  62121.82
6660.3  62669.6
6662.9  62976.39
6665.5  63333.14
6668.1  63046.88
6670.7  62848.72
6673.3  62011.07
6675.9  62487.09
6678.5  63006.61
6681.1  63680.13
6683.7  64005.87
6686.3  63523.45
6688.9  63371.63
6691.5  63041.75
6694.1  63005.86
6696.7  63055.35
6699.3  63535.62
6701.9  64011.
6704.5  63428.1
6707.1  63167.15
6709.7  63418.07
6712.3  62888.07
6714.9  63177.94
6717.5  62713.93
6720.1  62691.21
6722.7  62848.32
6725.3  62623.11
6727.9  62728.42
6730.5  63279.18
6733.1  62597.66
6735.7  62544.95
6738.3  62756.35
6740.9  62078.86
6743.5  62257.
6746.1  62702.71
6748.7  62803.52
6751.3  63208.01
6753.9  62647.69
6756.5  63137.44
6759.1  62936.81
6761.7  63557.91
6764.3  62629.18
6766.9  62230.98
6769.5  62861.28
6772.1  63581.06
6774.7  63081.27
6777.3  63374.83
6779.9  63903.81
6782.5  63107.93
6785.1  63120.24
6787.7  63365.79
6790.3  63589.68
6792.9  63934.15
6795.5  63583.88
6798.1  63305.55
6800.7  64416.73
6803.3  63832.07
6805.9  63770.71
6808.5  63609.3
6811.1  64101.45
6813.7  63888.88
6816.3  64130.48
6818.9  63373.62
6821.5  63946.45
6824.1  64188.44
6826.7  63847.36
6829.3  63541.22
6831.9  64028.83
6834.5  63856.95
6837.1  63751.51
6839.7  63704.27
6842.3  63988.13
6844.9  63629.56
6847.5  63843.4
6850.1  63673.86
6852.7  63056.96
6855.3  62995.65
6857.9  62564.57
6860.5  61520.22
6863.1  57616.98
6865.7  53532.8
6868.3  50929.3
6870.9  50058.18
6873.5  51753.15
6876.1  54636.65
6878.7  57265.4
6881.3  57637.11
6883.9  57382.69
6886.5  57118.53
6889.1  56825.82
6891.7  56905.38
6894.3  56646.72
6896.9  56986.73
6899.5  58038.06
6902.1  58498.83
6904.7  58663.46
6907.3  59812.89
6909.9  60273.79
6912.5  60164.3
6915.1  60497.73
6917.7  61332.88
6920.3  61522.66
6922.9  61194.98
6925.5  61678.41
6928.1  61918.54
6930.7  62256.98
6933.3  62137.01
6935.9  62408.91
6938.5  62310.82
6941.1  62447.39
6943.7  62749.87
6946.3  62662.98
6948.9  63321.14
6951.5  62756.5
6954.1  62671.48
6956.7  62178.47
6959.3  62733.66
6961.9  63592.71
6964.5  63197.2
6967.1  63752.68
6969.7  64090.69
6972.3  63561.77
6974.9  63550.8
6977.5  63990.57
6980.1  63574.72
6982.7  63207.68
6985.3  63203.59
6987.9  63428.31
6990.5  63313.62
6993.1  62812.25
6995.7  63181.17
6998.3  63032.23
7000.9  62693.14
7003.5  63080.27
7006.1  63013.55
7008.7  62885.61
7011.3  63554.39
7013.9  63293.42
7016.5  62224.4
7019.1  63683.6
7021.7  63132.75
7024.3  62539.5
7026.9  62925.85
7029.5  63174.57
7032.1  63189.7
7034.7  62804.11
7037.3  62903.45
7039.9  62876.66
7042.5  62674.45
7045.1  63358.57
7047.7  63286.23
7050.3  62964.08
7052.9  62771.68
7055.5  62737.51
7058.1  61824.01
7060.7  61229.61
7063.3  61172.46
7065.9  61311.71
7068.5  62810.37
7071.1  62628.18
7073.7  62447.16
7076.3  63299.17
7078.9  62083.79
7081.5  62349.3
7084.1  63374.93
7086.7  62504.18
7089.3  62248.41
7091.9  62612.52
7094.5  62544.72
7097.1  63397.69
7099.7  62378.25
7102.3  62018.22
7104.9  62869.88
7107.5  63177.25
7110.1  62624.87
7112.7  62470.99
7115.3  62170.47
7117.9  62038.25
7120.5  62246.59
7123.1  62074.68
7125.7  62286.06
7128.3  62295.79
7130.9  61922.54
7133.5  62193.24
7136.1  62184.38
7138.7  62444.96
7141.3  62056.01
7143.9  61791.07
7146.5  62044.06
7149.1  61667.11
7151.7  61242.25
7154.3  61490.23
7156.9  61746.62
7159.5  61846.1
7162.1  61287.55
7164.7  61186.44
7167.3  61189.92
7169.9  60603.86
7172.5  60569.09
7175.1  60445.08
7177.7  60575.66
7180.3  60012.56
7182.9  59349.98
7185.5  59415.07
7188.1  60113.48
7190.7  59685.82
7193.3  60007.11
7195.9  59744.65
7198.5  59772.59
7201.1  59732.64
7203.7  60280.21
7206.3  60341.2
7208.9  60602.76
7211.5  60965.14
7214.1  60757.68
7216.7  60700.27
7219.3  59864.07
7221.9  59461.25
7224.5  60086.26
7227.1  59721.3
7229.7  59729.88
7232.3  59579.78
7234.9  59992.51
7237.5  60101.06
7240.1  60217.66
7242.7  60481.18
7245.3  60143.56
7247.9  59991.01
7250.5  60025.95
7253.1  59831.37
7255.7  60541.45
7258.3  60107.38
7260.9  60757.73
7263.5  60293.51
7266.1  60285.16
7268.7  59862.63
7271.3  59373.85
7273.9  60042.12
7276.5  59849.48
7279.1  59565.78
7281.7  59186.34
7284.3  59310.24
7286.9  59871.87
7289.5  59832.53
7292.1  59349.24
7294.7  58691.02
7297.3  59145.49
7299.9  59660.66
7302.5  59531.6
7305.1  58733.04
7307.7  58584.7
7310.3  58635.2
7312.9  58784.89
7315.5  58241.53
7318.1  59281.18
7320.7  59629.04
7323.3  59191.75
7325.9  58944.66
7328.5  58132.93
7331.1  58317.22
7333.7  58203.84
7336.3  58467.03
7338.9  58647.41
7341.5  58341.52
7344.1  58091.95
7346.7  57873.29
7349.3  57888.02
7351.9  58076.65
7354.5  57266.41
7357.1  56731.54
7359.7  56786.54
7362.3  57049.89
7364.9  57401.55
7367.5  56681.37
7370.1  56910.68
7372.7  57415.35
7375.3  57317.42
7377.9  57038.92
7380.5  57214.16
7383.1  57185.57
7385.7  56725.14
7388.3  56536.98
7390.9  57068.04
7393.5  56918.64
7396.1  56754.82
7398.7  56985.93
7401.3  56649.43
7403.9  56394.89
7406.5  56896.49
7409.1  57045.14
7411.7  56821.85
7414.3  56600.48
7416.9  55963.78
7419.5  55470.15
7422.1  55869.51
7424.7  55925.73
7427.3  56210.32
7429.9  55683.37
7432.5  56038.22
7435.1  56199.86
7437.7  56262.39
7440.3  56131.28
7442.9  56651.32
7445.5  56583.77
7448.1  56477.97
7450.7  56231.29
7453.3  56641.18
7455.9  56364.06
7458.5  56386.3
7461.1  56431.95
7463.7  55779.3
7466.3  55975.42
7468.9  56374.65
7471.5  56154.39
7474.1  55962.94
7476.7  55774.54
7479.3  55799.7
7481.9  56015.11
7484.5  55598.23
7487.1  56113.24
7489.7  56474.29
7492.3  56179.61
7494.9  56531.1
7497.5  56505.52
7500.1  55976.54
7502.7  55655.4
7505.3  55822.05
7507.9  55412.73
7510.5  55444.83
7513.1  55503.74
7515.7  55377.9
7518.3  55850.55
7520.9  55418.26
7523.5  55795.08
7526.1  55226.44
7528.7  55065.56
7531.3  54768.88
7533.9  55167.26
7536.5  54868.09
7539.1  54768.18
7541.7  54115.31
7544.3  54521.62
7546.9  54887.7
7549.5  54910.75
7552.1  54300.3
7554.7  54166.78
7557.3  53650.58
7559.9  53858.2
7562.5  54147.27
7565.1  53988.54
7567.7  53738.54
7570.3  53844.57
7572.9  53926.13
7575.5  53816.21
7578.1  53494.92
7580.7  53029.57
7583.3  53326.2
7585.9  52578.59
7588.5  49279.55
7591.1  43154.07
7593.7  35900.22
7596.3  28548.69
7598.9  22192.38
7601.5  18810.01
7604.1  18320.83
7606.7  19155.56
7609.3  22429.91
7611.9  28263.19
7614.5  34243.02
7617.1  36349.07
7619.7  36952.86
7622.3  34538.63
7624.9  31936.75
7627.5  30068.4
7630.1  29942.88
7632.7  30960.07
7635.3  31407.39
7637.9  32544.99
7640.5  34097.21
7643.1  35670.99
7645.7  37101.59
7648.3  38654.57
7650.9  40326.59
7653.5  41300.4
7656.1  42230.53
7658.7  43301.66
7661.3  44135.55
7663.9  44858.94
7666.5  45519.42
7669.1  46561.32
7671.7  47208.14
7674.3  47638.1
7676.9  48117.25
7679.5  48419.53
7682.1  48755.11
7684.7  48916.36
7687.3  48643.2
7689.9  48862.11
7692.5  48870.15
7695.1  48493.74
7697.7  48819.71
7700.3  49287.3
7702.9  49045.68
7705.5  49118.86
7708.1  49765.9
7710.7  49321.89
7713.3  49011.96
7715.9  49367.25
7718.5  49799.86
7721.1  48796.45
7723.7  49307.32
7726.3  48893.24
7728.9  49091.43
7731.5  48944.1
7734.1  48996.1
7736.7  49174.96
7739.3  48856.79
7741.9  48598.87
7744.5  48261.87
7747.1  48580.92
7749.7  48780.98
7752.3  49307.47
7754.9  48420.61
7757.5  47476.67
7760.1  48244.34
7762.7  48887.14
7765.3  47806.86
7767.9  46715.81
7770.5  46211.01
7773.1  46217.45
7775.7  46430.85
7778.3  47776.96
7780.9  48146.4
7783.5  48291.
7786.1  48349.71
7788.7  48474.17
7791.3  48954.77
7793.9  48493.29
7796.5  48428.07
7799.1  48367.24
7801.7  47981.6
7804.3  48184.24
7806.9  48263.53
7809.5  48063.59
7812.1  47691.59
7814.7  48368.46
7817.3  48174.78
7819.9  48590.58
7822.5  48536.63
7825.1  48081.31
7827.7  47938.57
7830.3  48497.88
7832.9  48775.7
7835.5  47936.63
7838.1  47764.22
7840.7  48117.45
7843.3  48724.09
7845.9  47624.61
7848.5  48195.25
7851.1  48380.9
7853.7  48127.02
7856.3  47703.91
7858.9  47361.01
7861.5  47569.06
7864.1  48333.62
7866.7  47918.95
7869.3  47857.59
7871.9  47210.61
7874.5  47446.77
7877.1  47603.77
7879.7  47793.4
7882.3  47617.36
7884.9  47188.59
7887.5  47394.73
7890.1  46909.86
7892.7  46917.64
7895.3  46707.64
7897.9  46577.17
7900.5  47161.2
7903.1  47111.86
7905.7  46969.14
7908.3  47055.74
7910.9  47070.02
7913.5  47371.08
7916.1  46939.96
7918.7  46838.22
7921.3  46300.91
7923.9  46390.94
7926.5  46202.8
7929.1  46417.97
7931.7  46459.66
7934.3  46607.5
7936.9  46165.
7939.5  46093.55
7942.1  46249.94
7944.7  46241.12
7947.3  45805.48
7949.9  45834.38
7952.5  46198.57
7955.1  46617.
7957.7  46271.1
7960.3  46456.25
7962.9  46532.11
7965.5  46139.8
7968.1  45946.16
7970.7  45696.21
7973.3  45896.57
7975.9  46212.99
7978.5  46096.32
7981.1  46426.49
7983.7  45681.39
7986.3  45362.79
7988.9  44829.84
7991.5  46250.96
7994.1  45843.84
7996.7  45038.32
7999.3  45037.64
8001.9  45621.66
8004.5  45643.04
8007.1  45538.74
8009.7  45003.47
8012.3  45094.93
8014.9  45626.55
8017.5  45037.35
8020.1  44759.04
8022.7  44843.45
8025.3  43738.73
8027.9  44346.29
8030.5  44127.65
8033.1  44166.84
8035.7  44157.82
8038.3  44057.18
8040.9  44049.46
8043.5  43891.29
8046.1  44037.74
8048.7  43963.88
8051.3  44065.54
8053.9  44167.54
8056.5  43708.68
8059.1  43626.97
8061.7  43981.06
8064.3  43938.55
8066.9  43594.22
8069.5  43021.42
8072.1  43176.21
8074.7  43481.46
8077.3  43449.61
8079.9  43322.46
8082.5  43067.31
8085.1  42943.32
8087.7  42851.97
8090.3  42608.73
8092.9  42691.89
8095.5  42385.32
8098.1  42490.17
8100.7  42360.78
8103.3  42129.07
8105.9  41607.29
8108.5  41730.32
8111.1  41564.71
8113.7  41635.59
8116.3  41602.82
8118.9  41748.36
8121.5  41686.96
8124.1  41728.14
8126.7  41874.31
8129.3  41271.68
8131.9  40846.75
8134.5  41065.67
8137.1  41026.09
8139.7  40869.27
8142.3  41261.11
8144.9  40968.95
8147.5  40571.
8150.1  40699.97
8152.7  40710.52
8155.3  40259.57
8157.9  40099.26
8160.5  39630.82
8163.1  40258.15
8165.7  40390.15
8168.3  40263.87
8170.9  40061.05
8173.5  39758.02
8176.1  40004.
8178.7  39750.59
8181.3  39855.23
8183.9  40358.91
8186.5  40062.82
8189.1  39595.19
8191.7  39880.14
8194.3  39796.3
8196.9  39261.36
8199.5  39729.46
8202.1  40381.43
8204.7  40456.68
8207.3  40484.66
8209.9  40404.15
8212.5  40111.83
8215.1  40232.45
8217.7  39867.24
8220.3  39432.55
8222.9  39053.54
8225.5  38926.33
8228.1  38791.16
8230.7  39007.5
8233.3  39471.9
8235.9  40176.61
8238.5  40093.87
8241.1  39837.01
8243.7  40180.13
8246.3  40245.11
8248.9  40192.82
8251.5  40357.6
8254.1  40233.95
8256.7  39822.66
8259.3  39698.63
8261.9  39809.99
8264.5  39778.4
8267.1  39978.71
8269.7  39510.48
8272.3  39773.47
8274.9  39478.91
8277.5  39093.34
8280.1  40287.98
8282.7  41144.41
8285.3  40802.62
8287.9  39570.77
8290.5  38973.9
8293.1  40084.97
8295.7  39799.04
8298.3  39424.62
8300.9  39049.77
8303.5  38565.45
8306.1  38503.73
8308.7  38653.62
8311.3  38162.86
8313.9  38570.38
8316.5  38188.07
8319.1  38259.23
8321.7  38031.05
8324.3  37735.23
8326.9  38027.61
8329.5  38448.82
8332.1  38056.81
8334.7  37771.41
8337.3  38061.15
8339.9  37978.77
8342.5  37455.76
8345.1  36814.55
8347.7  37617.72
8350.3  36619.78
8352.9  37882.05
8355.5  37784.18
8358.1  38377.66
8360.7  37662.93
8363.3  38022.18
8365.9  37799.7
8368.5  37293.66
8371.1  37376.55
8373.7  37163.54
8376.3  37345.76
8378.9  37470.69
8381.5  37243.17
8384.1  37492.64
8386.7  36987.07
8389.3  36858.39
8391.9  37390.87
8394.5  38593.87
8397.1  37447.87
8399.7  37427.35
8402.3  36829.81
8404.9  37073.13
8407.5  37103.51
8410.1  37071.2
8412.7  37161.74
8415.3  37227.45
8417.9  37057.27
8420.5  36926.77
8423.1  37872.17
8425.7  38528.92
8428.3  37843.35
8430.9  37673.07
8433.5  36874.91
8436.1  36201.59
8438.7  35547.38
8441.3  35910.31
8443.9  36273.93
8446.5  36811.71
8449.1  37796.34
8451.7  37782.68
8454.3  37533.7
8456.9  37762.13
8459.5  37030.05
8462.1  36292.49
8464.7  36835.38
8467.3  36360.76
8469.9  35770.5
8472.5  36635.85
8475.1  36850.8
8477.7  37631.37
8480.3  37856.32
8482.9  38030.74
8485.5  38103.22
8488.1  37698.93
8490.7  37023.96
8493.3  35830.15
8495.9  34820.56
8498.5  34536.4
8501.1  34832.82
8503.7  35375.95
8506.3  35561.6
8508.9  36515.46
8511.5  36822.63
8514.1  36887.18
8516.7  37391.75
8519.3  37825.5
8521.9  37828.
8524.5  37378.73
8527.1  37315.9
8529.7  36843.92
8532.3  36130.33
8534.9  35115.42
8537.5  34027.33
8540.1  32312.75
8542.7  31886.54
8545.3  32039.03
8547.9  32889.71
8550.5  34076.56
8553.1  35438.25
8555.7  35940.8
8558.3  36258.16
8560.9  36952.58
8563.5  36436.82
8566.1  36904.2
8568.7  36708.5
8571.3  36331.04
8573.9  36642.02
8576.5  36415.84
8579.1  36281.37
8581.7  35790.15
8584.3  35049.57
8586.9  34220.48
8589.5  32610.75
8592.1  31683.86
8594.7  31217.82
8597.3  30508.1
8599.9  31218.73
8602.5  32352.24
8605.1  33752.27
8607.7  34714.91
8610.3  35127.82
8612.9  35150.06
8615.5  35439.43
8618.1  35780.56
8620.7  35586.29
8623.3  35626.38
8625.9  36379.57
8628.5  36371.75
8631.1  36804.33
8633.7  35786.86
8636.3  35810.21
8638.9  36174.9
8641.5  35528.88
8644.1  34805.57
8646.7  34115.54
8649.3  34178.03
8651.9  33507.4
8654.5  32380.26
8657.1  30851.42
8659.7  29594.63
8662.3  28854.79
8664.9  29055.89
8667.5  30531.92
8670.1  31375.37
8672.7  32153.04
8675.3  33484.98
8677.9  34656.54
8680.5  35271.49
8683.1  35587.04
8685.7  35933.41
8688.3  36356.91
8690.9  36830.92
8693.5  36800.41
8696.1  36801.63
8698.7  36872.16
8701.3  36310.32
8703.9  36471.29
8706.5  36763.29
8709.1  36968.92
8711.7  37151.34
8714.3  36619.21
8716.9  36399.42
8719.5  36252.9
8722.1  36277.61
8724.7  36513.97
8727.3  35897.16
8729.9  35430.48
8732.5  35067.57
8735.1  34353.12
8737.7  33412.12
8740.3  31934.79
8742.9  30182.27
8745.5  28844.24
8748.1  28756.39
8750.7  29196.11
8753.3  30865.2
8755.9  31773.02
8758.5  33383.77
8761.1  35013.47
8763.7  35029.86
8766.3  34478.55
8768.9  35312.85
8771.5  35830.16
8774.1  36301.34
8776.7  36071.36
8779.3  36316.66
8781.9  36432.5
8784.5  36017.23
8787.1  35757.34
8789.7  36094.64
8792.3  36135.86
8794.9  35844.73
8797.5  35739.1
8800.1  35680.31
8802.7  36261.8
8805.3  36120.02
8807.9  35865.05
8810.5  35910.61
8813.1  36252.15
8815.7  35288.03
8818.3  35557.52
8820.9  36593.24
8823.5  36535.45
8826.1  36561.22
8828.7  35936.39
8831.3  35745.75
8833.9  35282.64
8836.5  33674.99
8839.1  34128.79
8841.7  33042.25
8844.3  32521.84
8846.9  32032.39
8849.5  30689.86
8852.1  29424.56
8854.7  28134.12
8857.3  26698.48
8859.9  26450.88
8862.5  26819.11
8865.1  27858.68
8867.7  28864.89
8870.3  29330.69
8872.9  29996.29
8875.5  30780.58
8878.1  32070.13
8880.7  32578.99
8883.3  32882.16
8885.9  33091.11
8888.5  33502.58
8891.1  33118.93
8893.7  33224.39
8896.3  33166.87
8898.9  33184.29
8901.5  33525.73
8904.1  33187.8
8906.7  33100.95
8909.3  32448.54
8911.9  33617.42
8914.5  33308.59
8917.1  33454.4
8919.7  33442.65
8922.3  32129.23
8924.9  31674.99
8927.5  32080.78
8930.1  31601.49
8932.7  32139.18
8935.3  32430.58
8937.9  32730.27
8940.5  32807.36
8943.1  32685.85
8945.7  32483.83
8948.3  31717.08
8950.9  32292.19
8953.5  32478.51
8956.1  32161.62
8958.7  31320.89
8961.3  31414.3
8963.9  30006.75
8966.5  31332.35
8969.1  31254.8
8971.7  31276.46
8974.3  31182.37
8976.9  30736.6
8979.5  30406.12
8982.1  30063.96
8984.7  29385.01
8987.3  29433.68
8989.9  29633.96
8992.5  29936.59
8995.1  29036.47
8997.7  28261.56
9000.3  27649.02
9002.9  26586.4
9005.5  24617.22
9008.1  23149.62
9010.7  22733.34
9013.3  22395.41
9015.9  23685.27
9018.5  24222.7
9021.1  25809.52
9023.7  26685.7
9026.3  27236.49
9028.9  28984.34
9031.5  28549.88
9034.1  28930.99
9036.7  29126.46
9039.3  29725.79
9041.9  30057.72
9044.5  30133.05
9047.1  30242.16
9049.7  29739.8
9052.3  29248.26
9054.9  28957.42
9057.5  28819.8
9060.1  28796.46
9062.7  28906.8
9065.3  29227.21
9067.9  29458.69
9070.5  29415.75
9073.1  28931.82
9075.7  28931.66
9078.3  28551.42
9080.9  28185.73
9083.5  28015.66
9086.1  28093.69
9088.7  27980.77
9091.3  28044.01
9093.9  28393.06
9096.5  28212.79
9099.1  28366.86
9101.7  28303.85
9104.3  27561.23
9106.9  27939.92
9109.5  27527.78
9112.1  27447.63
9114.7  27962.07
9117.3  27861.3
9119.9  27639.8
9122.5  27933.88
9125.1  27910.25
9127.7  27252.6
9130.3  26773.99
9132.9  26880.3
9135.5  26785.37
9138.1  26780.17
9140.7  27121.02
9143.3  27103.91
9145.9  27476.15
9148.5  26926.31
9151.1  26559.1
9153.7  26424.68
9156.3  26630.7
9158.9  26479.98
9161.5  26471.45
9164.1  27002.11
9166.7  26611.46
9169.3  26535.64
9171.9  26341.64
9174.5  26339.44
9177.1  25952.95
9179.7  25884.34
9182.3  25599.05
9184.9  25726.61
9187.5  25797.36
9190.1  25710.65
9192.7  25742.48
9195.3  25912.63
9197.9  25734.99
9200.5  25524.98
9203.1  24793.7
9205.7  24248.71
9208.3  23815.29
9210.9  23580.57
9213.5  22855.4
9216.1  22268.01
9218.7  21392.25
9221.3  20184.65
9223.9  19357.91
9226.5  19337.15
9229.1  18980.56
9231.7  19475.11
9234.3  20196.6
9236.9  21188.92
9239.5  22056.85
9242.1  22570.29
9244.7  23183.83
9247.3  23579.07
9249.9  23750.07
9252.5  24123.63
9255.1  23506.96
9257.7  23073.54
9260.3  22467.1
9262.9  22765.37
9265.5  23106.56
9268.1  23324.43
9270.7  23824.58
9273.3  23929.97
9275.9  23872.51
9278.5  23679.58
9281.1  23137.65
9283.7  22844.21
9286.3  22695.35
9288.9  22266.3
9291.5  22946.93
9294.1  22898.49
9296.7  22878.72
9299.3  22982.09
9301.9  23204.64
9304.5  22531.33
9307.1  22867.03
9309.7  21153.2
9312.3  20672.37
9314.9  20185.31
9317.5  20057.5
9320.1  19619.45
9322.7  20536.96
9325.3  19596.63
9327.9  19705.05
9330.5  19334.92
9333.1  19454.95
9335.7  18749.92
9338.3  18035.13
9340.9  17481.8
9343.5  17664.88
9346.1  18507.04
9348.7  18552.86
9351.3  18758.69
9353.9  18468.61
9356.5  18611.4
9359.1  18925.03
9361.7  18963.59
9364.3  19443.09
9366.9  20432.97
9369.5  21627.27
9372.1  20877.79
9374.7  20044.87
9377.3  19876.
9379.9  18435.84
9382.5  17296.63
9385.1  19297.34
9387.7  19389.14
9390.3  19890.28
9392.9  20106.68
9395.5  20421.08
9398.1  20063.89
9400.7  20397.73
9403.3  19693.54
9405.9  19753.02
9408.5  19230.51
9411.1  19827.61
9413.7  19393.73
9416.3  19150.28
9418.9  19161.58
9421.5  18012.09
9424.1  17605.82
9426.7  17374.61
9429.3  18093.55
9431.9  18372.54
9434.5  18885.56
9437.1  17117.77
9439.7  17125.47
9442.3  16807.4
9444.9  16711.78
9447.5  17570.6
9450.1  17668.96
9452.7  18671.19
9455.3  17596.98
9457.9  18106.89
9460.5  17874.75
9463.1  17795.91
9465.7  17677.18
9468.3  19448.2
9470.9  20252.12
9473.5  18846.81
9476.1  18448.76
9478.7  16856.54
9481.3  16867.28
9483.9  16606.71
9486.5  17855.61
9489.1  17536.24
9491.7  17315.62
9494.3  17156.15
9496.9  16939.77
9499.5  16579.18
9502.1  16902.23
9504.7  16818.3
9507.3  17039.86
9509.9  16901.86
9512.5  17302.05
9515.1  16448.94
9517.7  15779.69
9520.3  14846.43
9522.9  14905.94
9525.5  14747.18
9528.1  15203.65
9530.7  15144.83
9533.3  15326.15
9535.9  14536.94
9538.5  13647.65
9541.1  13042.92
9543.7  13291.9
9546.3  13582.18
9548.9  13696.19
9551.5  14180.91
9554.1  14613.39
9556.7  14700.52
9559.3  15313.19
9561.9  15836.45
9564.5  15904.96
9567.1  16002.35
9569.7  16246.17
9572.3  15931.33
9574.9  15549.68
9577.5  15797.52
9580.1  15980.06
9582.7  15926.29
9585.3  15899.68
9587.9  16127.6
9590.5  16346.57
9593.1  16409.12
9595.7  16479.02
9598.3  16374.25
9600.9  16671.98
9603.5  16012.27
9606.1  16034.49
9608.7  16291.46
9611.3  16382.93
9613.9  16545.46
9616.5  16758.12
9619.1  16742.74
9621.7  16029.71
9624.3  15912.56
9626.9  15624.52
9629.5  15884.21
9632.1  15638.36
9634.7  15833.22
9637.3  15958.86
9639.9  15959.74
9642.5  15985.79
9645.1  16018.24
9647.7  16091.57
9650.3  15849.61
9652.9  15773.55
9655.5  15901.26
9658.1  15945.59
9660.7  16031.47
9663.3  16106.06
9665.9  16013.99
9668.5  16038.75
9671.1  15948.21
9673.7  15808.71
9676.3  15584.75
9678.9  15624.47
9681.5  15806.73
9684.1  15617.93
9686.7  15408.18
9689.3  15590.58
9691.9  15832.26
9694.5  16006.68
9697.1  15759.87
9699.7  15277.57
9702.3  14957.33
9704.9  14747.79
9707.5  14633.26
9710.1  15056.65
9712.7  15604.91
9715.3  15518.15
9717.9  15268.3
9720.5  14833.26
9723.1  14474.28
9725.7  14022.66
9728.3  14234.2
9730.9  14325.5
9733.5  14064.4
9736.1  14174.59
9738.7  14028.37
9741.3  14027.17
9743.9  13801.5
9746.5  13547.27
9749.1  13708.82
9751.7  13686.59
9754.3  13699.6
9756.9  13728.63
9759.5  13449.73
9762.1  13593.04
9764.7  13766.42
9767.3  13754.35
9769.9  13594.75
9772.5  13657.87
9775.1  13600.58
9777.7  13496.96
9780.3  13516.97
9782.9  13637.67
9785.5  14694.44
9788.1  14492.62
9790.7  14095.06
9793.3  13690.6
9795.9  12952.08
9798.5  12170.74
9801.1  13071.56
9803.7  12777.14
9806.3  12811.11
9808.9  12806.31
9811.5  13124.68
9814.1  13262.01
9816.7  13043.81
9819.3  12828.63
9821.9  13070.01
9824.5  12893.58
9827.1  12678.24
9829.7  12547.49
9832.3  12614.3
9834.9  12524.75
9837.5  12524.45
9840.1  12892.07
9842.7  13048.42
9845.3  12708.07
9847.9  12735.37
9850.5  12592.3
9853.1  12396.31
9855.7  12251.13
9858.3  12075.14
9860.9  12220.55
9863.5  12909.6
9866.1  13389.14
9868.7  13079.97
9871.3  12978.15
9873.9  12363.82
9876.5  11555.84
9879.1  11223.88
9881.7  11353.99
9884.3  11484.16
9886.9  11920.4
9889.5  11923.75
9892.1  12057.14
9894.7  11958.95
9897.3  11551.12
9899.9  11354.12
9902.5  11193.96
9905.1  11578.22
9907.7  11755.09
9910.3  12213.96
9912.9  11942.04
9915.5  11406.08
9918.1  10901.12
9920.7  11047.96
9923.3  10189.01
9925.9  10850.
9928.5  10951.22
9931.1  10906.89
9933.7  11053.88
9936.3  11490.83
9938.9  11377.6
9941.5  11239.96
9944.1  11757.71
9946.7  11371.1
9949.3  10622.4
9951.9  10836.85
9954.5  11168.37
9957.1  11080.46
9959.7  10641.07
9962.3  10391.61
9964.9  9972.165
9967.5  9825.787
9970.1  10007.38
9972.7  10190.63
9975.3  10144.51
9977.9  10209.5
9980.5  9989.442
9983.1  9913.772
9985.7  9978.138
9988.3  9798.536
9990.9  9760.897
9993.5  9817.644
9996.1  9920.335
