3501.3  0.2263202369213104
3503.9  0.2927365899085999
3506.5  0.338053971529007
3509.1  0.3618554472923279
3511.7  0.3714711964130402
3514.3  0.3746727406978607
3516.9  0.3759594261646271
3519.5  0.3769018054008484
3522.1  0.3777042329311371
3524.7  0.3782075643539429
3527.3  0.3782846927642822
3529.9  0.3779783248901367
3532.5  0.3775532841682434
3535.1  0.3773631453514099
3537.7  0.3776155114173889
3540.3  0.3782422244548798
3542.9  0.3789772093296051
3545.5  0.3795463144779205
3548.1  0.3798274695873261
3550.7  0.3798876702785492
3553.3  0.3798756301403046
3555.9  0.3798609673976898
3558.5  0.3797827959060669
3561.1  0.3795278966426849
3563.7  0.379031628370285
3566.3  0.3783310651779175
3568.9  0.3775644302368164
3571.5  0.3768865168094635
3574.1  0.3763266503810883
3576.7  0.3757752478122711
3579.3  0.3752097487449646
3581.9  0.3749096095561981
3584.5  0.37528395652771
3587.1  0.3764015138149262
3589.7  0.3777988255023956
3592.3  0.3788309395313263
3594.9  0.3791480362415314
3597.5  0.3788414299488068
3600.1  0.3782812356948853
3602.7  0.3778450191020966
3605.3  0.3776814341545105
3607.9  0.3776548504829407
3610.5  0.3775309920310974
3613.1  0.3772208392620087
3615.7  0.3768524825572968
3618.3  0.3766502737998962
3620.9  0.3767002522945404
3623.5  0.3767912089824677
3626.1  0.3766182065010071
3628.7  0.3762623369693756
3631.3  0.3762763440608978
3633.9  0.3770358860492706
3636.5  0.3781572580337524
3639.1  0.3788374960422516
3641.7  0.378704696893692
3644.3  0.3781212568283081
3646.9  0.3777154982089996
3649.5  0.3777985870838165
3652.1  0.3782331645488739
3654.7  0.3787315189838409
3657.3  0.37918621301651
3659.9  0.3797201812267304
3662.5  0.3804751336574554
3665.1  0.3813839852809906
3667.7  0.3820917308330536
3670.3  0.3821041882038117
3672.9  0.3811400830745697
3675.5  0.3794037103652954
3678.1  0.3775032162666321
3680.7  0.3761081695556641
3683.3  0.3757252097129822
3685.9  0.3766172826290131
3688.5  0.3786540925502777
3691.1  0.3812919557094574
3693.7  0.3838701248168945
3696.3  0.3858988881111145
3698.9  0.3871337771415711
3701.5  0.3876003921031952
3704.1  0.3875704407691956
3706.7  0.387563943862915
3709.3  0.3885741829872131
3711.9  0.3916160464286804
3714.5  0.3963237702846527
3717.1  0.4013204574584961
3719.7  0.4070799946784973
3722.3  0.4159206449985504
3724.9  0.4270811676979065
3727.5  0.4349811375141144
3730.1  0.4363110065460205
3732.7  0.4369702935218811
3735.3  0.4469990432262421
3737.9  0.4675873816013336
3740.5  0.4865241348743439
3743.1  0.4894911646842957
3745.7  0.475905567407608
3748.3  0.4622536897659302
3750.9  0.4686630070209503
3753.5  0.501214861869812
3756.1  0.5460963249206542
3758.7  0.5794402360916137
3761.3  0.5832165479660034
3763.9  0.5561611652374267
3766.5  0.5153138041496276
3769.1  0.4880163669586182
3771.7  0.4971537292003632
3774.3  0.5478127598762512
3776.9  0.6248673796653747
3779.5  0.7024304866790771
3782.1  0.7563516497611999
3784.7  0.7715140581130981
3787.3  0.743622601032257
3789.9  0.6797903776168823
3792.5  0.5993762612342834
3795.1  0.5312382578849792
3797.7  0.5034921765327453
3800.3  0.5295130014419555
3802.9  0.6009281873703002
3805.5  0.6939623951911926
3808.1  0.783409297466278
3810.7  0.8531017899513244
3813.3  0.8974150419235229
3815.9  0.9164345264434814
3818.5  0.9106413125991821
3821.1  0.879011332988739
3823.7  0.820757508277893
3826.3  0.7391952276229858
3828.9  0.6459274888038635
3831.5  0.5621616840362548
3834.1  0.513126790523529
3836.7  0.5161718726158142
3839.3  0.5707393884658813
3841.9  0.6590606570243835
3844.5  0.7568949460983276
3847.1  0.8449934124946594
3849.7  0.9138146042823791
3852.3  0.9616710543632507
3854.9  0.99079430103302
3857.5  1.00488007068634
3860.1  1.008545637130737
3862.7  1.006679177284241
3865.3  1.00219452381134
3867.9  0.9937820434570312
3870.5  0.9763141274452209
3873.1  0.9435415267944335
3875.7  0.8905592560768127
3878.3  0.8155408501625061
3880.9  0.7225492000579833
3883.5  0.6252553462982177
3886.1  0.5469640493392944
3888.7  0.5122784376144409
3891.3  0.5335187315940856
3893.9  0.6029238104820251
3896.5  0.6979539394378662
3899.1  0.7944734692573547
3901.7  0.8767646551132202
3904.3  0.9392959475517272
3906.9  0.9831319451332092
3909.5  1.011792540550232
3912.1  1.028978109359741
3914.7  1.03799307346344
3917.3  1.041695117950439
3919.9  1.042173862457276
3922.5  1.040214896202087
3925.1  1.035406112670898
3927.7  1.027614116668701
3930.3  1.018778562545776
3932.9  1.012609481811524
3935.5  1.01170027256012
3938.1  1.015061974525452
3940.7  1.018816351890564
3943.3  1.018830180168152
3945.9  1.012272477149963
3948.5  0.9972832202911376
3951.1  0.9719707369804382
3953.7  0.9337230324745178
3956.3  0.8792628645896911
3958.9  0.8062065839767456
3961.5  0.7168031930923461
3964.1  0.6223211884498596
3966.7  0.543665587902069
3969.3  0.5042193531990051
3971.9  0.5173728466033935
3974.5  0.5782727003097534
3977.1  0.6672202348709106
3979.7  0.7613154649734497
3982.3  0.8443721532821655
3984.9  0.9095436334609985
3987.5  0.9566741585731506
3990.1  0.9887384176254272
3992.7  1.009540915489197
3995.3  1.022669315338135
3997.9  1.031137824058533
4000.5  1.037274122238159
4003.1  1.042604804039002
4005.7  1.047698497772217
4008.3  1.052242636680603
4010.9  1.055538892745972
4013.5  1.057034134864807
4016.1  1.056494474411011
4018.7  1.054099917411804
4021.3  1.05068564414978
4023.9  1.047658205032349
4026.5  1.046243786811829
4029.1  1.046674013137817
4031.7  1.048161506652832
4034.3  1.049585461616516
4036.9  1.050140023231506
4039.5  1.049490332603455
4042.1  1.047592639923096
4044.7  1.044532656669617
4047.3  1.04048764705658
4049.9  1.035789608955383
4052.5  1.030892848968506
4055.1  1.02613639831543
4057.7  1.021611332893372
4060.3  1.017335057258606
4062.9  1.013298869132996
4065.5  1.009082794189453
4068.1  1.003719806671143
4070.7  0.9963799715042114
4073.3  0.9870395064353942
4075.9  0.9759809374809265
4078.5  0.9624825716018676
4081.1  0.9441037774085998
4083.7  0.9171340465545654
4086.3  0.8774515986442565
4088.9  0.8214170336723327
4091.5  0.7477283477783203
4094.1  0.6609647870063781
4096.7  0.5749157071113586
4099.3  0.5111282467842102
4101.9  0.4899549186229706
4104.5  0.5187563300132751
4107.1  0.5871761441230773
4109.7  0.6739643216133117
4112.3  0.7587149143218994
4114.9  0.8290038704872131
4117.5  0.8804294466972351
4120.1  0.9135038256645202
4122.7  0.931447684764862
4125.3  0.9396930336952209
4127.9  0.9451398849487304
4130.5  0.9534878134727478
4133.1  0.9661957025527954
4135.7  0.9804083704948425
4138.3  0.9921534657478332
4140.9  0.9996085166931152
4143.5  1.003788113594055
4146.1  1.006913661956787
4148.7  1.010426044464111
4151.3  1.01430344581604
4153.9  1.017665147781372
4156.5  1.019590854644776
4159.1  1.01959240436554
4161.7  1.017791628837586
4164.3  1.014773845672607
4166.9  1.011203646659851
4169.5  1.007686734199524
4172.1  1.004949331283569
4174.7  1.003805994987488
4177.3  1.004761338233948
4179.9  1.007665395736694
4182.5  1.011724710464478
4185.1  1.015870213508606
4187.7  1.019229412078857
4190.3  1.021297454833984
4192.9  1.021860003471375
4195.5  1.021048784255982
4198.1  1.019455671310425
4200.7  1.017917990684509
4203.3  1.01714813709259
4205.9  1.017555594444275
4208.5  1.019092559814453
4211.1  1.021098256111145
4213.7  1.02258288860321
4216.3  1.02290952205658
4218.9  1.0221928358078
4221.5  1.021114349365234
4224.1  1.020436048507691
4226.7  1.020447969436646
4229.3  1.020704865455628
4231.9  1.020408391952515
4234.5  1.019108176231384
4237.1  1.01701819896698
4239.7  1.014721512794495
4242.3  1.012555837631226
4244.9  1.010261654853821
4247.5  1.007395148277283
4250.1  1.004217267036438
4252.7  1.001978278160095
4255.3  1.002083778381348
4257.9  1.004838943481445
4260.5  1.008914828300476
4263.1  1.012102365493774
4265.7  1.012863397598267
4268.3  1.011374235153198
4270.9  1.009114623069763
4273.5  1.007407307624817
4276.1  1.006428360939026
4278.7  1.005523443222046
4281.3  1.004140377044678
4283.9  1.002254843711853
4286.5  1.000078678131104
4289.1  0.9976468086242675
4291.7  0.9947369694709777
4294.3  0.9912065863609313
4296.9  0.9874212145805358
4299.5  0.9841706752777099
4302.1  0.9818909168243408
4304.7  0.9800065755844116
4307.3  0.9772140383720397
4309.9  0.9723404049873352
4312.5  0.9647952914237976
4315.1  0.9541735649108886
4317.7  0.9394364953041076
4320.3  0.9185226559638977
4322.9  0.888736069202423
4325.5  0.8472576737403869
4328.1  0.7915959358215332
4330.7  0.7212294936180114
4333.3  0.6411942839622497
4335.9  0.565078318119049
4338.5  0.5127137899398803
4341.1  0.5010297894477844
4343.7  0.5337610840797424
4346.3  0.5990664362907409
4348.9  0.6774189472198486
4351.5  0.7521901130676269
4354.1  0.8146016597747802
4356.7  0.8624341487884521
4359.3  0.8969589471817016
4361.9  0.9209207296371459
4364.5  0.9374791979789733
4367.1  0.9494705200195312
4369.7  0.9588597416877746
4372.3  0.966490626335144
4374.9  0.9722764492034912
4377.5  0.975854218006134
4380.1  0.9774316549301147
4382.7  0.9781692624092102
4385.3  0.9795736074447631
4387.9  0.9823824763298034
4390.5  0.9861947894096374
4393.1  0.9901484847068786
4395.7  0.9935970306396484
4398.3  0.9960787296295166
4400.9  0.9971877336502075
4403.5  0.9968522191047668
4406.1  0.9954684972763061
4408.7  0.9935103058815002
4411.3  0.9913210868835449
4413.9  0.9895281791687011
4416.5  0.9891571402549743
4419.1  0.9907459616661071
4421.7  0.9935135841369628
4424.3  0.9959064722061157
4426.9  0.996906578540802
4429.5  0.9965587258338928
4432.1  0.9954219460487365
4434.7  0.9938703179359436
4437.3  0.9919450283050537
4439.9  0.9896623492240905
4442.5  0.987272560596466
4445.1  0.9851271510124206
4447.7  0.9833553433418273
4450.3  0.9818007946014404
4452.9  0.980234146118164
4455.5  0.9785157442092895
4458.1  0.9765752553939819
4460.7  0.9743556976318359
4463.3  0.9718874096870422
4465.9  0.9693922400474548
4468.5  0.9671592712402343
4471.1  0.9650447368621826
4473.7  0.9621998071670532
4476.3  0.9579076766967773
4478.9  0.9530029296875
4481.5  0.9497798681259155
4484.1  0.9498680830001831
4486.7  0.9527302384376525
4489.3  0.9566662311553955
4491.9  0.9604318737983703
4494.5  0.9634130001068115
4497.1  0.9651402235031127
4499.7  0.9653829932212829
4502.3  0.9644802212715148
4504.9  0.9632021784782409
4507.5  0.9622280597686767
4510.1  0.9617674946784973
4512.7  0.961631417274475
4515.3  0.9615939855575561
4517.9  0.9615404605865478
4520.5  0.9614360928535461
4523.1  0.9613091945648193
4525.7  0.9611269831657409
4528.3  0.9607346057891845
4530.9  0.9601593613624572
4533.5  0.9597373604774475
4536.1  0.9596273303031921
4538.7  0.9593291878700256
4541.3  0.9580000042915344
4543.9  0.9553350806236267
4546.5  0.9522452354431152
4549.1  0.9504950642585754
4551.7  0.9512665271759033
4554.3  0.9541847705841064
4556.9  0.9579724669456481
4559.5  0.9616525173187255
4562.1  0.9648432731628417
4564.7  0.9673162102699279
4567.3  0.9687103629112243
4569.9  0.9686977267265319
4572.5  0.9672222733497619
4575.1  0.9644399285316467
4577.7  0.9606134295463562
4580.3  0.9563229084014892
4582.9  0.9526084661483764
4585.5  0.9505373835563659
4588.1  0.9506695866584777
4590.7  0.9528749585151672
4593.3  0.9563928842544555
4595.9  0.9601145982742309
4598.5  0.9631428718566894
4601.1  0.9651456475257873
4603.7  0.9660995006561279
4606.3  0.9657800793647766
4608.9  0.9636397361755371
4611.5  0.9592978954315185
4614.1  0.9532538652420043
4616.7  0.9471045136451721
4619.3  0.9426402449607849
4621.9  0.9403722882270812
4624.5  0.9390969276428222
4627.1  0.9372259378433227
4629.7  0.9344590902328491
4632.3  0.9320478439331054
4634.9  0.9315925240516662
4637.5  0.9336403608322143
4640.1  0.9372896552085876
4642.7  0.9410088062286376
4645.3  0.9437559843063354
4647.9  0.9453641772270202
4650.5  0.9461573958396911
4653.1  0.946454644203186
4655.7  0.9463028907775878
4658.3  0.9454902410507202
4660.9  0.9439017176628112
4663.5  0.9419666528701782
4666.1  0.9405561685562133
4668.7  0.9403069019317626
4671.3  0.9412013888359069
4673.9  0.9428483247756958
4676.5  0.9448991417884826
4679.1  0.9471339583396911
4681.7  0.9494004249572753
4684.3  0.9516224861145019
4686.9  0.9537770152091979
4689.5  0.9558386206626892
4692.1  0.9578003287315368
4694.7  0.9597329497337341
4697.3  0.9617168307304382
4699.9  0.9636735320091247
4702.5  0.9653111100196838
4705.1  0.9663214087486267
4707.7  0.9667178988456726
4710.3  0.9669996500015258
4712.9  0.96788090467453
4715.5  0.9697025418281555
4718.1  0.9720664024353027
4720.7  0.9740507006645202
4723.3  0.9748364090919494
4725.9  0.9742940664291381
4728.5  0.9731062650680541
4731.1  0.9723003506660461
4733.7  0.972590684890747
4736.3  0.97415292263031
4738.9  0.9768122434616088
4741.5  0.9801386594772338
4744.1  0.98341566324234
4746.7  0.9858724474906921
4749.3  0.987112283706665
4751.9  0.9872667789459228
4754.5  0.9867461323738098
4757.1  0.9859423637390136
4759.7  0.9851883053779602
4762.3  0.9848222732543945
4764.9  0.9850540161132812
4767.5  0.9857312440872192
4770.1  0.986425757408142
4772.7  0.9868422746658325
4775.3  0.987079381942749
4777.9  0.9874841570854187
4780.5  0.9883033037185668
4783.1  0.9894672036170959
4785.7  0.9906451702117919
4788.3  0.9914779067039489
4790.9  0.9917721152305603
4793.5  0.9915107488632202
4796.1  0.9907292127609252
4798.7  0.9894389510154724
4801.3  0.9876531362533569
4803.9  0.9854054450988769
4806.5  0.9827857017517089
4809.1  0.9800828099250793
4811.7  0.9777718186378479
4814.3  0.9760545492172241
4816.9  0.974452257156372
4819.5  0.9721965193748474
4822.1  0.9690496325492858
4824.7  0.9653963446617126
4827.3  0.9614339470863342
4829.9  0.9566124677658081
4832.5  0.950011134147644
4835.1  0.940825343132019
4837.7  0.9281020164489746
4840.3  0.9101796150207519
4842.9  0.8847004771232604
4845.5  0.8491645455360412
4848.1  0.8015806674957275
4850.7  0.7414225935935974
4853.3  0.6717377305030822
4855.9  0.6018987298011779
4858.5  0.5477336049079895
4861.1  0.5256738066673278
4863.7  0.543183147907257
4866.3  0.5936152935028076
4868.9  0.6607052683830261
4871.5  0.7282741069793701
4874.1  0.7867530584335327
4876.7  0.8334105014801025
4879.3  0.8692182898521423
4881.9  0.8961555957794189
4884.5  0.9161946177482604
4887.1  0.9311552047729492
4889.7  0.9425540566444396
4892.3  0.9513642787933349
4894.9  0.9580068588256835
4897.5  0.962670624256134
4900.1  0.9656935930252075
4902.7  0.9675902128219604
4905.3  0.9687747359275817
4907.9  0.9694001674652099
4910.5  0.9694541692733764
4913.1  0.9688009619712829
4915.7  0.9672698974609375
4918.3  0.9652060270309448
4920.9  0.9639818668365478
4923.5  0.9652864933013916
4926.1  0.9694736003875732
4928.7  0.9750290513038635
4931.3  0.9799716472625732
4933.9  0.9834009408950805
4936.5  0.985539436340332
4939.1  0.9868465662002563
4941.7  0.9874472618103027
4944.3  0.9872138500213623
4946.9  0.9861829876899719
4949.5  0.9848899245262145
4952.1  0.9842152595520019
4954.7  0.9847573637962341
4957.3  0.9863767623901367
4959.9  0.9883496165275573
4962.5  0.9898987412452697
4965.1  0.9906692504882812
4967.7  0.9908831715583801
4970.3  0.9910555481910705
4972.9  0.9915014505386352
4975.5  0.9921198487281799
4978.1  0.9926317930221557
4980.7  0.992886483669281
4983.3  0.9928789138793945
4985.9  0.9926081299781799
4988.5  0.9920375347137451
4991.1  0.9910681247711181
4993.7  0.9893915057182312
4996.3  0.9865957498550415
4998.9  0.9827862381935119
5001.5  0.9789980053901672
5004.1  0.9765906333923339
5006.7  0.9761028289794921
5009.3  0.976819634437561
5011.9  0.9775022864341735
5014.5  0.9775301814079284
5017.1  0.9773472547531127
5019.7  0.9777690768241882
5022.3  0.9788882136344909
5024.9  0.9797671437263488
5027.5  0.9793063998222351
5030.1  0.9773715734481811
5032.7  0.9749669432640075
5035.3  0.9734240770339965
5037.9  0.9735761284828186
5040.5  0.9754443764686584
5043.1  0.9782374501228332
5045.7  0.9805984497070312
5048.3  0.9812861680984497
5050.9  0.9800395965576171
5053.5  0.977968156337738
5056.1  0.9769151210784912
5058.7  0.978031575679779
5061.3  0.9808431267738342
5063.9  0.9837800860404968
5066.5  0.9854848980903625
5069.1  0.9856784343719482
5071.7  0.9850989580154418
5074.3  0.984744906425476
5076.9  0.9850006103515625
5079.5  0.9854041934013366
5082.1  0.9852167963981628
5084.7  0.984110951423645
5087.3  0.9822915792465209
5089.9  0.9800689220428466
5092.5  0.977483332157135
5095.1  0.9746197462081909
5097.7  0.9723070263862609
5100.3  0.9719682335853576
5102.9  0.9743236303329467
5105.5  0.9784792065620422
5108.1  0.9825964570045471
5110.7  0.9852491617202758
5113.3  0.9860328435897827
5115.9  0.9852409958839416
5118.5  0.9833552241325378
5121.1  0.9808939099311828
5123.7  0.9785051941871643
5126.3  0.9768756031990051
5128.9  0.9762980341911315
5131.5  0.9763644933700561
5134.1  0.9762688875198364
5136.7  0.9754559993743896
5139.3  0.9739000797271728
5141.9  0.9718059301376342
5144.5  0.9692766666412353
5147.1  0.9664860963821411
5149.7  0.9640561938285827
5152.3  0.9628320336341857
5154.9  0.9630380272865295
5157.5  0.9637930989265441
5160.1  0.963697075843811
5162.7  0.9620491862297058
5165.3  0.9596235156059265
5167.9  0.9581102132797241
5170.5  0.9585040807723999
5173.1  0.960098385810852
5175.7  0.9612654447555541
5178.3  0.9610477089881896
5180.9  0.959789752960205
5183.5  0.9585040211677551
5186.1  0.9579371809959411
5188.7  0.9581720232963562
5191.3  0.9589550495147705
5193.9  0.9601914286613464
5196.5  0.9618794322013854
5199.1  0.9636729955673217
5201.7  0.9648976922035217
5204.3  0.9650653600692749
5206.9  0.9641777276992797
5209.5  0.9625948667526245
5212.1  0.9608011841773986
5214.7  0.9591420292854309
5217.3  0.9574781656265258
5219.9  0.955329954624176
5222.5  0.952793002128601
5225.1  0.9510852098464965
5227.7  0.9515255689620971
5230.3  0.9540308117866516
5232.9  0.9572194218635559
5235.5  0.9599592089653015
5238.1  0.9621935486793518
5240.7  0.9642231464385986
5243.3  0.9658833146095275
5245.9  0.966769516468048
5248.5  0.9668436050415039
5251.1  0.9664320349693298
5253.7  0.9657924771308898
5256.3  0.9649589657783508
5258.9  0.9639578461647033
5261.5  0.9630189538002014
5264.1  0.9623824954032897
5266.7  0.9619141221046447
5269.3  0.9612683057785034
5271.9  0.9606463909149169
5274.5  0.9610040187835693
5277.1  0.9631440639495849
5279.7  0.9667979478836059
5282.3  0.9708271026611328
5284.9  0.9741172194480895
5287.5  0.9761107563972473
5290.1  0.9767639636993408
5292.7  0.9763656258583068
5295.3  0.9753660559654235
5297.9  0.9741402268409729
5300.5  0.9727653264999389
5303.1  0.9710782766342163
5305.7  0.9688552618026733
5308.3  0.9659165740013122
5310.9  0.962436556816101
5313.5  0.9594621658325195
5316.1  0.9586445689201354
5318.7  0.9608107805252075
5321.3  0.9649585485458374
5323.9  0.9690214395523071
5326.5  0.9713949561119079
5329.1  0.9716434478759765
5331.7  0.9703851342201232
5334.3  0.968991219997406
5336.9  0.9689429402351379
5339.5  0.9707906246185302
5342.1  0.9737106561660766
5344.7  0.9763441085815429
5347.3  0.977947175502777
5349.9  0.9786226153373718
5352.5  0.9786832332611083
5355.1  0.9780703783035278
5357.7  0.9764632582664489
5360.3  0.9739412069320678
5362.9  0.9713755249977111
5365.5  0.9699612855911254
5368.1  0.9704235196113586
5370.7  0.97267347574234
5373.3  0.9759420752525329
5375.9  0.9791283011436462
5378.5  0.9812904596328735
5381.1  0.9820590615272521
5383.7  0.9816656708717346
5386.3  0.9805895090103149
5388.9  0.9791184663772583
5391.5  0.9772335290908813
5394.1  0.9749454855918884
5396.7  0.9726213812828063
5399.3  0.9708325862884521
5401.9  0.9699621796607971
5404.5  0.9700403213500976
5407.1  0.9708200097084045
5409.7  0.9719209671020507
5412.3  0.9730314016342163
5414.9  0.9740894436836242
5417.5  0.9752391576766967
5420.1  0.9765852689743041
5422.7  0.9780121445655822
5425.3  0.9792917966842651
5427.9  0.980363130569458
5430.5  0.9814079999923706
5433.1  0.9825261235237121
5435.7  0.983394980430603
5438.3  0.9834584593772888
5440.9  0.9825575947761535
5443.5  0.9812093377113342
5446.1  0.9801090955734252
5448.7  0.9794968962669372
5451.3  0.9791720509529113
5453.9  0.9789527058601379
5456.5  0.9788289070129394
5459.1  0.9787653684616088
5461.7  0.9786807894706726
5464.3  0.9786722660064697
5466.9  0.9789779782295227
5469.5  0.97962087392807
5472.1  0.9803447127342224
5474.7  0.9810283780097961
5477.3  0.9818789362907409
5479.9  0.9830501079559326
5482.5  0.9842565655708312
5485.1  0.9849612712860107
5487.7  0.9848129153251647
5490.3  0.983763575553894
5492.9  0.9818669557571411
5495.5  0.9791702032089233
5498.1  0.9759062528610229
5500.7  0.972797691822052
5503.3  0.9709951281547546
5505.9  0.9714944958686828
5508.5  0.9745077490806579
5511.1  0.9793327450752258
5513.7  0.9847026467323303
5516.3  0.9893296360969543
5518.9  0.9923681020736694
5521.5  0.9935812950134277
5524.1  0.9932092428207397
5526.7  0.9918406009674072
5529.3  0.9903711080551147
5531.9  0.9897215962409973
5534.5  0.9902305006980895
5537.1  0.9912940859794616
5539.7  0.9918462634086608
5542.3  0.9913528561592102
5544.9  0.9902593493461608
5547.5  0.9893622994422912
5550.1  0.9888988733291625
5552.7  0.9884214997291564
5555.3  0.9874820113182067
5557.9  0.9862237572669982
5560.5  0.9852693676948547
5563.1  0.9851936697959899
5565.7  0.9861899018287658
5568.3  0.9880839586257934
5570.9  0.9904213547706604
5573.5  0.9925868511199951
5576.1  0.9941070675849914
5578.7  0.9949134588241577
5581.3  0.9952510595321655
5583.9  0.9954228401184082
5586.5  0.9956415891647338
5589.1  0.9959052801132202
5591.7  0.9959235787391662
5594.3  0.9953472018241882
5596.9  0.9941610693931579
5599.5  0.9927728772163391
5602.1  0.9917088747024536
5604.7  0.9912347197532653
5607.3  0.9912549257278442
5609.9  0.9915663599967956
5612.5  0.9921877980232238
5615.1  0.99334317445755
5617.7  0.9950790405273437
5620.3  0.997044026851654
5622.9  0.9987187981605529
5625.5  0.9997626543045043
5628.1  1.000101447105408
5630.7  0.9998332858085632
5633.3  0.9991349577903747
5635.9  0.9981501698493957
5638.5  0.9968568682670593
5641.1  0.9951170682907104
5643.7  0.9929218292236328
5646.3  0.9904850125312805
5648.9  0.9880110621452331
5651.5  0.985516607761383
5654.1  0.983031690120697
5656.7  0.9808945655822753
5659.3  0.9796647429466247
5661.9  0.9796873927116394
5664.5  0.9807947874069213
5667.1  0.9824604392051696
5669.7  0.9841905236244201
5672.3  0.9857885241508483
5674.9  0.9873360395431518
5677.5  0.9889219403266906
5680.1  0.9903623461723327
5682.7  0.9912612438201904
5685.3  0.9914042353630065
5687.9  0.9909878969192504
5690.5  0.9903493523597717
5693.1  0.9895408153533935
5695.7  0.9882899522781372
5698.3  0.9863650798797607
5700.9  0.9839003682136535
5703.5  0.9813703298568725
5706.1  0.9792994260787963
5708.7  0.9779257774353027
5711.3  0.9770971536636352
5713.9  0.976590096950531
5716.5  0.9765545129776
5719.1  0.9774568080902099
5721.7  0.9794758558273315
5724.3  0.9821618199348449
5726.9  0.9848368167877197
5729.5  0.9871413707733154
5732.1  0.989083707332611
5734.7  0.990786075592041
5737.3  0.9923153519630432
5739.9  0.9936078786849975
5742.5  0.9944867491722106
5745.1  0.9948518276214599
5747.7  0.9948232769966125
5750.3  0.9945494532585144
5752.9  0.9938375353813171
5755.5  0.9912887215614318
5758.1  0.9821908473968505
5760.7  0.9550385475158691
5763.3  0.890548288822174
5765.9  0.7704268097877502
5768.5  0.5957646965980529
5771.1  0.3978003263473511
5773.7  0.2229901552200317
5776.3  0.1027485057711601
5778.9  0.03832942992448807
5781.5  0.01144934166222811
5784.1  0.002713765483349562
5786.7  5.027441075071692E-4
5789.3  6.689698784612119E-5
5791.9  0.
5794.5  0.
5797.1  0.
5799.7  0.
5802.3  0.
5804.9  0.
5807.5  0.
5810.1  0.
5812.7  0.
5815.3  0.
5817.9  0.
5820.5  6.924202898517251E-5
5823.1  5.213372060097754E-4
5825.7  0.002820749301463366
5828.3  0.0119278933852911
5830.9  0.0400230847299099
5833.5  0.1075386330485344
5836.1  0.2339377552270889
5838.7  0.4183187186717987
5841.3  0.6279131770133972
5843.9  0.8135719895362854
5846.5  0.9416178464889526
5849.1  1.010146617889404
5851.7  1.03830361366272
5854.3  1.046907901763916
5856.9  1.048648834228516
5859.5  1.048610687255859
5862.1  1.048014283180237
5864.7  1.046893954277039
5867.3  1.045226931571961
5869.9  1.043094635009766
5872.5  1.040677547454834
5875.1  1.038003325462341
5877.7  1.034647107124329
5880.3  1.029834032058716
5882.9  1.022891521453857
5885.5  1.012755632400513
5888.1  0.9973670840263366
5890.7  0.9764032363891601
5893.3  0.9562907218933105
5895.9  0.9490383863449096
5898.5  0.9618561267852783
5901.1  0.9892156720161437
5903.7  1.017920732498169
5906.3  1.038288474082947
5908.9  1.048660516738892
5911.5  1.051985263824463
5914.1  1.05135178565979
5916.7  1.048439502716065
5919.3  1.044221043586731
5921.9  1.039791941642761
5924.5  1.036240339279175
5927.1  1.033998250961304
5929.7  1.032981038093567
5932.3  1.033226370811462
5934.9  1.034855008125305
5937.5  1.037477970123291
5940.1  1.040186643600464
5942.7  1.042218327522278
5945.3  1.043401837348938
5947.9  1.043977618217468
5950.5  1.044155359268189
5953.1  1.043936252593994
5955.7  1.043341875076294
5958.3  1.042710781097412
5960.9  1.042556405067444
5963.5  1.043033003807068
5966.1  1.043612003326416
5968.7  1.043360471725464
5971.3  1.04169762134552
5973.9  1.03908383846283
5976.5  1.036862969398499
5979.1  1.036142230033875
5981.7  1.036857962608337
5984.3  1.038087010383606
5986.9  1.038995742797852
5989.5  1.039263606071472
5992.1  1.038918018341064
5994.7  1.038186192512512
5997.3  1.037460207939148
5999.9  1.037145137786865
6002.5  1.037426590919495
6005.1  1.038212537765503
6007.7  1.039253234863281
6010.3  1.040270328521729
6012.9  1.041046380996704
6015.5  1.041497230529785
6018.1  1.041682004928589
6020.7  1.041742563247681
6023.3  1.041813611984253
6025.9  1.041896343231201
6028.5  1.041754722595215
6031.1  1.041054129600525
6033.7  1.039695382118225
6036.3  1.037933588027954
6038.9  1.036104440689087
6041.5  1.034313559532166
6044.1  1.032465815544128
6046.7  1.030530333518982
6049.3  1.028734803199768
6051.9  1.027487516403198
6054.5  1.027080416679382
6057.1  1.027382135391235
6059.7  1.02785062789917
6062.3  1.027986645698547
6064.9  1.027939915657044
6067.5  1.028507113456726
6070.1  1.03022038936615
6072.7  1.032556295394898
6075.3  1.034392714500427
6077.9  1.035105586051941
6080.5  1.034916877746582
6083.1  1.034428000450134
6085.7  1.03416109085083
6088.3  1.034408926963806
6090.9  1.035151720046997
6093.5  1.036031603813171
6096.1  1.03660786151886
6098.7  1.036725521087647
6101.3  1.036602377891541
6103.9  1.03654146194458
6106.5  1.03662645816803
6109.1  1.036715626716614
6111.7  1.036665201187134
6114.3  1.03650176525116
6116.9  1.036377310752869
6119.5  1.036410450935364
6122.1  1.036637663841248
6124.7  1.037137508392334
6127.3  1.038120985031128
6129.9  1.03976047039032
6132.5  1.041880130767822
6135.1  1.043899178504944
6137.7  1.045113444328308
6140.3  1.045049548149109
6142.9  1.043751120567322
6145.5  1.041882157325745
6148.1  1.040343046188355
6150.7  1.039554476737976
6153.3  1.039289593696594
6155.9  1.039298295974731
6158.5  1.039704203605652
6161.1  1.040584564208984
6163.7  1.041533470153809
6166.3  1.041964292526245
6168.9  1.04172420501709
6171.5  1.041234970092773
6174.1  1.041061520576477
6176.7  1.041428208351135
6179.3  1.042158603668213
6181.9  1.042996883392334
6184.5  1.043884754180908
6187.1  1.044935822486877
6189.7  1.046230316162109
6192.3  1.047685384750366
6194.9  1.04910933971405
6197.5  1.05034875869751
6200.1  1.051407337188721
6202.7  1.052425503730774
6205.3  1.053493142127991
6207.9  1.054468035697937
6210.5  1.055037975311279
6213.1  1.054990291595459
6215.7  1.054367661476135
6218.3  1.053361296653748
6220.9  1.052145004272461
6223.5  1.05082643032074
6226.1  1.04945719242096
6228.7  1.047955870628357
6231.3  1.046068668365479
6233.9  1.043612360954285
6236.5  1.04086434841156
6239.1  1.038551807403565
6241.7  1.037352919578552
6244.3  1.037579298019409
6246.9  1.039297699928284
6249.5  1.042318105697632
6252.1  1.045985460281372
6254.7  1.049370527267456
6257.3  1.051835656166077
6259.9  1.053281784057617
6262.5  1.053871273994446
6265.1  1.053621888160706
6267.7  1.05210292339325
6270.3  1.048144817352295
6272.9  1.039944410324097
6275.5  1.026655077934265
6278.1  1.011080265045166
6280.7  0.9999679923057556
6283.3  0.9993870854377746
6285.9  1.009124040603638
6288.5  1.022642016410828
6291.1  1.032305479049683
6293.7  1.033941745758057
6296.3  1.028104305267334
6298.9  1.019428133964539
6301.5  1.014076232910156
6304.1  1.015259981155396
6306.7  1.020848751068115
6309.3  1.026350617408753
6311.9  1.029693007469177
6314.5  1.032220005989075
6317.1  1.035827875137329
6319.7  1.040454149246216
6322.3  1.044486880302429
6324.9  1.046719312667847
6327.5  1.047285676002503
6330.1  1.047035455703735
6332.7  1.046517729759216
6335.3  1.045590758323669
6337.9  1.043706178665161
6340.5  1.04059910774231
6343.1  1.036941051483154
6345.7  1.034154772758484
6348.3  1.033260583877564
6350.9  1.033962965011597
6353.5  1.035113096237183
6356.1  1.035846471786499
6358.7  1.035949349403381
6361.3  1.035408496856689
6363.9  1.034173488616943
6366.5  1.032483339309692
6369.1  1.031119346618652
6371.7  1.030982494354248
6374.3  1.032352805137634
6376.9  1.034694790840149
6379.5  1.037214517593384
6382.1  1.039418935775757
6384.7  1.041155576705933
6387.3  1.042440176010132
6389.9  1.043412089347839
6392.5  1.044276475906372
6395.1  1.045098781585693
6397.7  1.045678496360779
6400.3  1.045696020126343
6402.9  1.044971942901611
6405.5  1.043565511703491
6408.1  1.041706919670105
6410.7  1.039742827415466
6413.3  1.038123488426209
6415.9  1.037222146987915
6418.5  1.036980390548706
6421.1  1.036832928657532
6423.7  1.03618049621582
6426.3  1.03494930267334
6428.9  1.033599138259888
6431.5  1.032608032226563
6434.1  1.032034516334534
6436.7  1.031570553779602
6439.3  1.030898571014404
6441.9  1.029878258705139
6444.5  1.028426647186279
6447.1  1.026455402374268
6449.7  1.024129867553711
6452.3  1.02216362953186
6454.9  1.021578431129456
6457.5  1.022904634475708
6460.1  1.025669813156128
6462.7  1.028842568397522
6465.3  1.031646251678467
6467.9  1.033768057823181
6470.5  1.035018682479858
6473.1  1.035133838653564
6475.7  1.033942937850952
6478.3  1.031636953353882
6480.9  1.028854727745056
6483.5  1.026397824287415
6486.1  1.024744153022766
6488.7  1.02389931678772
6491.3  1.023743629455566
6493.9  1.024280071258545
6496.5  1.025372385978699
6499.1  1.026475787162781
6501.7  1.026907086372376
6504.3  1.0263512134552
6506.9  1.02496862411499
6509.5  1.023099184036255
6512.1  1.021067142486572
6514.7  1.019242644309998
6517.3  1.017991662025452
6519.9  1.017333269119263
6522.5  1.016730308532715
6525.1  1.01538622379303
6527.7  1.012722015380859
6530.3  1.008451342582703
6532.9  1.002209186553955
6535.5  0.9933019280433654
6538.1  0.9810402393341064
6540.7  0.9652631878852844
6543.3  0.9460965991020202
6545.9  0.9228308796882629
6548.5  0.893290638923645
6551.1  0.8548395037651062
6553.7  0.8067713975906372
6556.3  0.7532891631126403
6558.9  0.7053588032722473
6561.5  0.6779713034629821
6564.1  0.6818174719810485
6566.7  0.7156836986541748
6569.3  0.7674310207366943
6571.9  0.8224685192108154
6574.5  0.8711888194084167
6577.1  0.9103501439094543
6579.7  0.9405568242073059
6582.3  0.9636964797973632
6584.9  0.9816688299179077
6587.5  0.9959291219711303
6590.1  1.007410168647766
6592.7  1.016680955886841
6595.3  1.024205327033997
6597.9  1.030443072319031
6600.5  1.035709381103516
6603.1  1.040040016174317
6605.7  1.043313980102539
6608.3  1.045559167861939
6610.9  1.047099709510803
6613.5  1.048375010490417
6616.1  1.049654126167297
6618.7  1.050976753234863
6621.3  1.052310466766357
6623.9  1.053624749183655
6626.5  1.054811000823975
6629.1  1.055706977844238
6631.7  1.056254982948303
6634.3  1.056564807891846
6636.9  1.056779623031616
6639.5  1.056916832923889
6642.1  1.056894302368164
6644.7  1.056695818901062
6647.3  1.056463360786438
6649.9  1.056403398513794
6652.5  1.05664587020874
6655.1  1.057228088378906
6657.7  1.058166146278381
6660.3  1.059483528137207
6662.9  1.061149597167969
6665.5  1.062994837760925
6668.1  1.064689755439758
6670.7  1.065850138664246
6673.3  1.066303253173828
6675.9  1.066345572471619
6678.5  1.066652774810791
6681.1  1.067765474319458
6683.7  1.069625496864319
6686.3  1.07165265083313
6688.9  1.073215484619141
6691.5  1.07395339012146
6694.1  1.073727488517761
6696.7  1.072412610054016
6699.3  1.069888234138489
6701.9  1.066391110420227
6704.5  1.062897682189941
6707.1  1.0608229637146
6709.7  1.060949563980103
6712.3  1.062735915184021
6714.9  1.064874291419983
6717.5  1.066348910331726
6720.1  1.066841244697571
6722.7  1.066489934921265
6725.3  1.065622687339783
6727.9  1.064640879631043
6730.5  1.063914656639099
6733.1  1.063669800758362
6735.7  1.063920974731445
6738.3  1.0644850730896
6740.9  1.065086245536804
6743.5  1.065484285354614
6746.1  1.065581679344177
6748.7  1.065495729446411
6751.3  1.06552529335022
6753.9  1.065928936004639
6756.5  1.066665172576904
6759.1  1.067375898361206
6761.7  1.067631721496582
6764.3  1.067201733589172
6766.9  1.066148638725281
6769.5  1.064711332321167
6772.1  1.063104033470154
6774.7  1.061437606811524
6777.3  1.059855222702026
6779.9  1.058656930923462
6782.5  1.058152437210083
6785.1  1.058371663093567
6787.7  1.058990001678467
6790.3  1.059582948684692
6792.9  1.059901356697083
6795.5  1.05992591381073
6798.1  1.059734106063843
6800.7  1.059335708618164
6803.3  1.058632850646973
6805.9  1.057612538337708
6808.5  1.056591868400574
6811.1  1.056131362915039
6813.7  1.056540966033936
6816.3  1.057492971420288
6818.9  1.058230876922608
6821.5  1.058195590972901
6824.1  1.057474136352539
6826.7  1.056640625
6829.3  1.056165218353272
6831.9  1.056020259857178
6834.5  1.055886626243591
6837.1  1.055558919906616
6839.7  1.054946899414063
6842.3  1.053874373435974
6844.9  1.052309393882751
6847.5  1.050753951072693
6850.1  1.049917221069336
6852.7  1.049360871315002
6855.3  1.046234726905823
6857.9  1.035147666931152
6860.5  1.009921908378601
6863.1  0.9682760834693908
6865.7  0.9168875217437744
6868.3  0.8701353073120117
6870.9  0.84158456325531
6873.5  0.8377922773361206
6876.1  0.8586410284042358
6878.7  0.8971062302589416
6881.3  0.9383187890052795
6883.9  0.9663274884223937
6886.5  0.9753128886222839
6889.1  0.9721714854240417
6891.7  0.9678964614868164
6894.3  0.9683099389076232
6896.9  0.9733331203460693
6899.5  0.9818232655525207
6902.1  0.9933800101280212
6904.7  1.006228089332581
6907.3  1.016963601112366
6909.9  1.023502469062805
6912.5  1.026665210723877
6915.1  1.028414249420166
6917.7  1.029319643974304
6920.3  1.028170347213745
6922.9  1.023615956306458
6925.5  1.016138792037964
6928.1  1.008804798126221
6930.7  1.005834579467773
6933.3  1.009565591812134
6935.9  1.01836884021759
6938.5  1.027862191200256
6941.1  1.034328818321228
6943.7  1.036893367767334
6946.3  1.036928534507751
6948.9  1.036166906356812
6951.5  1.035521507263184
6954.1  1.035063743591309
6956.7  1.034552812576294
6959.3  1.033926010131836
6961.9  1.033578038215637
6964.5  1.034223198890686
6967.1  1.036317110061646
6969.7  1.03950297832489
6972.3  1.042736172676086
6974.9  1.044973015785217
6977.5  1.045639872550964
6980.1  1.044569969177246
6982.7  1.041864395141602
6985.3  1.038062453269959
6987.9  1.034151554107666
6990.5  1.030986666679382
6993.1  1.028761982917786
6995.7  1.027332186698914
6998.3  1.026800274848938
7000.9  1.027304410934448
7003.5  1.028534650802612
7006.1  1.030004382133484
7008.7  1.031508803367615
7011.3  1.032733559608459
7013.9  1.032515168190002
7016.5  1.028767466545105
7019.1  1.019679665565491
7021.7  1.006103277206421
7024.3  0.9931710362434387
7026.9  0.9879013299942016
7029.5  0.993390679359436
7032.1  1.005899786949158
7034.7  1.018460988998413
7037.3  1.026327013969421
7039.9  1.028457760810852
7042.5  1.025811076164246
7045.1  1.020299077033997
7047.7  1.015005588531494
7050.3  1.013338565826416
7052.9  1.016657829284668
7055.5  1.023227691650391
7058.1  1.030078649520874
7060.7  1.035442471504211
7063.3  1.039113283157349
7065.9  1.041373491287232
7068.5  1.042279481887817
7071.1  1.04176938533783
7073.7  1.040040850639343
7076.3  1.037739276885986
7078.9  1.035754919052124
7081.5  1.034690856933594
7084.1  1.034466862678528
7086.7  1.034405469894409
7089.3  1.033717155456543
7091.9  1.032050013542175
7094.5  1.029762744903564
7097.1  1.027635812759399
7099.7  1.026208162307739
7102.3  1.025398015975952
7104.9  1.024763226509094
7107.5  1.023966550827026
7110.1  1.022929430007935
7112.7  1.021757245063782
7115.3  1.020679235458374
7117.9  1.019928574562073
7120.5  1.019519925117493
7123.1  1.019181489944458
7125.7  1.018644452095032
7128.3  1.018109202384949
7130.9  1.018407106399536
7133.5  1.020414113998413
7136.1  1.024056553840637
7138.7  1.028089284896851
7141.3  1.031110405921936
7143.9  1.032639622688294
7146.5  1.033060789108276
7149.1  1.032761931419373
7151.7  1.031278014183044
7154.3  1.02682900428772
7156.9  1.016236901283264
7159.5  0.9961547255516052
7162.1  0.9669523835182189
7164.7  0.9369547367095947
7167.3  0.9200804829597473
7169.9  0.9248488545417785
7172.5  0.9456263780593872
7175.1  0.9667807817459106
7177.7  0.9748792052268981
7180.3  0.9668763875961303
7182.9  0.9501090049743652
7185.5  0.9363297224044799
7188.1  0.9330086112022399
7190.7  0.9378395080566406
7193.3  0.9401776194572448
7195.9  0.9278172850608825
7198.5  0.8961417078971862
7201.1  0.855505883693695
7203.7  0.8277963399887084
7206.3  0.8304903507232666
7208.9  0.8632882833480834
7211.5  0.9106836318969726
7214.1  0.954758882522583
7216.7  0.9843362569808959
7219.3  0.9956732392311096
7221.9  0.9882611632347106
7224.5  0.9622271656990051
7227.1  0.9214699268341064
7229.7  0.8780388832092285
7232.3  0.8481432795524597
7234.9  0.8405835628509521
7237.5  0.8523418307304382
7240.1  0.8755308389663696
7242.7  0.9019122123718261
7245.3  0.9210915565490722
7247.9  0.9248039126396179
7250.5  0.9169508218765258
7253.1  0.9126814007759094
7255.7  0.9234083294868469
7258.3  0.9462895989418029
7260.9  0.9702005982398986
7263.5  0.9870258569717407
7266.1  0.9945360422134399
7268.7  0.9926397800445556
7271.3  0.9813054203987121
7273.9  0.962431252002716
7276.5  0.9416789412498474
7279.1  0.9264917969703674
7281.7  0.9210402965545654
7284.3  0.9233415126800537
7286.9  0.9285060763359069
7289.5  0.9343494176864624
7292.1  0.9421550035476684
7294.7  0.9522186517715454
7297.3  0.9615241885185241
7299.9  0.9671239256858825
7302.5  0.9693821668624877
7305.1  0.9701077342033386
7307.7  0.9689869880676269
7310.3  0.9638277292251586
7312.9  0.9542956948280334
7315.5  0.9449833035469055
7318.1  0.9435809850692749
7320.7  0.95430588722229
7323.3  0.9734014272689819
7325.9  0.9924549460411071
7328.5  1.005324840545654
7331.1  1.011087536811829
7333.7  1.011922717094421
7336.3  1.010009765625
7338.9  1.006438732147217
7341.5  1.001997709274292
7344.1  0.997889220714569
7346.7  0.9951499700546264
7349.3  0.9935329556465148
7351.9  0.9916714429855346
7354.5  0.9887090921401977
7357.1  0.9857414960861206
7359.7  0.985123336315155
7362.3  0.9879769086837768
7364.9  0.9928421974182128
7367.5  0.9971251487731933
7370.1  0.9992110729217529
7372.7  0.9986866116523742
7375.3  0.9954307675361633
7377.9  0.9898107647895812
7380.5  0.9838204383850097
7383.1  0.9806904792785644
7385.7  0.982268750667572
7388.3  0.9872833490371704
7390.9  0.9929174780845642
7393.5  0.9975821375846862
7396.1  1.001550793647766
7398.7  1.005556106567383
7401.3  1.009629964828491
7403.9  1.013171434402466
7406.5  1.015483617782593
7409.1  1.01610279083252
7411.7  1.015072584152222
7414.3  1.013109683990479
7416.9  1.011252164840698
7419.5  1.010168194770813
7422.1  1.009878277778626
7424.7  1.010055899620056
7427.3  1.010387897491455
7429.9  1.01067578792572
7432.5  1.010800361633301
7435.1  1.010711312294006
7437.7  1.010395646095276
7440.3  1.009771347045898
7442.9  1.008683562278748
7445.5  1.007118701934815
7448.1  1.005332231521607
7450.7  1.003600955009461
7453.3  1.001919865608215
7455.9  1.000144481658936
7458.5  0.998386263847351
7461.1  0.9970430731773376
7463.7  0.996413767337799
7466.3  0.9964764714241027
7468.9  0.9970532655715942
7471.5  0.997965395450592
7474.1  0.9990272521972656
7476.7  1.000112175941467
7479.3  1.0013028383255
7481.9  1.002853155136108
7484.5  1.004926681518555
7487.1  1.007378578186035
7489.7  1.009838581085205
7492.3  1.012054920196533
7494.9  1.014086246490479
7497.5  1.016011118888855
7500.1  1.017521500587463
7502.7  1.018017649650574
7505.3  1.017151951789856
7507.9  1.015176296234131
7510.5  1.012774109840393
7513.1  1.010667085647583
7515.7  1.00930643081665
7518.3  1.008733987808228
7520.9  1.008642911911011
7523.5  1.008590579032898
7526.1  1.008217215538025
7528.7  1.0073401927948
7531.3  1.005968451499939
7533.9  1.004342079162598
7536.5  1.002941250801086
7539.1  1.002237439155579
7541.7  1.002260446548462
7544.3  1.00253176689148
7546.9  1.002552032470703
7549.5  1.002205610275269
7552.1  1.001618981361389
7554.7  1.000836849212647
7557.3  0.9997923374176025
7559.9  0.9984968304634094
7562.5  0.9971222877502441
7565.1  0.9958986043930053
7567.7  0.9950135946273803
7570.3  0.9946181774139404
7572.9  0.9948396682739257
7575.5  0.9957660436630249
7578.1  0.997249960899353
7580.7  0.9982375502586364
7583.3  0.9956973791122436
7585.9  0.9839421510696411
7588.5  0.9555242657661437
7591.1  0.903752863407135
7593.7  0.825920820236206
7596.3  0.7269522547721862
7598.9  0.6223468780517578
7601.5  0.5353593230247497
7604.1  0.4846506118774414
7606.7  0.4724941253662109
7609.3  0.4887157380580902
7611.9  0.5248318314552307
7614.5  0.5761366486549377
7617.1  0.6286587119102478
7619.7  0.6563279628753662
7622.3  0.6421039700508117
7624.9  0.5995298624038696
7627.5  0.5658161640167236
7630.1  0.5706703662872314
7632.7  0.61285400390625
7635.3  0.666835069656372
7637.9  0.7056658267974853
7640.5  0.7149084210395812
7643.1  0.6930490136146545
7645.7  0.6491273641586303
7648.3  0.6001864671707153
7650.9  0.5650687217712402
7653.5  0.5580300092697143
7656.1  0.5870610475540161
7658.7  0.6524353623390197
7661.3  0.7421389818191528
7663.9  0.8325160145759582
7666.5  0.8995915651321411
7669.1  0.9314412474632263
7671.7  0.9303797483444213
7674.3  0.9079658389091491
7676.9  0.8804983496665954
7679.5  0.8649228811264038
7682.1  0.8725382685661315
7684.7  0.9021534919738769
7687.3  0.9405401349067687
7689.9  0.9723984003067016
7692.5  0.990986168384552
7695.1  0.9992169737815856
7697.7  1.003053784370422
7700.3  1.00586473941803
7702.9  1.007779955863953
7705.5  1.007920503616333
7708.1  1.006188035011292
7710.7  1.003617882728577
7713.3  1.001506328582764
7715.9  1.000442504882813
7718.5  1.000083565711975
7721.1  0.999731957912445
7723.7  0.9990103244781494
7726.3  0.9980450868606567
7728.9  0.9971669912338256
7731.5  0.9965180158615112
7734.1  0.9959644675254821
7736.7  0.9953309297561645
7739.3  0.9946199059486389
7741.9  0.9939989447593688
7744.5  0.9936541318893432
7747.1  0.9936708807945251
7749.7  0.9939925074577331
7752.3  0.9944910407066345
7754.9  0.9950660467147827
7757.5  0.995583951473236
7760.1  0.9956710338592529
7762.7  0.9946953058242797
7765.3  0.9922340512275695
7767.9  0.9888603687286376
7770.5  0.9864398837089538
7773.1  0.9871379137039184
7775.7  0.9916635155677795
7778.3  0.9985760450363159
7780.9  1.005466938018799
7783.5  1.010618805885315
7786.1  1.013600587844849
7788.7  1.014846324920654
7791.3  1.01504123210907
7793.9  1.014718532562256
7796.5  1.014125347137451
7799.1  1.013285636901855
7801.7  1.012163519859314
7804.3  1.010807633399963
7806.9  1.009360194206238
7809.5  1.007909297943115
7812.1  1.006427764892578
7814.7  1.004940509796143
7817.3  1.00361955165863
7819.9  1.002561330795288
7822.5  1.001579523086548
7825.1  1.000444769859314
7827.7  0.9992953538894653
7830.3  0.9985777139663696
7832.9  0.9985281825065612
7835.5  0.9988601803779602
7838.1  0.9990028738975524
7840.7  0.9986016750335693
7843.3  0.9977747797966003
7845.9  0.9969226121902465
7848.5  0.9963009357452392
7851.1  0.9958055615425109
7853.7  0.9951350688934326
7856.3  0.9940985441207885
7858.9  0.992717683315277
7861.5  0.9910815954208374
7864.1  0.9893246889114379
7866.7  0.9879438281059265
7869.3  0.987935185432434
7871.9  0.9901734590530395
7874.5  0.9945896863937377
7877.1  1.000163435935974
7879.7  1.005566239356995
7882.3  1.009542107582092
7884.9  1.01083767414093
7887.5  1.008431315422058
7890.1  1.002518057823181
7892.7  0.9953463077545166
7895.3  0.9902718663215637
7897.9  0.9892197251319885
7900.5  0.9912989735603332
7903.1  0.9942395091056823
7905.7  0.9965954422950744
7908.3  0.9981996417045593
7910.9  0.9992123246192932
7913.5  0.9994922280311584
7916.1  0.9988213777542114
7918.7  0.9973003268241882
7921.3  0.9953770041465759
7923.9  0.9935771822929382
7926.5  0.9921904802322387
7929.1  0.9911779761314392
7931.7  0.9903182387351989
7934.3  0.9893849492073059
7936.9  0.9882310032844543
7939.5  0.9868155121803283
7942.1  0.9852282404899597
7944.7  0.9836794734001159
7947.3  0.9823675751686096
7949.9  0.9812998175621032
7952.5  0.9803521037101745
7955.1  0.9796701073646545
7957.7  0.9797888398170471
7960.3  0.9809757471084594
7962.9  0.9826369285583496
7965.5  0.983890414237976
7968.1  0.9846034049987792
7970.7  0.9853676557540893
7973.3  0.9864822030067443
7975.9  0.9874930381774902
7978.5  0.9880111217498779
7981.1  0.9887598156929016
7983.7  0.9911892414093017
7986.3  0.9956682920455932
7988.9  1.000558614730835
7991.5  1.003598690032959
7994.1  1.003830790519714
7996.7  1.001718044281006
7999.3  0.9978519678115844
8001.9  0.9922174215316772
8004.5  0.9848734140396118
8007.1  0.9770287871360778
8009.7  0.9709550738334655
8012.3  0.9684327244758605
8014.9  0.9691836237907409
8017.5  0.9710177779197692
8020.1  0.9715352654457092
8022.7  0.9697126746177673
8025.3  0.9663965702056884
8027.9  0.9636805057525634
8030.5  0.9633588194847106
8033.1  0.965605080127716
8035.7  0.9691728949546813
8038.3  0.9726272225379943
8040.9  0.9752449989318847
8043.5  0.9771012663841247
8046.1  0.9786519408226013
8048.7  0.9802020192146301
8051.3  0.9816771149635314
8053.9  0.9827800393104553
8056.5  0.9832346439361572
8059.1  0.9829022884368896
8061.7  0.9818823337554931
8064.3  0.9806271791458129
8066.9  0.9798346161842346
8069.5  0.9799907207489013
8072.1  0.9809624552726745
8074.7  0.9821715950965881
8077.3  0.9832319021224975
8079.9  0.984343409538269
8082.5  0.98605877161026
8085.1  0.9886835217475891
8087.7  0.9918220043182373
8090.3  0.9944647550582885
8092.9  0.9956307411193847
8095.5  0.9951065182685852
8098.1  0.9936652183532714
8100.7  0.9924547672271728
8103.3  0.992052137851715
8105.9  0.9921718835830688
8108.5  0.992242693901062
8111.1  0.9919630289077758
8113.7  0.9911727309226989
8116.3  0.9895020723342895
8118.9  0.9862542748451232
8121.5  0.9806265234947204
8124.1  0.9724385142326354
8126.7  0.9631181359291076
8129.3  0.9556457996368408
8131.9  0.9526948928833007
8134.5  0.9545567035675048
8137.1  0.9588484764099121
8139.7  0.9621387720108032
8142.3  0.9622639417648315
8144.9  0.9597609639167785
8147.5  0.9570117592811584
8150.1  0.9556171298027038
8152.7  0.9547727704048156
8155.3  0.9524649381637573
8157.9  0.9478698968887329
8160.5  0.94208425283432
8163.1  0.9367627501487731
8165.7  0.9323096275329589
8168.3  0.9273988604545593
8170.9  0.9202356338500976
8173.5  0.9109676480293273
8176.1  0.9031875133514404
8178.7  0.9020617604255676
8181.3  0.909743309020996
8183.9  0.9223763942718505
8186.5  0.9317551255226135
8189.1  0.9307260513305664
8191.7  0.9189661741256713
8194.3  0.9051562547683715
8196.9  0.9019465446472167
8199.5  0.9155358076095581
8202.1  0.9400472044944763
8204.7  0.9634739756584167
8207.3  0.9777576327323913
8209.9  0.982268214225769
8212.5  0.9801526665687561
8215.1  0.9735609889030456
8217.7  0.9607524871826171
8220.3  0.9359922409057617
8222.9  0.8943455815315246
8225.5  0.8407641649246215
8228.1  0.7943503260612487
8230.7  0.7783325314521789
8233.3  0.8016345500946044
8235.9  0.8511081933975219
8238.5  0.9029222130775451
8241.1  0.9400535821914672
8243.7  0.9591696262359619
8246.3  0.9655093550682067
8248.9  0.9654010534286499
8251.5  0.9629091620445251
8254.1  0.9600477218627929
8256.7  0.9578806161880493
8259.3  0.95699143409729
8261.9  0.9572942852973937
8264.5  0.9579200744628906
8267.1  0.957892894744873
8269.7  0.9571278691291809
8272.3  0.9565640687942504
8274.9  0.9570907354354858
8277.5  0.9584823846817016
8280.1  0.9596111178398132
8282.7  0.9595756530761718
8285.3  0.958467960357666
8287.9  0.9571531414985656
8290.5  0.9563506245613098
8293.1  0.955712080001831
8295.7  0.953759491443634
8298.3  0.9491816759109497
8300.9  0.942299485206604
8303.5  0.9349822998046875
8306.1  0.9295113682746887
8308.7  0.9283112287521362
8311.3  0.9337197542190551
8313.9  0.9457480311393737
8316.5  0.9603431224822998
8319.1  0.9718586802482604
8321.7  0.9772443175315856
8324.3  0.977056860923767
8326.9  0.9735185503959655
8329.5  0.9688933491706848
8332.1  0.9651386737823486
8334.7  0.9635261893272399
8337.3  0.9639296531677246
8339.9  0.9648744463920593
8342.5  0.9645392298698425
8345.1  0.9618189930915832
8347.7  0.9569353461265563
8350.3  0.9516924023628234
8352.9  0.9487213492393493
8355.5  0.9494508504867553
8358.1  0.9527432322502136
8360.7  0.9560227990150451
8363.3  0.9576092362403869
8365.9  0.9576330780982971
8368.5  0.9570993781089782
8371.1  0.9566932916641235
8373.7  0.9564749002456665
8376.3  0.9562288522720336
8378.9  0.9558245539665222
8381.5  0.9553709030151367
8384.1  0.9551708698272705
8386.7  0.9554842710494995
8389.3  0.9562559127807617
8391.9  0.9570961594581604
8394.5  0.9575244188308715
8397.1  0.957226276397705
8399.7  0.9562100768089294
8402.3  0.9548641443252563
8404.9  0.9538236260414123
8407.5  0.9536256194114685
8410.1  0.9544456005096435
8412.7  0.9562116861343383
8415.3  0.9589688181877136
8417.9  0.962945282459259
8420.5  0.9680322408676147
8423.1  0.9732831716537475
8425.7  0.9771909117698669
8428.3  0.9786041378974914
8430.9  0.9774160981178283
8433.5  0.9745425581932067
8436.1  0.9713609218597412
8438.7  0.9690165519714355
8441.3  0.9680280089378356
8443.9  0.9683225154876708
8446.5  0.9693841934204101
8449.1  0.9702580571174621
8451.7  0.9697598218917846
8454.3  0.9671480059623718
8456.9  0.9626807570457458
8459.5  0.9574151635169982
8462.1  0.9525706768035888
8464.7  0.9492211937904357
8467.3  0.9483217000961303
8469.9  0.9503958821296691
8472.5  0.9549270868301391
8475.1  0.9604105353355407
8477.7  0.9652440547943115
8480.3  0.9684928059577941
8482.9  0.9697802066802978
8485.5  0.9687246084213256
8488.1  0.9647693634033203
8490.7  0.9575639367103576
8493.3  0.9475718736648559
8495.9  0.9365167617797851
8498.5  0.927183985710144
8501.1  0.9223299622535705
8503.7  0.9233690500259399
8506.3  0.9298955798149108
8508.9  0.9402474761009216
8511.5  0.9523300528526306
8514.1  0.9640995860099792
8516.7  0.9738708138465881
8519.3  0.9806026220321655
8521.9  0.9837793111801147
8524.5  0.9821023344993591
8527.1  0.9709349274635314
8529.7  0.9392269849777221
8532.3  0.8694114089012145
8534.9  0.7460739016532897
8537.5  0.5725723505020141
8540.1  0.3798851072788239
8542.7  0.2118802964687347
8545.3  0.09725496917963027
8547.9  0.03617424517869949
8550.5  0.01078125182539225
8553.1  0.002550611505284905
8555.7  4.716199764516205E-4
8558.3  6.258772918954491E-5
8560.9  0.
8563.5  0.
8566.1  0.
8568.7  0.
8571.3  0.
8573.9  0.
8576.5  0.
8579.1  0.
8581.7  0.
8584.3  0.
8586.9  0.
8589.5  0.
8592.1  0.
8594.7  0.
8597.3  0.
8599.9  0.
8602.5  0.
8605.1  0.
8607.7  0.
8610.3  0.
8612.9  0.
8615.5  0.
8618.1  0.
8620.7  0.
8623.3  0.
8625.9  0.
8628.5  0.
8631.1  0.
8633.7  0.
8636.3  0.
8638.9  0.
8641.5  5.305084050633013E-5
8644.1  3.985632793046534E-4
8646.7  0.002155785681679845
8649.3  0.009114351123571395
8651.9  0.03058541193604469
8654.5  0.08224324136972427
8657.1  0.1792812943458557
8659.7  0.321993499994278
8662.3  0.4872969090938568
8664.9  0.6401285529136657
8667.5  0.7563658952713012
8670.1  0.8338704705238342
8672.7  0.884322702884674
8675.3  0.9200353622436523
8677.9  0.9482312202453613
8680.5  0.9719842672348022
8683.1  0.9923651218414306
8685.7  1.00956654548645
8688.3  1.023518919944763
8690.9  1.034378170967102
8693.5  1.042748332023621
8696.1  1.049334049224854
8698.7  1.054439902305603
8701.3  1.057913541793823
8703.9  1.059543251991272
8706.5  1.05935800075531
8709.1  1.057518720626831
8711.7  1.054043769836426
8714.3  1.048750638961792
8716.9  1.041471481323242
8719.5  1.032244443893433
8722.1  1.021233439445496
8724.7  1.008457541465759
8727.3  0.9936617016792297
8729.9  0.9764376282691955
8732.5  0.9563651084899902
8735.1  0.9330652356147766
8737.7  0.9063460230827331
8740.3  0.876681625843048
8742.9  0.8460747003555297
8745.5  0.8187654018402099
8748.1  0.8006525635719299
8750.7  0.7968369722366333
8753.3  0.8087134957313537
8755.9  0.8331162333488464
8758.5  0.8642760515213012
8761.1  0.8967382311820983
8763.7  0.9270228147506713
8766.3  0.9535939693450927
8768.9  0.9760615229606628
8771.5  0.9944732189178466
8774.1  1.008968949317932
8776.7  1.019793510437012
8779.3  1.027628540992737
8781.9  1.033977389335632
8784.5  1.04094934463501
8787.1  1.050084114074707
8789.7  1.061118602752686
8792.3  1.072111368179321
8794.9  1.080875039100647
8797.5  1.08623218536377
8800.1  1.088202953338623
8802.7  1.0875643491745
8805.3  1.085422515869141
8807.9  1.082835912704468
8810.5  1.080384492874146
8813.1  1.07798159122467
8815.7  1.07516622543335
8818.3  1.071614742279053
8820.9  1.067318081855774
8823.5  1.062310099601746
8826.1  1.056406021118164
8828.7  1.049251198768616
8831.3  1.040494799613953
8833.9  1.029838562011719
8836.5  1.016943454742432
8839.1  1.001338481903076
8841.7  0.9824492931365966
8844.3  0.9597816467285156
8846.9  0.9331304430961608
8849.5  0.9026492238044738
8852.1  0.8690046668052673
8854.7  0.8340595960617065
8857.3  0.8019092679023742
8859.9  0.7788752913475036
8862.5  0.7711396813392639
8865.1  0.7811193466186523
8867.7  0.8057742714881896
8870.3  0.8385589122772216
8872.9  0.8731003403663635
8875.5  0.9055118560791015
8878.1  0.9344117641448974
8880.7  0.959764540195465
8883.3  0.9818319678306579
8885.9  1.000763058662415
8888.5  1.016690254211426
8891.1  1.029905319213867
8893.7  1.040801882743836
8896.3  1.049678444862366
8898.9  1.056663513183594
8901.5  1.061827421188355
8904.1  1.065340757369995
8906.7  1.06755542755127
8909.3  1.069050192832947
8911.9  1.070670604705811
8914.5  1.073280096054077
8917.1  1.077135682106018
8919.7  1.08152449131012
8922.3  1.085362553596497
8924.9  1.088149428367615
8927.5  1.090126752853394
8930.1  1.091596841812134
8932.7  1.092299580574036
8935.3  1.09120500087738
8937.9  1.086501359939575
8940.5  1.076072573661804
8943.1  1.058601975440979
8945.7  1.03493595123291
8948.3  1.009523034095764
8950.9  0.9907633066177368
8953.5  0.9871848225593566
8956.1  1.000297427177429
8958.7  1.022210001945496
8961.3  1.042136788368225
8963.9  1.053958535194397
8966.5  1.057069540023804
8969.1  1.052891373634338
8971.7  1.042630076408386
8974.3  1.027394413948059
8976.9  1.008596539497376
8979.5  0.9870411753654479
8982.1  0.962286353111267
8984.7  0.9353666305541992
8987.3  0.9119872450828552
8989.9  0.8983672857284545
8992.5  0.8915643095970153
8995.1  0.8783094882965087
8997.7  0.8478068113327026
9000.3  0.8039807081222534
9002.9  0.7610475420951843
9005.5  0.7268073558807373
9008.1  0.695590317249298
9010.7  0.6612880825996398
9013.3  0.6332951784133911
9015.9  0.6323084235191345
9018.5  0.669049859046936
9021.1  0.7321047186851501
9023.7  0.7984543442726135
9026.3  0.8512593507766723
9028.9  0.8858662247657775
9031.5  0.9047845005989074
9034.1  0.9126684069633483
9036.7  0.9155825972557067
9039.3  0.9203992486000061
9041.9  0.9304696917533874
9044.5  0.9420903921127319
9047.1  0.949238121509552
9049.7  0.9531487822532653
9052.3  0.9629808664321899
9054.9  0.9847946166992187
9057.5  1.013535022735596
9060.1  1.038275480270386
9062.7  1.052171587944031
9065.3  1.055397629737854
9067.9  1.051400065422058
9070.5  1.042724013328552
9073.1  1.030114650726318
9075.7  1.014105319976807
9078.3  0.9959818720817565
9080.9  0.9779213666915893
9083.5  0.9643976092338562
9086.1  0.9619657397270202
9088.7  0.9718779325485229
9091.3  0.9836741685867309
9093.9  0.9837297797203063
9096.5  0.97194105386734
9099.1  0.9635971188545227
9101.7  0.971804916858673
9104.3  0.9927865862846374
9106.9  1.010712742805481
9109.5  1.012899994850159
9112.1  0.9993366599082946
9114.7  0.9820441603660583
9117.3  0.975851833820343
9119.9  0.9859101176261901
9122.5  1.003670692443848
9125.1  1.016731262207031
9127.7  1.020621657371521
9130.3  1.01934814453125
9132.9  1.018248796463013
9135.5  1.019286870956421
9138.1  1.021482229232788
9140.7  1.023632168769837
9143.3  1.02617621421814
9145.9  1.030305981636047
9148.5  1.036060214042664
9151.1  1.042555928230286
9153.7  1.049102306365967
9156.3  1.055036544799805
9158.9  1.058961629867554
9161.5  1.058183431625366
9164.1  1.048070073127747
9166.7  1.022944331169129
9169.3  0.9808761477470397
9171.9  0.9277785420417785
9174.5  0.8739928007125854
9177.1  0.8283918499946594
9179.7  0.8007164597511291
9182.3  0.8041810393333435
9184.9  0.8429920077323913
9187.5  0.8993206024169921
9190.1  0.9452736973762512
9192.7  0.9681068658828735
9195.3  0.9761552810668945
9197.9  0.9822833538055419
9200.5  0.9894550442695617
9203.1  0.9924581050872802
9205.7  0.9863138198852539
9208.3  0.9695754647254943
9210.9  0.9429914951324462
9213.5  0.9083997011184692
9216.1  0.8688603043556213
9218.7  0.8282685279846191
9221.3  0.7906875610351562
9223.9  0.7602936625480651
9226.5  0.7413373589515686
9229.1  0.7370396852493286
9231.7  0.7475069761276245
9234.3  0.7690531015396118
9236.9  0.796768307685852
9239.5  0.8280562162399291
9242.1  0.8627386093139648
9244.7  0.8996221423149108
9247.3  0.9345776438713073
9249.9  0.9627800583839416
9252.5  0.981734812259674
9255.1  0.9918903112411499
9257.7  0.9958625435829162
9260.3  0.9977664351463317
9262.9  1.00198233127594
9265.5  1.010918974876404
9268.1  1.023309469223022
9270.7  1.035029530525208
9273.3  1.042302012443543
9275.9  1.044482707977295
9278.5  1.043730020523071
9281.1  1.0422443151474
9283.7  1.039729237556458
9286.3  1.032874941825867
9288.9  1.017931699752808
9291.5  0.995227038860321
9294.1  0.9706869721412658
9296.7  0.9497124552726745
9299.3  0.9297943115234375
9301.9  0.904521882534027
9304.5  0.8757274150848388
9307.1  0.8531860709190368
9309.7  0.836346685886383
9312.3  0.804198145866394
9314.9  0.7350552678108215
9317.5  0.6373730897903442
9320.1  0.5529659986495971
9322.7  0.5222769379615783
9325.3  0.5474761128425598
9327.9  0.594999074935913
9330.5  0.6306198239326477
9333.1  0.6428223252296447
9335.7  0.6377181410789489
9338.3  0.6275683045387268
9340.9  0.6277382969856262
9343.5  0.6506286859512329
9346.1  0.6910993456840515
9348.7  0.7245298624038696
9351.3  0.7316685318946838
9353.9  0.722135841846466
9356.5  0.7221394777297973
9359.1  0.7427936792373657
9361.7  0.7732806205749511
9364.3  0.8006748557090759
9366.9  0.8207080960273742
9369.5  0.8295357823371887
9372.1  0.8209697604179382
9374.7  0.7984078526496887
9377.3  0.7820667624473571
9379.9  0.7952815890312194
9382.5  0.8418664336204528
9385.1  0.899598479270935
9387.7  0.9353207945823669
9390.3  0.9257200360298156
9392.9  0.8714401721954345
9395.5  0.8003244996070861
9398.1  0.7535531520843505
9400.7  0.7572849988937377
9403.3  0.8046041131019592
9405.9  0.8671000599861145
9408.5  0.9206435680389404
9411.1  0.9569075107574462
9413.7  0.9768217206001281
9416.3  0.9812642335891723
9418.9  0.9690786004066467
9421.5  0.9414268732070922
9424.1  0.9057397842407226
9426.7  0.8699511289596557
9429.3  0.8289594650268554
9431.9  0.7646686434745788
9434.5  0.6723629236221313
9437.1  0.5852896571159362
9439.7  0.5568872690200805
9442.3  0.6107140779495239
9444.9  0.7127206921577453
9447.5  0.7960980534553527
9450.1  0.8112008571624755
9452.7  0.7548765540122985
9455.3  0.6603266596794128
9457.9  0.5645457506179809
9460.5  0.4877678453922272
9463.1  0.4400072693824768
9465.7  0.4344001114368439
9468.3  0.4813690781593323
9470.9  0.5705828070640563
9473.5  0.6700717806816101
9476.1  0.7483026981353759
9478.7  0.7946491241455078
9481.3  0.819368839263916
9483.9  0.8382205963134765
9486.5  0.8572999835014343
9489.1  0.8697670102119445
9491.7  0.8655771613121032
9494.3  0.8457281589508056
9496.9  0.8256217241287231
9499.5  0.8214194178581237
9502.1  0.8352740406990051
9504.7  0.8573761582374572
9507.3  0.8794040083885192
9509.9  0.9003469944000244
9512.5  0.9200259447097778
9515.1  0.933157205581665
9517.7  0.9323290586471557
9520.3  0.9148362874984741
9522.9  0.885606050491333
9525.5  0.8551481366157531
9528.1  0.8336654901504516
9530.7  0.8229643106460571
9533.3  0.8127800226211547
9535.9  0.7879576086997985
9538.5  0.7426839470863342
9541.1  0.6890235543251037
9543.7  0.650332748889923
9546.3  0.6421974301338195
9548.9  0.6585527062416076
9551.5  0.6781440377235412
9554.1  0.6842818856239318
9556.7  0.678022027015686
9559.3  0.6758292913436889
9561.9  0.6968806385993957
9564.5  0.7476544380187988
9567.1  0.8144593834877014
9569.7  0.8724192380905151
9572.3  0.9033929109573364
9574.9  0.9054800271987915
9577.5  0.8884202241897583
9580.1  0.8626922965049743
9582.7  0.8332416415214538
9585.3  0.8042840957641601
9587.9  0.7875964641571044
9590.5  0.7983269691467285
9593.1  0.8396377563476562
9595.7  0.8966104984283447
9598.3  0.9455007314682006
9600.9  0.9625124335289001
9603.5  0.9251095652580261
9606.1  0.8180295825004577
9608.7  0.6512089967727661
9611.3  0.4716278612613678
9613.9  0.3459561467170715
9616.5  0.3220607340335846
9619.1  0.4038823843002319
9621.7  0.5568609833717346
9624.3  0.7300840020179748
9626.9  0.8780127763748168
9629.5  0.9753980040550231
9632.1  1.021458506584168
9634.7  1.032090187072754
9637.3  1.027057647705078
9639.9  1.02109956741333
9642.5  1.021592855453491
9645.1  1.030499577522278
9647.7  1.046414494514465
9650.3  1.06491482257843
9652.9  1.07966673374176
9655.5  1.086057186126709
9658.1  1.084290862083435
9660.7  1.079111099243164
9663.3  1.07700264453888
9665.9  1.082505941390991
9668.5  1.095329642295837
9671.1  1.110538840293884
9673.7  1.122391700744629
9676.3  1.128533959388733
9678.9  1.13054621219635
9681.5  1.130863547325134
9684.1  1.130228638648987
9686.7  1.128462314605713
9689.3  1.126339912414551
9691.9  1.125428199768066
9694.5  1.126692414283752
9697.1  1.130044460296631
9699.7  1.134632468223572
9702.3  1.139013886451721
9704.9  1.141754150390625
9707.5  1.142486810684204
9710.1  1.142274379730225
9712.7  1.142686009407044
9715.3  1.144428372383118
9717.9  1.146707773208618
9720.5  1.147856831550598
9723.1  1.146530866622925
9725.7  1.141824007034302
9728.3  1.132641434669495
9730.9  1.118828296661377
9733.5  1.103920817375183
9736.1  1.094728589057922
9738.7  1.095638394355774
9741.3  1.103278040885925
9743.9  1.107669115066528
9746.5  1.097014307975769
9749.1  1.06134569644928
9751.7  0.995732843875885
9754.3  0.9024110436439514
9756.9  0.7863020896911621
9759.5  0.6490095853805541
9762.1  0.497008740901947
9764.7  0.3597944974899292
9767.3  0.2886973321437836
9769.9  0.3258987367153168
9772.5  0.4705410301685333
9775.1  0.6740456819534301
9777.7  0.8699039220809936
9780.3  1.012441515922546
9782.9  1.092667937278748
9785.5  1.126112103462219
9788.1  1.132633328437805
9790.7  1.125473618507385
9793.3  1.11139714717865
9795.9  1.09631359577179
9798.5  1.088479280471802
9801.1  1.094407916069031
9803.7  1.11260461807251
9806.3  1.134372353553772
9808.9  1.150991916656494
9811.5  1.158946514129639
9814.1  1.159324288368225
9816.7  1.154734969139099
9819.3  1.147750616073608
9821.9  1.141255378723145
9824.5  1.138147592544556
9827.1  1.139338374137879
9829.7  1.142750382423401
9832.3  1.145652770996094
9834.9  1.147346138954163
9837.5  1.14828360080719
9840.1  1.147758364677429
9842.7  1.144682884216309
9845.3  1.140395641326904
9847.9  1.138420701026917
9850.5  1.140814423561096
9853.1  1.146170616149902
9855.7  1.151620030403137
9858.3  1.155509829521179
9860.9  1.157767653465271
9863.5  1.158913612365723
9866.1  1.1593918800354
9868.7  1.159386515617371
9871.3  1.158941626548767
9873.9  1.158383727073669
9876.5  1.158502817153931
9879.1  1.159993052482605
9881.7  1.162676095962524
9884.3  1.165600299835205
9886.9  1.168075561523438
9889.5  1.170305490493774
9892.1  1.172757744789124
9894.7  1.175409436225891
9897.3  1.177979707717896
9899.9  1.18038284778595
9902.5  1.182436347007752
9905.1  1.183585524559021
9907.7  1.182505249977112
9910.3  1.174651145935059
9912.9  1.147442221641541
9915.5  1.079695224761963
9918.1  0.9558811783790588
9920.7  0.7926515936851501
9923.3  0.6495965123176574
9925.9  0.5972115993499755
9928.5  0.6622349023818969
9931.1  0.8064841628074645
9933.7  0.9611748456954956
9936.3  1.077335834503174
9938.9  1.145168542861939
9941.5  1.178749322891235
9944.1  1.194341659545899
9946.7  1.201946020126343
9949.3  1.207027673721313
9951.9  1.212695002555847
9954.5  1.219531774520874
9957.1  1.225896716117859
9959.7  1.22975504398346
9962.3  1.23046624660492
9964.9  1.229043960571289
9967.5  1.227104902267456
9970.1  1.225618124008179
9972.7  1.224228143692017
9975.3  1.221776008605957
9977.9  1.217754244804382
9980.5  1.213100552558899
9983.1  1.208284378051758
9985.7  1.19862163066864
9988.3  1.168893814086914
9990.9  1.093011498451233
9993.5  0.9467672109603881
9996.1  0.7317005991935729
