3501.3  0.7543933391571044
3503.9  1.004469156265259
3506.5  1.149834990501404
3509.1  1.157843589782715
3511.7  1.05993127822876
3514.3  0.9264116287231445
3516.9  0.8141266107559204
3519.5  0.734752595424652
3522.1  0.6772282123565673
3524.7  0.6476762890815734
3527.3  0.6695350408554077
3529.9  0.7516602277755737
3532.5  0.8693807721138
3535.1  0.9724137783050537
3537.7  1.00911283493042
3540.3  0.9588575363159179
3542.9  0.8511964082717895
3545.5  0.7477128505706787
3548.1  0.6980018019676208
3550.7  0.7099959254264831
3553.3  0.756077766418457
3555.9  0.7995528578758239
3558.5  0.8149058818817138
3561.1  0.7915782332420349
3563.7  0.7302092909812927
3566.3  0.6406237483024597
3568.9  0.5391110777854919
3571.5  0.4428756535053253
3574.1  0.3673571944236755
3576.7  0.326305478811264
3579.3  0.3283456861972809
3581.9  0.3727564513683319
3584.5  0.4508202970027924
3587.1  0.5503449440002441
3589.7  0.6567827463150024
3592.3  0.7528921961784362
3594.9  0.8198656439781188
3597.5  0.8376862406730651
3600.1  0.790708839893341
3602.7  0.6832371354103088
3605.3  0.5492541193962097
3607.9  0.4381779730319977
3610.5  0.3862071931362152
3613.1  0.3975208103656769
3615.7  0.4493287801742554
3618.3  0.5153263807296752
3620.9  0.58328777551651
3623.5  0.6494951248168945
3626.1  0.7037963271141052
3628.7  0.7333009243011474
3631.3  0.7407363653182983
3633.9  0.7455506324768066
3636.5  0.7607983946800231
3639.1  0.7781398296356201
3641.7  0.7808071374893188
3644.3  0.764009416103363
3646.9  0.7375600934028625
3649.5  0.7128424048423767
3652.1  0.6923813819885253
3654.7  0.6737158894538879
3657.3  0.6637707352638244
3659.9  0.6840301752090454
3662.5  0.7532054185867309
3665.1  0.8646187186241149
3667.7  0.9829413294792175
3670.3  1.060529232025147
3672.9  1.058052778244019
3675.5  0.9645416736602783
3678.1  0.8097456097602844
3680.7  0.6516835689544677
3683.3  0.5424122810363769
3685.9  0.5038776397705078
3688.5  0.53012216091156
3691.1  0.5975348949432373
3693.7  0.6688675284385681
3696.3  0.7048307657241821
3698.9  0.689946174621582
3701.5  0.6472856998443603
3704.1  0.6204315423965454
3706.7  0.6385735869407653
3709.3  0.6937819123268127
3711.9  0.7434470653533935
3714.5  0.738469660282135
3717.1  0.6620463728904724
3719.7  0.5441278219223022
3722.3  0.4337550103664398
3724.9  0.3589607775211334
3727.5  0.3157255947589874
3730.1  0.2887857258319855
3732.7  0.2737831771373749
3735.3  0.2771007418632507
3737.9  0.2990863919258118
3740.5  0.325705498456955
3743.1  0.3418247401714325
3745.7  0.3494576513767242
3748.3  0.3653978407382965
3750.9  0.4002256393432617
3753.5  0.4449138045310974
3756.1  0.4807854294776917
3758.7  0.5004818439483642
3761.3  0.5168882608413696
3763.9  0.5525149703025817
3766.5  0.6202965974807739
3769.1  0.7120023369789123
3771.7  0.8044627904891967
3774.3  0.8789064288139343
3776.9  0.9316824078559875
3779.5  0.9621544480323791
3782.1  0.9566211700439453
3784.7  0.8960381746292114
3787.3  0.782749056816101
3789.9  0.6529613733291625
3792.5  0.5576200485229492
3795.1  0.5290982127189636
3797.7  0.5642623901367187
3800.3  0.6331270933151245
3802.9  0.6972137689590454
3805.5  0.7232562899589538
3808.1  0.6932384371757507
3810.7  0.6132346987724304
3813.3  0.5124256014823913
3815.9  0.4243718683719635
3818.5  0.3639539778232575
3821.1  0.32439985871315
3823.7  0.2946265041828156
3826.3  0.2725279629230499
3828.9  0.2614601850509644
3831.5  0.261878103017807
3834.1  0.2720756828784943
3836.7  0.2931580245494843
3839.3  0.3265528380870819
3841.9  0.3681850433349609
3844.5  0.4097014367580414
3847.1  0.4434367716312409
3849.7  0.4619147479534149
3852.3  0.4583367705345154
3854.9  0.4368273019790649
3857.5  0.4181984066963196
3860.1  0.4238787889480591
3862.7  0.452153742313385
3865.3  0.4771076440811157
3867.9  0.4740777313709259
3870.5  0.4444055259227753
3873.1  0.4129258394241333
3875.7  0.4017665386199951
3878.3  0.4099226891994476
3880.9  0.4211571514606476
3883.5  0.4299184679985046
3886.1  0.4512703716754913
3888.7  0.5009697079658508
3891.3  0.5725088119506835
3893.9  0.6407708525657653
3896.5  0.6828091740608215
3899.1  0.6902517080307006
3901.7  0.6701222658157348
3904.3  0.6408415436744689
3906.9  0.6198777556419372
3909.5  0.6099262833595275
3912.1  0.603240966796875
3914.7  0.5965715050697326
3917.3  0.5906715989112854
3919.9  0.5782861113548278
3922.5  0.5451887249946594
3925.1  0.4849265813827515
3927.7  0.4084169566631317
3930.3  0.3398663401603699
3932.9  0.3036885559558868
3935.5  0.3114877045154572
3938.1  0.357146292924881
3940.7  0.4228673577308655
3943.3  0.4909676015377045
3945.9  0.5508316159248352
3948.5  0.595500111579895
3951.1  0.615111231803894
3953.7  0.5997471809387207
3956.3  0.549740195274353
3958.9  0.4788835048675537
3961.5  0.4069840908050537
3964.1  0.3522773385047913
3966.7  0.3290073871612549
3969.3  0.3460368514060974
3971.9  0.4031857252120972
3974.5  0.4884167909622192
3977.1  0.5795971155166625
3979.7  0.650616705417633
3982.3  0.6827291846275329
3984.9  0.6797484755516052
3987.5  0.672390878200531
3990.1  0.6965140104293823
3992.7  0.7600995302200317
3995.3  0.8351072669029235
3997.9  0.88242107629776
4000.5  0.882173478603363
4003.1  0.847661554813385
4005.7  0.8177266120910644
4008.3  0.8275028467178344
4010.9  0.8764036297798156
4013.5  0.9280667304992675
4016.1  0.9465805292129516
4018.7  0.928436279296875
4021.3  0.8960877060890197
4023.9  0.8694241046905517
4026.5  0.8542180657386779
4029.1  0.8525606989860534
4031.7  0.8687848448753356
4034.3  0.9003093838691711
4036.9  0.9304422736167907
4039.5  0.937581717967987
4042.1  0.9132791757583618
4044.7  0.8701117634773254
4047.3  0.8289484977722167
4049.9  0.7988268136978149
4052.5  0.7738836407661437
4055.1  0.7497884035110473
4057.7  0.7333683967590332
4060.3  0.7331717014312744
4062.9  0.7503605484962463
4065.5  0.7828633189201354
4068.1  0.8302920460700988
4070.7  0.8909100890159606
4073.3  0.9578505754470825
4075.9  1.019875168800354
4078.5  1.064469218254089
4081.1  1.082332015037537
4083.7  1.074446201324463
4086.3  1.05500054359436
4088.9  1.03977382183075
4091.5  1.027466177940369
4094.1  0.9979459643363952
4096.7  0.935007631778717
4099.3  0.850917637348175
4101.9  0.785949170589447
4104.5  0.7784688472747802
4107.1  0.8316984772682189
4109.7  0.9129753112792968
4112.3  0.9859372377395629
4114.9  1.035311698913574
4117.5  1.059983730316162
4120.1  1.05681324005127
4122.7  1.021716237068176
4125.3  0.9617181420326232
4127.9  0.8970462083816528
4130.5  0.8484498858451843
4133.1  0.8225278854370117
4135.7  0.8093664050102233
4138.3  0.7965616583824157
4140.9  0.7865755558013916
4143.5  0.7958564758300781
4146.1  0.8338525295257568
4148.7  0.8883569836616516
4151.3  0.9357334375381469
4153.9  0.9622920751571655
4156.5  0.9737794399261474
4159.1  0.9863282442092895
4161.7  1.007695555686951
4164.3  1.026570081710816
4166.9  1.024358510971069
4169.5  0.9984703660011291
4172.1  0.9682090878486633
4174.7  0.9553012251853942
4177.3  0.9633930325508117
4179.9  0.97901052236557
4182.5  0.9871445894241333
4185.1  0.9832111597061157
4187.7  0.973401665687561
4190.3  0.9664021730422973
4192.9  0.9648004174232482
4195.5  0.9626705050468444
4198.1  0.9505913853645324
4200.7  0.9258695244789123
4203.3  0.9003032445907592
4205.9  0.8926681280136108
4208.5  0.9086279869079589
4211.1  0.9332199692726135
4213.7  0.9463111758232116
4216.3  0.9369049072265625
4218.9  0.9008510112762451
4221.5  0.8412652611732482
4224.1  0.7791123986244201
4226.7  0.7476952075958251
4229.3  0.7635031938552856
4231.9  0.8106226921081542
4234.5  0.86142098903656
4237.1  0.9038509130477905
4239.7  0.9396308064460754
4242.3  0.9624003171920776
4244.9  0.9521915912628173
4247.5  0.8968207836151123
4250.1  0.8116654753684997
4252.7  0.7311211824417114
4255.3  0.6822059750556945
4257.9  0.6707674264907836
4260.5  0.6885285973548889
4263.1  0.7224936485290527
4265.7  0.7570453882217407
4268.3  0.7795208692550659
4270.9  0.7894333600997924
4273.5  0.7970823645591735
4276.1  0.8099530339241027
4278.7  0.8224493861198425
4281.3  0.8206573128700256
4283.9  0.7971370816230773
4286.5  0.7601626515388488
4289.1  0.7258976101875305
4291.7  0.700978398323059
4294.3  0.677579641342163
4296.9  0.6469379663467407
4299.5  0.6120810508728027
4302.1  0.5837948322296142
4304.7  0.569003403186798
4307.3  0.5693791508674621
4309.9  0.5900565385818481
4312.5  0.640637457370758
4315.1  0.719937264919281
4317.7  0.8027101159095764
4320.3  0.8539775609970092
4322.9  0.8619964718818664
4325.5  0.8488961458206176
4328.1  0.8445371389389038
4330.7  0.857389748096466
4333.3  0.8740568161010742
4335.9  0.8788391351699829
4338.5  0.8701392412185668
4341.1  0.8616189956665039
4343.7  0.8681427836418151
4346.3  0.8903939723968505
4348.9  0.915568470954895
4351.5  0.9318180084228515
4354.1  0.9380837082862854
4356.7  0.9404118061065673
4359.3  0.9428255558013916
4361.9  0.9445051550865173
4364.5  0.9444648623466491
4367.1  0.9432309865951538
4369.7  0.9380238652229309
4372.3  0.9227073192596435
4374.9  0.8943015933036804
4377.5  0.8543266057968139
4380.1  0.807089626789093
4382.7  0.7647435069084167
4385.3  0.7481355667114257
4387.9  0.7705841660499572
4390.5  0.8215413689613342
4393.1  0.8730886578559875
4395.7  0.9006222486495971
4398.3  0.8951592445373535
4400.9  0.8650732636451721
4403.5  0.8341532349586486
4406.1  0.8303662538528442
4408.7  0.865529716014862
4411.3  0.9255866408348083
4413.9  0.9843716621398925
4416.5  1.025913834571838
4419.1  1.052548050880432
4421.7  1.075104236602783
4424.3  1.098379135131836
4426.9  1.114219069480896
4429.5  1.108236193656921
4432.1  1.076207995414734
4434.7  1.034651875495911
4437.3  1.010491967201233
4439.9  1.017503023147583
4442.5  1.045849680900574
4445.1  1.07329797744751
4447.7  1.080544352531433
4450.3  1.057313561439514
4452.9  1.005000591278076
4455.5  0.9409229755401611
4458.1  0.8963159918785095
4460.7  0.8996708393096923
4463.3  0.954080045223236
4465.9  1.031375408172608
4468.5  1.092829346656799
4471.1  1.116864800453186
4473.7  1.108277082443237
4476.3  1.086344361305237
4478.9  1.065953254699707
4481.5  1.047687411308289
4484.1  1.024533867835999
4486.7  0.9971841573715209
4489.3  0.9796032309532165
4491.9  0.9866945147514343
4494.5  1.01912534236908
4497.1  1.062265992164612
4499.7  1.096599698066711
4502.3  1.107234477996826
4504.9  1.089300632476807
4507.5  1.050025343894959
4510.1  1.005088329315186
4512.7  0.9691644310951232
4515.3  0.9492198824882507
4517.9  0.9457619190216064
4520.5  0.9552558064460754
4523.1  0.9690430760383605
4525.7  0.9732998013496398
4528.3  0.9562821388244628
4530.9  0.9214109778404235
4533.5  0.8928809762001037
4536.1  0.8990915417671203
4538.7  0.9437747597694396
4541.3  0.9987087845802307
4543.9  1.030297160148621
4546.5  1.030572652816773
4549.1  1.020033717155457
4551.7  1.024636268615723
4554.3  1.052728176116943
4556.9  1.090299487113953
4559.5  1.113040685653687
4562.1  1.103768706321716
4564.7  1.063260197639465
4567.3  1.008161544799805
4569.9  0.9604451656341552
4572.5  0.9379568696022033
4575.1  0.9486108422279357
4577.7  0.9858198761940002
4580.3  1.030496001243591
4582.9  1.06368625164032
4585.5  1.07727837562561
4588.1  1.069828867912293
4590.7  1.036613583564758
4593.3  0.9736371040344238
4595.9  0.8950118422508239
4598.5  0.8375790119171142
4601.1  0.8356557488441467
4603.7  0.8891807198524475
4606.3  0.9638648629188537
4608.9  1.024108409881592
4611.5  1.059597849845886
4614.1  1.080103039741516
4616.7  1.094603896141052
4619.3  1.101536154747009
4621.9  1.094992160797119
4624.5  1.07483720779419
4627.1  1.050386190414429
4629.7  1.033320069313049
4632.3  1.025744915008545
4634.9  1.018914103507996
4637.5  1.006239652633667
4640.1  0.9922579526901245
4642.7  0.9859600067138671
4645.3  0.9921063780784606
4647.9  1.011505365371704
4650.5  1.041940689086914
4653.1  1.075569868087769
4655.7  1.101048469543457
4658.3  1.110982298851013
4660.9  1.105837106704712
4663.5  1.092147827148438
4666.1  1.07892370223999
4668.7  1.073381423950195
4671.3  1.076607704162598
4673.9  1.083821773529053
4676.5  1.090441226959229
4679.1  1.09657633304596
4681.7  1.104393243789673
4684.3  1.113161325454712
4686.9  1.118924021720886
4689.5  1.118219137191772
4692.1  1.110363006591797
4694.7  1.09608781337738
4697.3  1.07405149936676
4699.9  1.040120720863342
4702.5  0.9940003156661987
4705.1  0.9482603669166564
4707.7  0.9246861338615417
4710.3  0.9355624318122863
4712.9  0.9721392393112182
4715.5  1.015075922012329
4718.1  1.050283789634705
4720.7  1.070586204528809
4723.3  1.070445775985718
4725.9  1.048138976097107
4728.5  1.012252330780029
4731.1  0.9795500636100769
4733.7  0.9635174870491027
4736.3  0.9671151638031005
4738.9  0.9861118793487548
4741.5  1.013897299766541
4744.1  1.038888573646545
4746.7  1.04314911365509
4749.3  1.013160586357117
4751.9  0.9556604623794555
4754.5  0.8985326886177062
4757.1  0.8715317845344543
4759.7  0.8857366442680358
4762.3  0.9301144480705261
4764.9  0.9834155440330505
4767.5  1.028023719787598
4770.1  1.057401418685913
4772.7  1.074911594390869
4775.3  1.086787581443787
4777.9  1.095631003379822
4780.5  1.100019693374634
4783.1  1.098877191543579
4785.7  1.094552993774414
4788.3  1.090859293937683
4790.9  1.088331818580628
4793.5  1.084202527999878
4796.1  1.078317046165466
4798.7  1.074783802032471
4801.3  1.074584603309631
4803.9  1.072132468223572
4806.5  1.064610242843628
4809.1  1.059263467788696
4811.7  1.06482195854187
4814.3  1.079440116882324
4816.9  1.092492699623108
4819.5  1.09533429145813
4822.1  1.087165355682373
4824.7  1.073635458946228
4827.3  1.062924385070801
4829.9  1.061254262924194
4832.5  1.069539546966553
4835.1  1.083713412284851
4837.7  1.098788022994995
4840.3  1.112107276916504
4842.9  1.122336745262146
4845.5  1.126220345497131
4848.1  1.118253350257874
4850.7  1.095027923583984
4853.3  1.06079888343811
4855.9  1.027580380439758
4858.5  1.007034778594971
4861.1  1.000921368598938
4863.7  1.000454545021057
4866.3  0.9961381554603576
4868.9  0.9882172346115112
4871.5  0.9852903485298156
4874.1  0.9919438958168029
4876.7  1.001996159553528
4879.3  1.00687050819397
4881.9  1.005673170089722
4884.5  1.003010392189026
4887.1  1.001864671707153
4889.7  1.003962993621826
4892.3  1.012891530990601
4894.9  1.030290246009827
4897.5  1.050367951393127
4900.1  1.062369346618652
4902.7  1.058458685874939
4905.3  1.038551926612854
4907.9  1.009311318397522
4910.5  0.9773536324501037
4913.1  0.9417663216590881
4915.7  0.8980491161346435
4918.3  0.8532282710075378
4920.9  0.8294786214828491
4923.5  0.8443779945373535
4926.1  0.8919848799705505
4928.7  0.9485427141189575
4931.3  0.9917795658111572
4933.9  1.012162804603577
4936.5  1.012585282325745
4939.1  1.002925872802734
4941.7  0.9935202002525329
4944.3  0.9912744164466857
4946.9  0.9982973933219909
4949.5  1.010576725006104
4952.1  1.02000629901886
4954.7  1.022228837013245
4957.3  1.020018100738525
4959.9  1.015682339668274
4962.5  1.005420088768005
4965.1  0.9865309000015258
4967.7  0.9652286767959594
4970.3  0.9492360353469848
4972.9  0.9341973662376403
4975.5  0.9064167737960815
4978.1  0.8626123070716857
4980.7  0.82159423828125
4983.3  0.811348557472229
4985.9  0.8445885181427001
4988.5  0.9074782729148864
4991.1  0.9710533618927001
4993.7  1.011748313903809
4996.3  1.021337866783142
4998.9  1.004035353660584
5001.5  0.9719225168228149
5004.1  0.9425362348556518
5006.7  0.932473599910736
5009.3  0.9470716118812561
5011.9  0.976050317287445
5014.5  1.000882506370544
5017.1  1.006443381309509
5019.7  0.9875855445861816
5022.3  0.9499033093452453
5024.9  0.9077131152153015
5027.5  0.8789532780647277
5030.1  0.8758823275566101
5032.7  0.8974318504333496
5035.3  0.9316733479499816
5037.9  0.9656254649162292
5040.5  0.9914985299110412
5043.1  1.006260514259338
5045.7  1.010478734970093
5048.3  1.008653998374939
5050.9  1.007306456565857
5053.5  1.009690403938293
5056.1  1.012734055519104
5058.7  1.009787440299988
5061.3  0.9967861175537109
5063.9  0.9768008589744567
5066.5  0.9591805934906005
5069.1  0.9523171782493591
5071.7  0.9559861421585083
5074.3  0.9630472660064697
5076.9  0.9695088863372802
5079.5  0.9789462685585021
5082.1  0.9950307607650756
5084.7  1.014090895652771
5087.3  1.027921676635742
5089.9  1.030542969703674
5092.5  1.019743919372559
5095.1  0.9951620697975158
5097.7  0.9578425288200378
5100.3  0.9105599522590637
5102.9  0.858880877494812
5105.5  0.8147329688072204
5108.1  0.7960115075111389
5110.7  0.8137097954750061
5113.3  0.8578941822052001
5115.9  0.9022636413574218
5118.5  0.9233636260032653
5121.1  0.9141616225242614
5123.7  0.8826879858970642
5126.3  0.8417756557464599
5128.9  0.8012101650238037
5131.5  0.769635260105133
5134.1  0.7585506439208984
5136.7  0.7752127051353454
5139.3  0.8112683892250061
5141.9  0.8457023501396179
5144.5  0.860255479812622
5147.1  0.8494510054588317
5149.7  0.8203386068344116
5152.3  0.785964012145996
5154.9  0.7542330026626586
5157.5  0.7201083898544311
5160.1  0.6733530163764953
5162.7  0.6141720414161682
5165.3  0.5570278167724609
5167.9  0.5211312770843505
5170.5  0.5200911164283752
5173.1  0.5548434257507324
5175.7  0.609969675540924
5178.3  0.6619183421134948
5180.9  0.6989095211029052
5183.5  0.7291542291641235
5186.1  0.7626335620880126
5188.7  0.790452241897583
5191.3  0.793761670589447
5193.9  0.7720798850059509
5196.5  0.7515814304351806
5199.1  0.7591832876205444
5201.7  0.7952901721000671
5204.3  0.8396796584129333
5206.9  0.8790473937988281
5209.5  0.9171995520591735
5212.1  0.9592161774635314
5214.7  0.9965119957923889
5217.3  1.00978147983551
5219.9  0.9808728098869323
5222.5  0.9052794575691223
5225.1  0.8043148517608642
5227.7  0.7245811820030212
5230.3  0.7109330296516418
5232.9  0.7713068723678588
5235.5  0.8709788918495178
5238.1  0.9616404175758361
5240.7  1.011231422424316
5243.3  1.011436700820923
5245.9  0.9730974435806274
5248.5  0.9226768612861633
5251.1  0.8925541043281555
5253.7  0.899732768535614
5256.3  0.9318034052848815
5258.9  0.9587668180465698
5261.5  0.9596369266510009
5264.1  0.9382245540618896
5266.7  0.9166928529739379
5269.3  0.9145677685737609
5271.9  0.9307211637496948
5274.5  0.9445946812629699
5277.1  0.9372090697288513
5279.7  0.912681221961975
5282.3  0.8966791629791259
5284.9  0.9108610153198242
5287.5  0.9502034187316894
5290.1  0.9884067773818969
5292.7  1.003394961357117
5295.3  0.9950879216194152
5297.9  0.9813154935836791
5300.5  0.9800561666488647
5303.1  0.9954665899276733
5305.7  1.018639802932739
5308.3  1.038558125495911
5310.9  1.050240397453308
5313.5  1.053521990776062
5316.1  1.04795515537262
5318.7  1.031161904335022
5321.3  1.002198457717896
5323.9  0.9667103886604309
5326.5  0.9386719465255737
5329.1  0.9333397150039672
5331.7  0.9544413089752197
5334.3  0.9889478087425231
5336.9  1.016305088996887
5339.5  1.020562529563904
5342.1  0.9949099421501159
5344.7  0.944162368774414
5347.3  0.8890650868415832
5349.9  0.8603162765502929
5352.5  0.8762774467468261
5355.1  0.9252586960792541
5357.7  0.9750187993049621
5360.3  0.9994052648544311
5362.9  0.995028793811798
5365.5  0.9777658581733703
5368.1  0.9677027463912963
5370.7  0.9745067954063415
5373.3  0.9918621182441711
5375.9  1.004396915435791
5378.5  1.002052783966065
5381.1  0.989482820034027
5383.7  0.9809345006942749
5386.3  0.9853270649909973
5388.9  0.9979791641235351
5391.5  1.006992101669312
5394.1  1.003631830215454
5396.7  0.9856468439102172
5399.3  0.9566779732704162
5401.9  0.9270479679107666
5404.5  0.9109287858009338
5407.1  0.9156903028488159
5409.7  0.934374451637268
5412.3  0.9532670974731445
5414.9  0.9662061929702758
5417.5  0.9773533940315246
5420.1  0.9899876117706298
5422.7  0.9979621767997741
5425.3  0.9920728206634521
5427.9  0.9731438159942626
5430.5  0.9549955129623413
5433.1  0.9530420303344726
5435.7  0.970865786075592
5438.3  0.9987318515777587
5440.9  1.02322256565094
5443.5  1.036540627479553
5446.1  1.038286209106445
5448.7  1.031973600387573
5451.3  1.02151370048523
5453.9  1.009541511535645
5456.5  0.9961593151092529
5459.1  0.9786028265953063
5461.7  0.9546446204185485
5464.3  0.927249252796173
5466.9  0.9017786979675292
5469.5  0.8782333135604858
5472.1  0.8540444374084472
5474.7  0.8364909291267395
5477.3  0.8413491249084472
5479.9  0.8735705018043518
5482.5  0.9180261492729187
5485.1  0.9544865489006042
5487.7  0.9746878147125244
5490.3  0.981873333454132
5492.9  0.9817526340484619
5495.5  0.9797797799110412
5498.1  0.9821803569793701
5500.7  0.9923146963119506
5503.3  1.006332635879517
5505.9  1.01690948009491
5508.5  1.021461367607117
5511.1  1.02418065071106
5513.7  1.029943704605103
5516.3  1.038530588150024
5518.9  1.045367360115051
5521.5  1.046295046806336
5524.1  1.04111635684967
5526.7  1.033889651298523
5529.3  1.029770016670227
5531.9  1.030319571495056
5534.5  1.03217351436615
5537.1  1.030671954154968
5539.7  1.023088812828064
5542.3  1.008406758308411
5544.9  0.9869984984397888
5547.5  0.9616882801055908
5550.1  0.937834620475769
5552.7  0.9221552610397338
5555.3  0.9203971624374389
5557.9  0.9328445196151733
5560.5  0.9518350958824157
5563.1  0.965915024280548
5565.7  0.9670414328575134
5568.3  0.9558228850364685
5570.9  0.9429845213890075
5573.5  0.9428892731666564
5576.1  0.9601513147354125
5578.7  0.9829655885696411
5581.3  0.9931929111480712
5583.9  0.9836015701293945
5586.5  0.9646629691123962
5589.1  0.9547728896141052
5591.7  0.9637708067893981
5594.3  0.9862034916877746
5596.9  1.009604930877686
5599.5  1.026023387908936
5602.1  1.034853339195252
5604.7  1.038209199905396
5607.3  1.036794304847717
5609.9  1.030153512954712
5612.5  1.019326329231262
5615.1  1.007585644721985
5617.7  0.9968679547309875
5620.3  0.9842724204063415
5622.9  0.9663244485855102
5625.5  0.9482134580612182
5628.1  0.9435844421386718
5630.7  0.9606162309646606
5633.3  0.9917148947715759
5635.9  1.020646691322327
5638.5  1.036667943000793
5641.1  1.039585113525391
5643.7  1.03488826751709
5646.3  1.02661395072937
5648.9  1.012040376663208
5651.5  0.9823626279830932
5654.1  0.9325754046440124
5656.7  0.8733472228050231
5659.3  0.8290709257125854
5661.9  0.8191468119621276
5664.5  0.8421090841293334
5667.1  0.8802593350410461
5669.7  0.9168121814727783
5672.3  0.9450545907020568
5674.9  0.9640688896179199
5677.5  0.9734728932380676
5680.1  0.9760041832923889
5682.7  0.9797770977020263
5685.3  0.9917066693305969
5687.9  1.010258316993713
5690.5  1.027817964553833
5693.1  1.038468837738037
5695.7  1.041040062904358
5698.3  1.036632061004639
5700.9  1.02622127532959
5703.5  1.011410236358643
5706.1  0.9965404868125915
5708.7  0.9880108833312988
5711.3  0.9898792505264282
5713.9  1.00027871131897
5716.5  1.013235211372376
5719.1  1.023686528205872
5721.7  1.030192613601685
5724.3  1.033734560012817
5726.9  1.035462737083435
5729.5  1.035858035087585
5732.1  1.035094618797302
5734.7  1.033561825752258
5737.3  1.032291889190674
5739.9  1.032812356948853
5742.5  1.035906195640564
5745.1  1.040502905845642
5747.7  1.044248104095459
5750.3  1.044879913330078
5752.9  1.040495395660401
5755.5  1.028654932975769
5758.1  1.005480408668518
5760.7  0.9637753367424011
5763.3  0.8902606964111328
5765.9  0.7690954208374023
5768.5  0.5979005098342895
5771.1  0.4026151597499847
5773.7  0.2276175320148468
5776.3  0.1056116595864296
5778.9  0.03959278017282486
5781.5  0.01186376716941595
5784.1  0.002816723892465234
5786.7  5.240491591393947E-4
5789.3  6.961014878470450E-5
5791.9  0.
5794.5  0.
5797.1  0.
5799.7  0.
5802.3  0.
5804.9  0.
5807.5  0.
5810.1  0.
5812.7  0.
5815.3  0.
5817.9  0.
5820.5  7.045210077194496E-5
5823.1  5.304724327288568E-4
5825.7  0.002866646740585566
5828.3  0.01210958790034056
5830.9  0.04058830067515373
5833.5  0.108929805457592
5836.1  0.2366509139537811
5838.7  0.4225024282932282
5841.3  0.6329511404037475
5843.9  0.8180958628654479
5846.5  0.9441210627555847
5849.1  1.009823679924011
5851.7  1.035476088523865
5854.3  1.042571902275085
5856.9  1.043425917625427
5859.5  1.04227876663208
5862.1  1.040374994277954
5864.7  1.038919568061829
5867.3  1.038715958595276
5869.9  1.038804054260254
5872.5  1.036795973777771
5875.1  1.030129551887512
5877.7  1.016055226325989
5880.3  0.9895749688148498
5882.9  0.9429947137832641
5885.5  0.8725290894508361
5888.1  0.7899698615074157
5890.7  0.725350022315979
5893.3  0.7101741433143615
5895.9  0.7532593011856079
5898.5  0.8335225582122802
5901.1  0.9164735078811645
5903.7  0.976648986339569
5906.3  1.006028175354004
5908.9  1.00807535648346
5911.5  0.9914830923080444
5914.1  0.9700262546539306
5916.7  0.9598997831344604
5919.3  0.9694925546646118
5921.9  0.9926730394363403
5924.5  1.01574444770813
5927.1  1.029585838317871
5929.7  1.033915162086487
5932.3  1.033338308334351
5934.9  1.032392263412476
5937.5  1.033068776130676
5940.1  1.034657597541809
5942.7  1.035093426704407
5945.3  1.032841920852661
5947.9  1.028201937675476
5950.5  1.02357804775238
5953.1  1.022104620933533
5955.7  1.025073409080505
5958.3  1.030699253082275
5960.9  1.035907626152039
5963.5  1.038870096206665
5966.1  1.039243817329407
5968.7  1.036499857902527
5971.3  1.029300570487976
5973.9  1.017359375953674
5976.5  1.003716945648193
5979.1  0.9939503669738769
5981.7  0.9921272993087768
5984.3  0.997708261013031
5986.9  1.006548166275025
5989.5  1.014172315597534
5992.1  1.018197774887085
5994.7  1.018938899040222
5997.3  1.018364787101746
5999.9  1.018089294433594
6002.5  1.018174767494202
6005.1  1.017557263374329
6007.7  1.014713525772095
6010.3  1.00698709487915
6012.9  0.990787386894226
6015.5  0.9658791422843933
6018.1  0.9407421350479125
6020.7  0.9296526908874511
6023.3  0.9402700662612915
6025.9  0.965850293636322
6028.5  0.9923649430274963
6031.1  1.010741949081421
6033.7  1.020270347595215
6036.3  1.023985862731934
6038.9  1.024482131004334
6041.5  1.023077726364136
6044.1  1.02031934261322
6046.7  1.016487717628479
6049.3  1.012152791023255
6051.9  1.00840950012207
6054.5  1.006596207618713
6057.1  1.007586479187012
6059.7  1.011321783065796
6062.3  1.016954779624939
6064.9  1.023205995559692
6067.5  1.028481483459473
6070.1  1.030842661857605
6072.7  1.028072834014893
6075.3  1.017570734024048
6077.9  0.9971453547477722
6080.5  0.9685735702514648
6083.1  0.9413185715675354
6085.7  0.9289440512657165
6088.3  0.9376479983329772
6090.9  0.9595261216163635
6093.5  0.9799569845199584
6096.1  0.9903971552848815
6098.7  0.9925087690353393
6101.3  0.9925708174705505
6103.9  0.9948834180831909
6106.5  0.999652087688446
6109.1  1.004558205604553
6111.7  1.007167100906372
6114.3  1.006460666656494
6116.9  1.003233671188355
6119.5  0.9998502731323242
6122.1  0.9989639520645141
6124.7  1.001291871070862
6127.3  1.004566907882691
6129.9  1.005395174026489
6132.5  1.002322673797607
6135.1  0.9964858889579772
6137.7  0.9894004464149475
6140.3  0.9811099171638488
6142.9  0.9713714718818664
6145.5  0.9621016383171081
6148.1  0.9574226737022399
6150.7  0.9605268836021423
6153.3  0.9702080488204956
6155.9  0.9811081290245056
6158.5  0.9883299469947814
6161.1  0.9914460182189941
6163.7  0.9933865666389465
6166.3  0.9965790510177612
6168.9  1.001360774040222
6171.5  1.007044196128845
6174.1  1.012764692306519
6176.7  1.017295122146607
6179.3  1.019244432449341
6181.9  1.017780661582947
6184.5  1.013077735900879
6187.1  1.006449580192566
6189.7  1.00054407119751
6192.3  0.9987329244613647
6194.9  1.002898216247559
6197.5  1.01154363155365
6200.1  1.020581483840942
6202.7  1.025723099708557
6205.3  1.023444533348084
6207.9  1.011127233505249
6210.5  0.9894630908966064
6213.1  0.9658823013305664
6215.7  0.9518259763717651
6218.3  0.95228773355484
6220.9  0.9582923650741577
6223.5  0.953210175037384
6226.1  0.9290831089019775
6228.7  0.8973256945610046
6231.3  0.8804370760917663
6233.9  0.8894571661949157
6236.5  0.911226212978363
6239.1  0.9214026927947998
6241.7  0.9085341095924377
6244.3  0.8827994465827941
6246.9  0.8629838824272155
6249.5  0.8592797517776489
6252.1  0.8706811666488647
6254.7  0.8938524723052978
6257.3  0.9263333082199096
6259.9  0.9623576402664184
6262.5  0.9932550191879272
6265.1  1.013636589050293
6267.7  1.023789286613464
6270.3  1.026450037956238
6272.9  1.023696780204773
6275.5  1.01693868637085
6278.1  1.008317828178406
6280.7  1.001131772994995
6283.3  0.9983009696006774
6285.9  1.000186085700989
6288.5  1.004486918449402
6291.1  1.008454322814942
6293.7  1.010723948478699
6296.3  1.011265277862549
6298.9  1.010652780532837
6301.5  1.009522199630737
6304.1  1.007984161376953
6306.7  1.005411624908447
6309.3  1.000875592231751
6311.9  0.9938856959342956
6314.5  0.9853839874267578
6317.1  0.9785985350608825
6319.7  0.9777511358261108
6322.3  0.984355866909027
6324.9  0.9952045679092407
6327.5  1.00498116016388
6330.1  1.010352849960327
6332.7  1.01118528842926
6335.3  1.009034991264343
6337.9  1.005555629730225
6340.5  1.001963257789612
6343.1  0.9990114569664001
6345.7  0.9968920350074768
6348.3  0.9951481819152832
6350.9  0.9927052855491638
6353.5  0.988305389881134
6356.1  0.9817361235618591
6358.7  0.9751807451248168
6361.3  0.9725114107131958
6363.9  0.9760251641273498
6366.5  0.9840397834777832
6369.1  0.9923911690711975
6371.7  0.9979376196861267
6374.3  1.000293016433716
6376.9  1.001090884208679
6379.5  1.002342939376831
6382.1  1.00498116016388
6384.7  1.008044719696045
6387.3  1.009059190750122
6389.9  1.005315661430359
6392.5  0.9953153729438781
6395.1  0.9804151058197021
6397.7  0.965927243232727
6400.3  0.9589776992797851
6402.9  0.9630236625671386
6405.5  0.9747790694236755
6408.1  0.9875741600990295
6410.7  0.9967889189720153
6413.3  1.001577496528626
6415.9  1.003048181533814
6418.5  1.002034306526184
6421.1  0.9979326128959655
6423.7  0.989154577255249
6426.3  0.9754334092140197
6428.9  0.95997816324234
6431.5  0.9480919241905212
6434.1  0.9430189728736877
6436.7  0.9442545175552368
6439.3  0.9496467113494873
6441.9  0.9568898677825927
6444.5  0.9634701609611511
6447.1  0.9681130051612854
6449.7  0.9721890687942504
6452.3  0.9774941802024841
6454.9  0.983143150806427
6457.5  0.9865252375602722
6460.1  0.9870138764381408
6462.7  0.9871687889099121
6465.3  0.9900224804878234
6467.9  0.995953619480133
6470.5  1.002586245536804
6473.1  1.007194995880127
6475.7  1.008632183074951
6478.3  1.007425427436829
6480.9  1.00484561920166
6483.5  1.001922130584717
6486.1  0.9987947344779968
6488.7  0.9949060082435607
6491.3  0.9899162650108337
6493.9  0.9842640757560729
6496.5  0.9789754748344421
6499.1  0.9754340648651123
6501.7  0.9750446677207946
6504.3  0.9781636595726013
6506.9  0.983311116695404
6509.5  0.9881021976470947
6512.1  0.9909446239471435
6514.7  0.9916175603866577
6517.3  0.9905377626419067
6519.9  0.9879551529884338
6522.5  0.9841992855072021
6525.1  0.9807003140449523
6527.7  0.9799134135246276
6530.3  0.9833343625068664
6532.9  0.989911139011383
6535.5  0.9970089793205261
6538.1  1.002414584159851
6540.7  1.005123734474182
6543.3  1.005061388015747
6545.9  1.00264310836792
6548.5  0.9981546401977539
6551.1  0.9910894632339477
6553.7  0.9801292419433593
6556.3  0.9644582271575927
6558.9  0.9460859298706054
6561.5  0.9309657216072082
6564.1  0.9260475039482116
6566.7  0.9336246252059936
6569.3  0.9492069482803344
6571.9  0.965739369392395
6574.5  0.9789621829986572
6577.1  0.9884097576141357
6579.7  0.9951359629631042
6582.3  0.9999783039093017
6584.9  1.003401756286621
6587.5  1.005820035934448
6590.1  1.007729768753052
6592.7  1.00970721244812
6595.3  1.012239456176758
6597.9  1.015434980392456
6600.5  1.018882751464844
6603.1  1.021950483322144
6605.7  1.024293661117554
6608.3  1.026002526283264
6610.9  1.027285099029541
6613.5  1.028141260147095
6616.1  1.028342485427856
6618.7  1.027307629585266
6621.3  1.023598909378052
6623.9  1.01433789730072
6626.5  0.9962642788887023
6629.1  0.969957411289215
6631.7  0.9440732598304748
6634.3  0.9320757985115051
6636.9  0.9409412741661071
6639.5  0.9641867280006408
6642.1  0.9883683323860168
6644.7  1.004671573638916
6647.3  1.012682914733887
6649.9  1.016014456748962
6652.5  1.017601013183594
6655.1  1.018616080284119
6657.7  1.019428014755249
6660.3  1.020263671875
6662.9  1.020690321922302
6665.5  1.018357634544373
6668.1  1.008135080337524
6670.7  0.9842051863670349
6673.3  0.9471085667610168
6675.9  0.9104143977165222
6678.5  0.8952173590660095
6681.1  0.9121087789535522
6683.7  0.9503572583198547
6686.3  0.9881799221038818
6688.9  1.010673046112061
6691.5  1.016180515289307
6694.1  1.011205077171326
6696.7  1.004025340080261
6699.3  1.000791788101196
6701.9  1.003285527229309
6704.5  1.009042739868164
6707.1  1.014272451400757
6709.7  1.01682722568512
6712.3  1.016895174980164
6714.9  1.015744090080261
6717.5  1.014534473419189
6720.1  1.014012217521668
6722.7  1.014456272125244
6725.3  1.015567779541016
6727.9  1.016665458679199
6730.5  1.017148017883301
6733.1  1.016682386398315
6735.7  1.014961719512939
6738.3  1.011646509170532
6740.9  1.007047653198242
6743.5  1.00291109085083
6746.1  1.001814961433411
6748.7  1.005075931549072
6751.3  1.011421799659729
6753.9  1.018072009086609
6756.5  1.022785186767578
6759.1  1.024743437767029
6761.7  1.024256706237793
6764.3  1.02233350276947
6766.9  1.020296096801758
6769.5  1.019162178039551
6772.1  1.019090414047241
6774.7  1.019420623779297
6777.3  1.019255995750427
6779.9  1.018107056617737
6782.5  1.016223788261414
6785.1  1.014389157295227
6787.7  1.01326048374176
6790.3  1.012850284576416
6792.9  1.012659311294556
6795.5  1.012205481529236
6798.1  1.011313796043396
6800.7  1.010019898414612
6803.3  1.008462071418762
6805.9  1.006996870040894
6808.5  1.006257057189941
6811.1  1.006778597831726
6813.7  1.008421778678894
6816.3  1.010296821594238
6818.9  1.011335134506226
6821.5  1.010998845100403
6824.1  1.009675741195679
6826.7  1.008439540863037
6829.3  1.008093237876892
6831.9  1.008344888687134
6834.5  1.008296847343445
6837.1  1.007733702659607
6839.7  1.007265090942383
6842.3  1.007165789604187
6844.9  1.006752371788025
6847.5  1.004871368408203
6850.1  1.000512361526489
6852.7  0.9925732612609863
6855.3  0.9788835644721984
6857.9  0.9545093774795532
6860.5  0.9115538597106933
6863.1  0.8437858819961547
6865.7  0.7561080455780029
6868.3  0.6703293323516845
6870.9  0.6166233420372009
6873.5  0.6132526397705078
6876.1  0.6517953276634216
6878.7  0.703101634979248
6881.3  0.7407119870185852
6883.9  0.7615028023719787
6886.5  0.7832229733467102
6889.1  0.8203345537185668
6891.7  0.8657507896423339
6894.3  0.8987192511558532
6896.9  0.9056425690650939
6899.5  0.8900407552719116
6902.1  0.8679388761520385
6904.7  0.8553436398506164
6907.3  0.8559080362319946
6909.9  0.8609055280685424
6912.5  0.864206314086914
6915.1  0.8722646236419677
6917.7  0.8940566778182983
6920.3  0.9270685911178588
6922.9  0.9593378901481628
6925.5  0.9814915657043457
6928.1  0.9923058152198791
6930.7  0.9955808520317077
6933.3  0.9955697059631347
6935.9  0.9945102930068969
6938.5  0.9925715923309326
6941.1  0.9894985556602478
6943.7  0.9861970543861389
6946.3  0.9843605756759643
6948.9  0.9848693013191223
6951.5  0.9869719147682189
6954.1  0.9891136884689331
6956.7  0.990310788154602
6959.3  0.99069744348526
6961.9  0.990998089313507
6964.5  0.9915676116943359
6967.1  0.9916920065879821
6969.7  0.9897360205650329
6972.3  0.9846242070198059
6974.9  0.9778565764427185
6977.5  0.9734897017478942
6980.1  0.9748803973197937
6982.7  0.9813901782035827
6985.3  0.9890821576118469
6987.9  0.9944006204605102
6990.5  0.9963622093200683
6993.1  0.9956943392753601
6995.7  0.9933287501335144
6998.3  0.9901636838912963
7000.9  0.9872609972953796
7003.5  0.9854336977005004
7006.1  0.9846653342247009
7008.7  0.9840073585510253
7011.3  0.982348084449768
7013.9  0.9796385765075683
7016.5  0.9770247936248779
7019.1  0.9752379655838012
7021.7  0.9733932614326477
7024.3  0.970238983631134
7026.9  0.9662283062934875
7029.5  0.9633345007896423
7032.1  0.9629226326942443
7034.7  0.9647232890129089
7037.3  0.9677278995513916
7039.9  0.9710386395454406
7042.5  0.9739106893539428
7045.1  0.9759729504585266
7047.7  0.9775704741477966
7050.3  0.9794920682907104
7052.9  0.9823169708251953
7055.5  0.9860116839408874
7058.1  0.9900078177452087
7060.7  0.9936815500259399
7063.3  0.9968041181564331
7065.9  0.9995124340057373
7068.5  1.001908540725708
7071.1  1.003749251365662
7073.7  1.004526138305664
7076.3  1.003897547721863
7078.9  1.002024292945862
7081.5  0.9994808435440063
7084.1  0.9968801736831665
7086.7  0.9945734143257141
7089.3  0.9925237894058227
7091.9  0.990329623222351
7094.5  0.9875436425209045
7097.1  0.9840620756149291
7099.7  0.979909598827362
7102.3  0.9742294549942016
7104.9  0.9651333093643188
7107.5  0.9520107507705688
7110.1  0.9384361505508422
7112.7  0.9310510158538818
7115.3  0.9338005781173706
7117.9  0.9438952207565307
7120.5  0.9543161988258361
7123.1  0.9590066671371459
7125.7  0.9554958939552307
7128.3  0.9456298351287841
7130.9  0.9357426166534423
7133.5  0.9336647391319274
7136.1  0.9425073266029357
7138.7  0.9576122164726257
7141.3  0.9709773063659667
7143.9  0.9782450199127197
7146.5  0.9810426831245422
7149.1  0.9836156964302062
7151.7  0.9881399869918823
7154.3  0.9930236935615539
7156.9  0.9949208498001098
7159.5  0.9917172789573669
7162.1  0.9836690425872802
7164.7  0.9726597666740417
7167.3  0.9614351391792297
7169.9  0.9533564448356628
7172.5  0.9510589838027954
7175.1  0.9535720944404602
7177.7  0.954933762550354
7180.3  0.9471994638442993
7182.9  0.9261364340782165
7185.5  0.8953749537467956
7188.1  0.8660963177680969
7190.7  0.8513928651809692
7193.3  0.8576379418373107
7195.9  0.879437506198883
7198.5  0.9040882587432861
7201.1  0.9219127893447875
7203.7  0.9315722584724426
7206.3  0.9360845685005187
7208.9  0.9369046688079833
7211.5  0.9337865710258483
7214.1  0.92867112159729
7216.7  0.9262566566467285
7219.3  0.9294816851615905
7221.9  0.9365323185920715
7224.5  0.9437874555587768
7227.1  0.9502356648445129
7229.7  0.9572513103485107
7232.3  0.9649546146392822
7234.9  0.9705523252487182
7237.5  0.9706363081932067
7240.1  0.9647420048713684
7242.7  0.9565186500549316
7245.3  0.9512099623680114
7247.9  0.9515724182128906
7250.5  0.9563648104667663
7253.1  0.9626071453094482
7255.7  0.9683827757835388
7258.3  0.9732781052589416
7260.9  0.9772380590438842
7263.5  0.9796846508979797
7266.1  0.9793852567672729
7268.7  0.9749200344085693
7271.3  0.9658350348472595
7273.9  0.9538890719413757
7276.5  0.9425771832466125
7279.1  0.9342718720436096
7281.7  0.9276630282402038
7284.3  0.9190913438796997
7286.9  0.9072542786598205
7289.5  0.8963778614997863
7292.1  0.8938052654266357
7294.7  0.9035972356796264
7297.3  0.9225931763648986
7299.9  0.9431381821632385
7302.5  0.9589541554450988
7305.1  0.967946171760559
7307.7  0.9709857702255249
7310.3  0.9701282978057861
7312.9  0.9681218862533569
7315.5  0.9680241346359252
7318.1  0.9717867374420166
7320.7  0.9787397980690002
7323.3  0.9860445857048034
7325.9  0.9910551309585571
7328.5  0.9930455088615417
7331.1  0.992862045764923
7333.7  0.9917238354682922
7336.3  0.9904377460479736
7338.9  0.9890714287757873
7341.5  0.9870734810829162
7344.1  0.9839511513710021
7346.7  0.9799941778182983
7349.3  0.9762502908706665
7351.9  0.9737067818641662
7354.5  0.972562551498413
7357.1  0.9724146127700805
7359.7  0.9729914665222167
7362.3  0.9743757843971252
7364.9  0.9765073060989379
7367.5  0.9787740111351013
7370.1  0.9803095459938049
7372.7  0.9803440570831298
7375.3  0.9778144359588623
7377.9  0.9706431031227111
7380.5  0.9565175771713256
7383.1  0.9362227320671081
7385.7  0.9166694283485412
7388.3  0.9081881046295166
7390.9  0.9161380529403686
7393.5  0.9356988668441772
7396.1  0.9558527469635009
7398.7  0.9670022130012512
7401.3  0.9640849828720092
7403.9  0.9462413191795349
7406.5  0.9182538986206054
7409.1  0.8923728466033935
7411.7  0.8831986784934997
7414.3  0.8959792256355285
7416.9  0.9216633439064025
7419.5  0.9463250041007995
7422.1  0.9631076455116271
7424.7  0.9731553792953491
7427.3  0.9793077111244201
7429.9  0.9828965067863464
7432.5  0.9847240447998046
7435.1  0.9857329130172729
7437.7  0.9862241148948669
7440.3  0.9856613278388977
7442.9  0.9836585521697998
7445.5  0.9809932112693786
7448.1  0.9791975617408752
7450.7  0.9791359901428222
7453.3  0.9802075624465942
7455.9  0.9810330271720886
7458.5  0.9806894063949584
7461.1  0.9791206717491149
7463.7  0.9763490557670593
7466.3  0.9716494679450988
7468.9  0.9643546342849731
7471.5  0.9559537172317504
7474.1  0.9505912065505981
7476.7  0.9518865346908569
7479.3  0.9587661623954772
7481.9  0.9650461673736572
7484.5  0.9637988209724426
7487.1  0.9531718492507934
7489.7  0.9393499493598937
7492.3  0.9328996539115905
7494.9  0.9394236207008361
7497.5  0.9531320929527282
7500.1  0.9614979624748229
7502.7  0.9572778940200805
7505.3  0.9457390904426574
7507.9  0.9395433068275451
7510.5  0.9462275505065917
7513.1  0.9613946676254272
7515.7  0.974297821521759
7518.3  0.9781737923622131
7520.9  0.974509835243225
7523.5  0.9693419337272644
7526.1  0.9673209190368652
7528.7  0.9692418575286865
7531.3  0.9738237857818603
7533.9  0.9798521995544433
7536.5  0.9860907196998596
7539.1  0.9906660318374633
7541.7  0.9921156764030456
7544.3  0.9908958673477172
7546.9  0.9891750216484069
7549.5  0.9888815283775329
7552.1  0.9901379346847534
7554.7  0.9915767312049865
7557.3  0.9917865395545959
7559.9  0.9902676939964294
7562.5  0.9876015782356262
7565.1  0.9852138757705688
7567.7  0.9846105575561523
7570.3  0.9863223433494567
7572.9  0.9895595908164978
7575.5  0.9929175376892089
7578.1  0.9946077466011047
7580.7  0.9910299777984619
7583.3  0.974421203136444
7585.9  0.9327598810195922
7588.5  0.8557280302047729
7591.1  0.7444656491279602
7593.7  0.6142501235008239
7596.3  0.4847835004329681
7598.9  0.3708455264568329
7601.5  0.2844847738742828
7604.1  0.2387262880802155
7606.7  0.2429135739803314
7609.3  0.2979931831359863
7611.9  0.3965792953968048
7614.5  0.5204566717147827
7617.1  0.6388809084892272
7619.7  0.7200070023536682
7622.3  0.7498117685317993
7624.9  0.7382876276969909
7627.5  0.707640528678894
7630.1  0.6756361722946166
7632.7  0.6488847136497497
7635.3  0.6293932199478149
7637.9  0.6241347193717956
7640.5  0.643753707408905
7643.1  0.6897581219673156
7645.7  0.7478371262550354
7648.3  0.7990028262138366
7650.9  0.8352412581443786
7653.5  0.8615471720695495
7656.1  0.8860126137733459
7658.7  0.9114781618118286
7661.3  0.9354269504547119
7663.9  0.9544379711151123
7666.5  0.9674014449119567
7669.1  0.9757900238037109
7671.7  0.98200523853302
7674.3  0.9874223470687866
7676.9  0.9910089373588562
7679.5  0.9891629815101623
7682.1  0.9778002500534057
7684.7  0.9570100307464599
7687.3  0.935209035873413
7689.9  0.9259781241416931
7692.5  0.9369654059410095
7695.1  0.9624578952789306
7697.7  0.9890135526657104
7700.3  1.006665587425232
7702.9  1.01314914226532
7705.5  1.010734796524048
7708.1  1.002968192100525
7710.7  0.9940224885940551
7713.3  0.987966239452362
7715.9  0.9866374731063842
7718.5  0.9887301325798034
7721.1  0.9917791485786437
7723.7  0.9946710467338562
7726.3  0.997694194316864
7728.9  1.001080513000488
7731.5  1.004424929618835
7734.1  1.007053852081299
7736.7  1.008244633674622
7739.3  1.007318258285523
7741.9  1.004150390625
7744.5  0.9998422861099243
7747.1  0.9965825676918029
7749.7  0.996207058429718
7752.3  0.9986145496368408
7754.9  1.001906752586365
7757.5  1.004258155822754
7760.1  1.005358815193176
7762.7  1.006014108657837
7765.3  1.006845355033875
7767.9  1.007734417915344
7770.5  1.00814950466156
7773.1  1.007681965827942
7775.7  1.006638884544373
7778.3  1.006513714790344
7780.9  1.009236693382263
7783.5  1.015152931213379
7786.1  1.022166848182678
7788.7  1.027544379234314
7791.3  1.030165791511536
7793.9  1.030757427215576
7796.5  1.030562043190002
7799.1  1.030213594436646
7801.7  1.029575228691101
7804.3  1.028261303901672
7806.9  1.026277184486389
7809.5  1.024266362190247
7812.1  1.023060441017151
7814.7  1.02291750907898
7817.3  1.022970199584961
7819.9  1.021153926849365
7822.5  1.014254927635193
7825.1  0.9989866614341735
7827.7  0.9756579399108886
7830.3  0.9520337581634521
7832.9  0.94049072265625
7835.5  0.947705864906311
7838.1  0.9681572914123535
7840.7  0.9898290634155273
7843.3  1.004557847976685
7845.9  1.011654734611511
7848.5  1.014480710029602
7851.1  1.016196846961975
7853.7  1.017964601516724
7856.3  1.01927387714386
7858.9  1.019218325614929
7861.5  1.017670392990112
7864.1  1.015462279319763
7866.7  1.013707637786865
7869.3  1.013057351112366
7871.9  1.013462781906128
7874.5  1.014420866966248
7877.1  1.015585780143738
7879.7  1.017372727394104
7882.3  1.02056610584259
7884.9  1.024835109710693
7887.5  1.028222680091858
7890.1  1.028877973556519
7892.7  1.026950597763062
7895.3  1.024274349212647
7897.9  1.022268891334534
7900.5  1.019984722137451
7903.1  1.013203740119934
7905.7  0.9961897730827331
7908.3  0.9675459861755371
7910.9  0.9361572265625
7913.5  0.9180623292922973
7916.1  0.923168659210205
7918.7  0.9457506537437438
7921.3  0.9704087972640991
7923.9  0.9857536554336547
7926.5  0.9907616376876831
7929.1  0.9907845258712768
7931.7  0.990576684474945
7934.3  0.9905468821525573
7936.9  0.9876500964164733
7939.5  0.9794635772705078
7942.1  0.9682804942131042
7944.7  0.9607540369033813
7947.3  0.9621500372886657
7949.9  0.9709845781326293
7952.5  0.9805772304534912
7955.1  0.985539436340332
7957.7  0.9857057332992553
7960.3  0.9843466877937316
7962.9  0.9843049645423889
7965.5  0.9865452051162719
7968.1  0.9912914037704467
7970.7  0.9988408684730529
7973.3  1.00882625579834
7975.9  1.01964795589447
7978.5  1.029470562934876
7981.1  1.037466645240784
7983.7  1.043592810630798
7986.3  1.04737913608551
7988.9  1.04737138748169
7991.5  1.042074322700501
7994.1  1.031784296035767
7996.7  1.019433379173279
7999.3  1.00908899307251
8001.9  1.003337264060974
8004.5  1.002485871315002
8007.1  1.005789041519165
8009.7  1.012156963348389
8012.3  1.019725441932678
8014.9  1.026021718978882
8017.5  1.029196739196777
8020.1  1.02908980846405
8022.7  1.027115106582642
8025.3  1.024927735328674
8027.9  1.02304995059967
8030.5  1.020802974700928
8033.1  1.017547965049744
8035.7  1.01368522644043
8038.3  1.010349988937378
8040.9  1.008442163467407
8043.5  1.008127927780151
8046.1  1.009094119071961
8048.7  1.01099419593811
8051.3  1.013584971427917
8053.9  1.016616344451904
8056.5  1.019738078117371
8059.1  1.02245032787323
8061.7  1.024186491966248
8064.3  1.024702548980713
8066.9  1.024424076080322
8069.5  1.02405846118927
8072.1  1.023670792579651
8074.7  1.022404074668884
8077.3  1.019466638565064
8079.9  1.015502452850342
8082.5  1.012824773788452
8085.1  1.013912200927734
8087.7  1.01929771900177
8090.3  1.026907801628113
8092.9  1.03364634513855
8095.5  1.037689208984375
8098.1  1.039341449737549
8100.7  1.039987087249756
8103.3  1.040531635284424
8105.9  1.040808200836182
8108.5  1.040164589881897
8111.1  1.038505673408508
8113.7  1.036796927452088
8116.3  1.036261200904846
8118.9  1.037031769752503
8121.5  1.037981033325195
8124.1  1.037973999977112
8126.7  1.036866068840027
8129.3  1.035268902778626
8131.9  1.033794760704041
8134.5  1.032557010650635
8137.1  1.031000375747681
8139.7  1.028146982192993
8142.3  1.023356676101685
8144.9  1.01707136631012
8147.5  1.010745167732239
8150.1  1.005954504013062
8152.7  1.003353714942932
8155.3  1.002341389656067
8157.9  1.001615762710571
8160.5  1.000122427940369
8163.1  0.9974268078804016
8165.7  0.9930444955825805
8168.3  0.9844122529029846
8170.9  0.9656411409378051
8173.5  0.9302760362625122
8176.1  0.8784632086753845
8178.7  0.822650671005249
8181.3  0.7846338748931884
8183.9  0.782707393169403
8186.5  0.8173041343688964
8189.1  0.8685090541839599
8191.7  0.9102231264114379
8194.3  0.9288480281829833
8196.9  0.9305020570755004
8199.5  0.9323326349258422
8202.1  0.9465605020523071
8204.7  0.971295416355133
8207.3  0.9946942925453186
8209.9  1.00539767742157
8212.5  0.9998406767845153
8215.1  0.9834806323051452
8217.7  0.9664912819862365
8220.3  0.9558815360069274
8222.9  0.9515280127525329
8225.5  0.9509869813919067
8228.1  0.9556524157524108
8230.7  0.9686711430549621
8233.3  0.9885997176170349
8235.9  1.008616089820862
8238.5  1.021578431129456
8241.1  1.024334907531738
8243.7  1.018349170684814
8246.3  1.007909655570984
8248.9  0.9967299103736877
8251.5  0.9850934147834777
8254.1  0.971276581287384
8256.7  0.9565821290016174
8259.3  0.9468793272972106
8261.9  0.9474664330482482
8264.5  0.9576566219329833
8267.1  0.9713997244834899
8269.7  0.9821956753730773
8272.3  0.9875088930130004
8274.9  0.9895832538604736
8277.5  0.9918896555900573
8280.1  0.9950434565544128
8282.7  0.9974527955055236
8285.3  0.9992095232009887
8287.9  1.00298023223877
8290.5  1.010412931442261
8293.1  1.019489765167236
8295.7  1.026300549507141
8298.3  1.028450846672058
8300.9  1.026323795318604
8303.5  1.022301316261292
8306.1  1.019423723220825
8308.7  1.019985675811768
8311.3  1.024554967880249
8313.9  1.031880974769592
8316.5  1.039350271224976
8319.1  1.043737053871155
8321.7  1.042584657669067
8324.3  1.035843849182129
8326.9  1.026444315910339
8329.5  1.018524289131165
8332.1  1.014198303222656
8334.7  1.012373328208923
8337.3  1.011467099189758
8339.9  1.012248635292053
8342.5  1.016388654708862
8345.1  1.023350954055786
8347.7  1.030713677406311
8350.3  1.036762237548828
8352.9  1.041178464889526
8355.5  1.043927907943726
8358.1  1.044913649559021
8360.7  1.044514060020447
8363.3  1.04357647895813
8365.9  1.042726278305054
8368.5  1.041932463645935
8371.1  1.040723443031311
8373.7  1.038693785667419
8376.3  1.035749435424805
8378.9  1.03203809261322
8381.5  1.02795946598053
8384.1  1.024376153945923
8386.7  1.022440433502197
8389.3  1.022750973701477
8391.9  1.024628281593323
8394.5  1.026498317718506
8397.1  1.027302026748657
8399.7  1.027610540390015
8402.3  1.02911901473999
8404.9  1.032755136489868
8407.5  1.037257075309754
8410.1  1.039734482765198
8412.7  1.037913918495178
8415.3  1.032485723495484
8417.9  1.027644395828247
8420.5  1.028492093086243
8423.1  1.036705732345581
8425.7  1.048613905906677
8428.3  1.058079600334168
8430.9  1.061452746391296
8433.5  1.059950351715088
8436.1  1.057799100875854
8438.7  1.058282494544983
8441.3  1.061326026916504
8443.9  1.064368605613709
8446.5  1.064927697181702
8449.1  1.062385082244873
8451.7  1.058065295219421
8454.3  1.054008722305298
8456.9  1.051383495330811
8459.5  1.049835681915283
8462.1  1.048125982284546
8464.7  1.045150518417359
8467.3  1.040590882301331
8469.9  1.035207390785217
8472.5  1.030550479888916
8475.1  1.02802300453186
8477.7  1.02807605266571
8480.3  1.030135750770569
8482.9  1.032519578933716
8485.5  1.031976222991943
8488.1  1.02351701259613
8490.7  1.002411127090454
8493.3  0.9695797562599182
8495.9  0.9364645481109619
8498.5  0.9205799102783203
8501.1  0.931378424167633
8503.7  0.9613367915153503
8506.3  0.9934786558151245
8508.9  1.015616893768311
8511.5  1.025744199752808
8514.1  1.027686357498169
8516.7  1.025889992713928
8519.3  1.023582339286804
8521.9  1.022280812263489
8524.5  1.020409822463989
8527.1  1.011367678642273
8529.7  0.981552243232727
8532.3  0.911136507987976
8534.9  0.783315896987915
8537.5  0.6016591787338256
8540.1  0.3991928696632385
8542.7  0.2225282043218613
8545.3  0.1020528301596642
8547.9  0.03791966289281845
8550.5  0.01128958910703659
8553.1  0.002668129513040185
8555.7  4.929415299557149E-4
8558.3  6.518443842651322E-5
8560.9  0.
8563.5  0.
8566.1  0.
8568.7  0.
8571.3  0.
8573.9  0.
8576.5  0.
8579.1  0.
8581.7  0.
8584.3  0.
8586.9  0.
8589.5  0.
8592.1  0.
8594.7  0.
8597.3  0.
8599.9  0.
8602.5  0.
8605.1  0.
8607.7  0.
8610.3  0.
8612.9  0.
8615.5  0.
8618.1  0.
8620.7  0.
8623.3  0.
8625.9  0.
8628.5  0.
8631.1  0.
8633.7  0.
8636.3  0.
8638.9  0.
8641.5  3.786753586609848E-5
8644.1  3.055348352063447E-4
8646.7  0.001704809721559286
8649.3  0.007420517969876527
8651.9  0.025766521692276
8654.5  0.0721631646156311
8657.1  0.1649464815855026
8659.7  0.3121525049209595
8662.3  0.4980222284793854
8664.9  0.6849134564399719
8667.5  0.8338174819946289
8670.1  0.9268393516540527
8672.7  0.9730936288833618
8675.3  0.9957345128059387
8677.9  1.013305306434631
8680.5  1.030981302261353
8683.1  1.045592069625854
8685.7  1.054695129394531
8688.3  1.059817552566528
8690.9  1.06382417678833
8693.5  1.067973256111145
8696.1  1.071693420410156
8698.7  1.074077367782593
8701.3  1.074930667877197
8703.9  1.074693441390991
8706.5  1.073806762695313
8709.1  1.07237434387207
8711.7  1.07032322883606
8714.3  1.067671418190002
8716.9  1.064497232437134
8719.5  1.06061851978302
8722.1  1.055594086647034
8724.7  1.049527645111084
8727.3  1.043987512588501
8729.9  1.041397929191589
8732.5  1.042665719985962
8735.1  1.045700311660767
8737.7  1.046777009963989
8740.3  1.043361306190491
8742.9  1.036156892776489
8745.5  1.029331922531128
8748.1  1.028111696243286
8750.7  1.034604072570801
8753.3  1.045943260192871
8755.9  1.057106733322144
8758.5  1.064984917640686
8761.1  1.069384694099426
8763.7  1.071353673934937
8766.3  1.07167375087738
8768.9  1.070675849914551
8771.5  1.068633556365967
8774.1  1.065887093544006
8776.7  1.062797427177429
8779.3  1.059952139854431
8781.9  1.058518648147583
8784.5  1.05992591381073
8787.1  1.064693927764893
8789.7  1.071211457252503
8792.3  1.075453519821167
8794.9  1.071546196937561
8797.5  1.05345630645752
8800.1  1.019626617431641
8802.7  0.9792326688766479
8805.3  0.9515550136566162
8807.9  0.9528855085372924
8810.5  0.9820836782455444
8813.1  1.021804094314575
8815.7  1.053786039352417
8818.3  1.07060718536377
8820.9  1.074995994567871
8823.5  1.072753429412842
8826.1  1.067147970199585
8828.7  1.056694388389587
8831.3  1.03696620464325
8833.9  1.007370471954346
8836.5  0.9778668284416198
8839.1  0.9651771783828735
8841.7  0.9780295491218566
8844.3  1.008121848106384
8846.9  1.038500308990479
8849.5  1.058077692985535
8852.1  1.065896987915039
8854.7  1.065359354019165
8857.3  1.058161020278931
8859.9  1.043566465377808
8862.5  1.022741198539734
8865.1  1.00328004360199
8867.7  0.9966213703155517
8870.3  1.008086442947388
8872.9  1.03123950958252
8875.5  1.054223537445068
8878.1  1.069788813591004
8880.7  1.077828049659729
8883.3  1.081213116645813
8885.9  1.082055330276489
8888.5  1.081222176551819
8891.1  1.0793217420578
8893.7  1.07707405090332
8896.3  1.074727892875671
8898.9  1.071587085723877
8901.5  1.066898226737976
8904.1  1.061323285102844
8906.7  1.056738138198853
8909.3  1.054236650466919
8911.9  1.053473711013794
8914.5  1.054510235786438
8917.1  1.05868923664093
8919.7  1.066497445106506
8922.3  1.075809955596924
8924.9  1.083476543426514
8927.5  1.088000535964966
8930.1  1.08994197845459
8932.7  1.090280532836914
8935.3  1.089017271995545
8937.9  1.085114121437073
8940.5  1.077593445777893
8943.1  1.067225456237793
8945.7  1.057451486587524
8948.3  1.052834033966064
8950.9  1.055503606796265
8953.5  1.063015937805176
8956.1  1.070180416107178
8958.7  1.072986960411072
8961.3  1.070655345916748
8963.9  1.064436435699463
8966.5  1.055533647537232
8969.1  1.045072913169861
8971.7  1.035337090492249
8974.3  1.028476238250733
8976.9  1.02169132232666
8979.5  1.006193161010742
8982.1  0.9764597415924072
8984.7  0.9412361979484558
8987.3  0.9190888404846191
8989.9  0.9180425405502319
8992.5  0.924440324306488
8995.1  0.9193021059036254
8997.7  0.9034128785133361
9000.3  0.8976814150810241
9002.9  0.9176405668258666
9005.5  0.9556158781051635
9008.1  0.9915599822998046
9010.7  1.014151096343994
9013.3  1.026288747787476
9015.9  1.035484313964844
9018.5  1.044714450836182
9021.1  1.051626443862915
9023.7  1.05309784412384
9026.3  1.04945719242096
9028.9  1.044803857803345
9031.5  1.043183445930481
9034.1  1.04476523399353
9036.7  1.046211838722229
9039.3  1.044789671897888
9041.9  1.041244864463806
9044.5  1.038591861724854
9047.1  1.038924098014832
9049.7  1.041183948516846
9052.3  1.041391372680664
9054.9  1.036213874816895
9057.5  1.027888536453247
9060.1  1.024218440055847
9062.7  1.031201839447022
9065.3  1.046007752418518
9067.9  1.058446645736694
9070.5  1.057268738746643
9073.1  1.03497064113617
9075.7  0.9924870133399963
9078.3  0.9438329339027404
9080.9  0.9117189645767211
9083.5  0.9116091132164001
9086.1  0.9400230646133422
9088.7  0.9797889590263366
9091.3  1.013625144958496
9093.9  1.032384634017944
9096.5  1.035999417304993
9099.1  1.030573487281799
9101.7  1.023751497268677
9104.3  1.021228194236755
9106.9  1.025529623031616
9109.5  1.035423398017883
9112.1  1.046411156654358
9114.7  1.053898215293884
9117.3  1.055775165557861
9119.9  1.050854444503784
9122.5  1.036478638648987
9125.1  1.010984420776367
9127.7  0.9794843196868896
9130.3  0.9541727900505065
9132.9  0.9459164142608642
9135.5  0.955641746520996
9138.1  0.9747029542922973
9140.7  0.9926645755767822
9143.3  1.00447404384613
9145.9  1.011696934700012
9148.5  1.018508315086365
9151.1  1.027307868003845
9153.7  1.037783265113831
9156.3  1.048388242721558
9158.9  1.05717396736145
9161.5  1.061590552330017
9164.1  1.059181094169617
9166.7  1.048580765724182
9169.3  1.029381275177002
9171.9  1.000059127807617
9174.5  0.9571996331214904
9177.1  0.9018584489822387
9179.7  0.8500810265541076
9182.3  0.829868733882904
9184.9  0.8575354814529418
9187.5  0.9195812940597534
9190.1  0.9850217700004577
9192.7  1.031833529472351
9195.3  1.056710839271546
9197.9  1.065843462944031
9200.5  1.06474232673645
9203.1  1.05633544921875
9205.7  1.043400764465332
9208.3  1.03015923500061
9210.9  1.022061824798584
9213.5  1.02345335483551
9216.1  1.03415060043335
9218.7  1.048335790634155
9221.3  1.058067679405212
9223.9  1.058216571807861
9226.5  1.048726439476013
9229.1  1.034006595611572
9231.7  1.020617008209229
9234.3  1.01372230052948
9236.9  1.01345431804657
9239.5  1.014612674713135
9242.1  1.011925101280213
9244.7  1.0065758228302
9247.3  1.005697011947632
9249.9  1.014033198356628
9252.5  1.02830696105957
9255.1  1.041496992111206
9257.7  1.05029022693634
9260.3  1.056245803833008
9262.9  1.06118369102478
9265.5  1.063417792320252
9268.1  1.057751893997192
9270.7  1.038698434829712
9273.3  1.006368756294251
9275.9  0.9714160561561584
9278.5  0.9507176876068115
9281.1  0.9533418416976928
9283.7  0.9712247848510742
9286.3  0.9860907196998596
9288.9  0.9851453304290771
9291.5  0.9709060788154602
9294.1  0.9583162069320678
9296.7  0.9612466692924499
9299.3  0.9794016480445861
9301.9  0.9986596703529357
9304.5  1.003553986549377
9307.1  0.9876691699028015
9309.7  0.9536131620407104
9312.3  0.9060017466545104
9314.9  0.8448729515075683
9317.5  0.7679810523986816
9320.1  0.6836357116699218
9322.7  0.6153792142868041
9325.3  0.5814454555511474
9327.9  0.5732922554016113
9330.5  0.5702130198478698
9333.1  0.5706735849380493
9335.7  0.5905948877334594
9338.3  0.6342674493789672
9340.9  0.6863953471183776
9343.5  0.7299342155456542
9346.1  0.7554174065589904
9348.7  0.7584128379821777
9351.3  0.7451239228248596
9353.9  0.734858751296997
9356.5  0.7411630153656005
9359.1  0.7548616528511047
9361.7  0.7575738430023193
9364.3  0.7457489967346191
9366.9  0.729754626750946
9369.5  0.715373933315277
9372.1  0.7010242938995361
9374.7  0.6937912106513977
9377.3  0.7133237719535827
9379.9  0.7700671553611755
9382.5  0.84755539894104
9385.1  0.9155158996582031
9387.7  0.9560967683792114
9390.3  0.9713833928108215
9392.9  0.9710990786552429
9395.5  0.9607695937156677
9398.1  0.9415372014045715
9400.7  0.9161740541458129
9403.3  0.8912698626518249
9405.9  0.8726504445075988
9408.5  0.8604483604431152
9411.1  0.8488515019416809
9413.7  0.8293834328651428
9416.3  0.7960814237594604
9418.9  0.7522326707839965
9421.5  0.712958812713623
9424.1  0.6972245573997497
9426.7  0.7126520872116088
9429.3  0.7461944818496704
9431.9  0.7730576992034912
9434.5  0.7802561521530151
9437.1  0.7799436450004577
9439.7  0.7938909530639648
9442.3  0.8279346227645874
9444.9  0.8679805994033813
9447.5  0.8973132967948913
9450.1  0.9087399244308471
9452.7  0.9000812172889709
9455.3  0.866372525691986
9457.9  0.8014485239982604
9460.5  0.7089827060699462
9463.1  0.613677978515625
9465.7  0.5574767589569091
9468.3  0.5715538263320922
9470.9  0.6444420218467712
9473.5  0.7261672616004943
9476.1  0.7727307677268981
9478.7  0.7839014530181884
9481.3  0.7928530573844909
9483.9  0.8222208619117736
9486.5  0.8575727939605712
9489.1  0.8659223318099975
9491.7  0.8348568677902221
9494.3  0.7897641658782958
9496.9  0.7724930644035339
9499.5  0.8039994835853576
9502.1  0.8692473173141479
9504.7  0.9362730979919433
9507.3  0.9830328822135925
9509.9  1.00538170337677
9512.5  1.008337020874024
9515.1  0.9972898364067077
9517.7  0.9747231602668762
9520.3  0.9404307603836059
9522.9  0.8960421085357666
9525.5  0.8517311215400695
9528.1  0.8237820863723754
9530.7  0.8200833797454833
9533.3  0.8302612900733947
9535.9  0.8346205949783325
9538.5  0.8224329352378845
9541.1  0.8017260432243347
9543.7  0.7908841371536254
9546.3  0.7971531152725219
9548.9  0.8064780831336975
9551.5  0.8013049960136413
9554.1  0.782978355884552
9556.7  0.7679761052131652
9559.3  0.7683027982711791
9561.9  0.7858140468597412
9564.5  0.8193209171295166
9567.1  0.8652361035346984
9569.7  0.9136379361152648
9572.3  0.9523688554763793
9574.9  0.9749370217323303
9577.5  0.981855034828186
9580.1  0.9768297672271728
9582.7  0.9648144841194152
9585.3  0.952520728111267
9587.9  0.9465035796165466
9590.5  0.9481121301651
9593.1  0.9524844288825988
9595.7  0.955371618270874
9598.3  0.9580098986625671
9600.9  0.9605081677436828
9603.5  0.9506750106811523
9606.1  0.9038512110710144
9608.7  0.8002011179924011
9611.3  0.6507155895233154
9613.9  0.5082935094833374
9616.5  0.4417842328548431
9619.1  0.4858464002609253
9621.7  0.6138679981231689
9624.3  0.7615108489990234
9626.9  0.8735482692718505
9629.5  0.9288412928581237
9632.1  0.9343453049659729
9634.7  0.9092180728912353
9637.3  0.8735028505325317
9639.9  0.8425489664077758
9642.5  0.8277268409729003
9645.1  0.8379228711128234
9647.7  0.8734675645828247
9650.3  0.9203950762748718
9652.9  0.9593562483787536
9655.5  0.9810965061187744
9658.1  0.9900047183036804
9660.7  0.9947289824485778
9663.3  0.9987702965736389
9665.9  0.9984077215194702
9668.5  0.9871585369110107
9671.1  0.9636922478675842
9673.7  0.9376337528228759
9676.3  0.9250926971435546
9678.9  0.9346444606781005
9681.5  0.9586039185523986
9684.1  0.9806527495384216
9686.7  0.9902563095092773
9689.3  0.9880512952804565
9691.9  0.9807336330413818
9694.5  0.9744592905044555
9697.1  0.9723614454269409
9699.7  0.975185751914978
9702.3  0.9822573661804199
9704.9  0.9920070171356201
9707.5  1.002386927604675
9710.1  1.011481165885925
9712.7  1.018067717552185
9715.3  1.021830797195435
9717.9  1.02291202545166
9720.5  1.021392226219177
9723.1  1.017286419868469
9725.7  1.010381817817688
9728.3  1.000034332275391
9730.9  0.9862731099128723
9733.5  0.9717587828636169
9736.1  0.9614304900169372
9738.7  0.9585038423538208
9741.3  0.9611086845397949
9743.9  0.9645495414733886
9746.5  0.9667088985443115
9749.1  0.9684494733810424
9751.7  0.966826319694519
9754.3  0.9482843279838562
9756.9  0.8902114629745483
9759.5  0.7743607759475708
9762.1  0.6078147292137145
9764.7  0.4351923167705536
9767.3  0.3231233358383179
9769.9  0.3212412595748901
9772.5  0.4296974539756775
9775.1  0.5996801257133483
9777.7  0.7660163044929504
9780.3  0.8845419883728027
9782.9  0.9459996819496154
9785.5  0.9647203683853149
9788.1  0.9615989923477172
9790.7  0.9533680081367492
9793.3  0.9475674629211425
9795.9  0.9436522722244262
9798.5  0.9407910108566284
9801.1  0.943325400352478
9803.7  0.9559875726699829
9806.3  0.9765729904174804
9808.9  0.9970074892044067
9811.5  1.010374665260315
9814.1  1.014857411384583
9816.7  1.012569308280945
9819.3  1.006852746009827
9821.9  1.000508666038513
9824.5  0.9949956536293029
9827.1  0.9901525378227233
9829.7  0.9850144982337951
9832.3  0.9798435568809509
9834.9  0.9771347045898437
9837.5  0.9793109893798828
9840.1  0.9855294823646545
9842.7  0.9919331669807434
9845.3  0.9951561689376831
9847.9  0.9948841929435729
9850.5  0.9931604862213134
9853.1  0.9919180274009704
9855.7  0.9913206100463867
9858.3  0.9899524450302124
9860.9  0.9862392544746398
9863.5  0.9799193143844604
9866.1  0.9725813269615173
9868.7  0.9668737649917602
9871.3  0.964843213558197
9873.9  0.9666817188262939
9876.5  0.9707235097885131
9879.1  0.9745277166366577
9881.7  0.9763301610946655
9884.3  0.9759480357170104
9886.9  0.9745663404464721
9889.5  0.973590075969696
9892.1  0.9734839797019958
9894.7  0.9737718701362609
9897.3  0.9742265343666076
9899.9  0.9755255579948425
9902.5  0.9781919717788696
9905.1  0.9812272787094116
9907.7  0.981719434261322
9910.3  0.9741212725639343
9912.9  0.9474171996116638
9915.5  0.8837115764617919
9918.1  0.7669253349304199
9920.7  0.6028699874877929
9923.3  0.4330935776233673
9925.9  0.3205787539482117
9928.5  0.3119799196720123
9931.1  0.4077370464801788
9933.7  0.5642178058624267
9936.3  0.7233521938323974
9938.9  0.8448827862739562
9941.5  0.9185357093811035
9944.1  0.9546064138412475
9946.7  0.9688470959663391
9949.3  0.9738731384277343
9951.9  0.9769326448440551
9954.5  0.980051577091217
9957.1  0.9818916320800781
9959.7  0.9808731079101562
9962.3  0.977252185344696
9964.9  0.9727506041526794
9967.5  0.9689953327178955
9970.1  0.9667249321937561
9972.7  0.9659121036529541
9975.3  0.965969443321228
9977.9  0.9659359455108642
9980.5  0.9649097919464111
9983.1  0.9616966843605041
9985.7  0.9524760842323303
9988.3  0.9266893863677978
9990.9  0.8654795289039611
9993.5  0.750196099281311
9996.1  0.5810336470603942
