3501.3  0.2686188519001007
3503.9  0.3898074626922607
3506.5  0.4845454096794128
3509.1  0.5268088579177856
3511.7  0.5185829401016235
3514.3  0.4854162931442261
3516.9  0.4512626826763153
3519.5  0.4223681390285492
3522.1  0.3984393775463104
3524.7  0.3890286982059479
3527.3  0.4078096449375153
3529.9  0.4557617008686066
3532.5  0.5191439986228942
3535.1  0.5812041759490966
3537.7  0.6300498843193054
3540.3  0.6583463549613952
3542.9  0.6617694497108459
3545.5  0.639816403388977
3548.1  0.5986049771308898
3550.7  0.5527389049530029
3553.3  0.5205692648887634
3555.9  0.5126673579216003
3558.5  0.5239953398704528
3561.1  0.5391362309455871
3563.7  0.5450427532196044
3566.3  0.5392641425132751
3568.9  0.5272682309150695
3571.5  0.5134080648422241
3574.1  0.497523307800293
3576.7  0.4818052053451538
3579.3  0.4768112897872925
3581.9  0.4947955310344696
3584.5  0.53596693277359
3587.1  0.5836850404739379
3589.7  0.613893985748291
3592.3  0.6105303764343261
3594.9  0.5778016448020935
3597.5  0.5409282445907592
3600.1  0.5291172862052917
3602.7  0.5513471961021423
3605.3  0.5890479683876037
3607.9  0.6134735941886901
3610.5  0.608577013015747
3613.1  0.5800464153289794
3615.7  0.5495277047157287
3618.3  0.5404306650161743
3620.9  0.5613767504692077
3623.5  0.5995963215827941
3626.1  0.6340062618255615
3628.7  0.6556203961372375
3631.3  0.6712374091148376
3633.9  0.6868700981140136
3636.5  0.6950401663780212
3639.1  0.6839703917503356
3641.7  0.6550442576408386
3644.3  0.6246963143348693
3646.9  0.6106854677200317
3649.5  0.6204561591148376
3652.1  0.6483192443847656
3654.7  0.6766859889030456
3657.3  0.6833094954490661
3659.9  0.657607614994049
3662.5  0.6133204698562622
3665.1  0.5803466439247131
3667.7  0.5784564614295959
3670.3  0.5994349718093872
3672.9  0.618955910205841
3675.5  0.6245654821395874
3678.1  0.6260148286819458
3680.7  0.6385534405708312
3683.3  0.6649432182312011
3685.9  0.696686565876007
3688.5  0.7241604924201965
3691.1  0.7392153143882751
3693.7  0.7324771881103515
3696.3  0.6950068473815917
3698.9  0.6263253092765808
3701.5  0.5421972274780273
3704.1  0.4725655913352966
3706.7  0.4466014206409454
3709.3  0.4743697345256805
3711.9  0.5386949777603149
3714.5  0.6029548645019531
3717.1  0.63230562210083
3719.7  0.6171097755432128
3722.3  0.579391062259674
3724.9  0.5519809126853942
3727.5  0.5471346378326416
3730.1  0.5479705333709716
3732.7  0.5332523584365844
3735.3  0.504475712776184
3737.9  0.4820757210254669
3740.5  0.4818277955055237
3743.1  0.5031294822692871
3745.7  0.5351688861846923
3748.3  0.566098153591156
3750.9  0.5885757803916931
3753.5  0.6027832627296447
3756.1  0.616502046585083
3758.7  0.6393715143203735
3761.3  0.6725238561630249
3763.9  0.7052080035209655
3766.5  0.7255654335021972
3769.1  0.7330878376960754
3771.7  0.7371896505355834
3774.3  0.7457491755485534
3776.9  0.7585999965667724
3779.5  0.7702546119689941
3782.1  0.7749412059783935
3784.7  0.7689871191978454
3787.3  0.7520825266838073
3789.9  0.7273738384246826
3792.5  0.7001710534095764
3795.1  0.6788290739059448
3797.7  0.6755589246749877
3800.3  0.6981573104858398
3802.9  0.7387359738349914
3805.5  0.7767695784568786
3808.1  0.7946774959564208
3810.7  0.7867321372032165
3813.3  0.756416380405426
3815.9  0.7114736437797546
3818.5  0.6609360575675964
3821.1  0.6134743690490722
3823.7  0.5768765211105346
3826.3  0.5564051270484924
3828.9  0.5515367984771728
3831.5  0.5556575059890747
3834.1  0.5613437294960021
3836.7  0.5665392279624938
3839.3  0.5759896039962768
3841.9  0.5978581309318542
3844.5  0.6364020705223083
3847.1  0.6840855479240417
3849.7  0.7231445908546447
3852.3  0.7408941984176635
3854.9  0.7436197996139526
3857.5  0.7498093843460083
3860.1  0.7694509029388427
3862.7  0.7929536700248718
3865.3  0.8009195327758789
3867.9  0.78317391872406
3870.5  0.7468349933624267
3873.1  0.7059203386306762
3875.7  0.6666908264160156
3878.3  0.6275269389152526
3880.9  0.5903010368347167
3883.5  0.5629817247390747
3886.1  0.5508255958557128
3888.7  0.5546373128890991
3891.3  0.5784622430801391
3893.9  0.6270058751106262
3896.5  0.6905009150505065
3899.1  0.7430956959724426
3901.7  0.7655133008956909
3904.3  0.7639589309692382
3906.9  0.7594972252845764
3909.5  0.7631860375404357
3912.1  0.7697294950485229
3914.7  0.771292507648468
3917.3  0.7651124000549316
3919.9  0.7459300756454467
3922.5  0.7022691965103149
3925.1  0.6269859671592712
3927.7  0.5293971300125122
3930.3  0.4357069432735443
3932.9  0.3775332272052765
3935.5  0.375085324048996
3938.1  0.4255117774009705
3940.7  0.5062584280967712
3943.3  0.59014493227005
3945.9  0.6576892137527465
3948.5  0.6997255086898803
3951.1  0.7158780097961425
3953.7  0.7115039229393005
3956.3  0.6903674602508544
3958.9  0.6491712927818298
3961.5  0.5836119651794433
3964.1  0.501451551914215
3966.7  0.4265213310718536
3969.3  0.3863189220428467
3971.9  0.3929359912872315
3974.5  0.4357438981533051
3977.1  0.4927089214324951
3979.7  0.5482394099235534
3982.3  0.6006215214729309
3984.9  0.6543859243392944
3987.5  0.7076631784439086
3990.1  0.7492036819458007
3992.7  0.7695317864418029
3995.3  0.7726784348487854
3997.9  0.772795021533966
4000.5  0.7807854413986206
4003.1  0.7998521924018859
4005.7  0.8296698331832885
4008.3  0.863273799419403
4010.9  0.8836239576339721
4013.5  0.8770552277565002
4016.1  0.8510304689407348
4018.7  0.8299611806869506
4021.3  0.834175169467926
4023.9  0.8664547204971313
4026.5  0.9138523340225219
4029.1  0.9575926065444946
4031.7  0.9848428964614868
4034.3  0.9946674108505249
4036.9  0.9930281639099121
4039.5  0.9836708903312683
4042.1  0.9649081230163574
4044.7  0.934405505657196
4047.3  0.8958742022514343
4049.9  0.8597382307052612
4052.5  0.8355574607849121
4055.1  0.8249412178993225
4057.7  0.8249098658561706
4060.3  0.8355483412742614
4062.9  0.8586367964744567
4065.5  0.8898952603340148
4068.1  0.9178776144981384
4070.7  0.931739866733551
4073.3  0.9293993115425109
4075.9  0.9195359349250793
4078.5  0.9150844812393188
4081.1  0.9211480617523193
4083.7  0.9290171861648559
4086.3  0.9240121841430664
4088.9  0.8988443613052368
4091.5  0.8583703637123107
4094.1  0.8138228058815002
4096.7  0.7759742736816406
4099.3  0.7529461979866027
4101.9  0.7482474446296691
4104.5  0.7569690942764282
4107.1  0.7680138945579528
4109.7  0.7751597762107849
4112.3  0.7835801243782043
4114.9  0.8009466528892517
4117.5  0.8248589038848876
4120.1  0.843805193901062
4122.7  0.8487895727157592
4125.3  0.8411118984222412
4127.9  0.830534279346466
4130.5  0.8282428979873657
4133.1  0.839264690876007
4135.7  0.8592494130134582
4138.3  0.8801130056381225
4140.9  0.8993120789527893
4143.5  0.9200012683868408
4146.1  0.9421200156211853
4148.7  0.9586924910545349
4151.3  0.9628668427467346
4153.9  0.9548368453979492
4156.5  0.9402195811271667
4159.1  0.9248552918434143
4161.7  0.9127725362777709
4164.3  0.9059889912605285
4166.9  0.9040232300758361
4169.5  0.9029697179794311
4172.1  0.8941459655761718
4174.7  0.8681883215904235
4177.3  0.8279810547828674
4179.9  0.7953438162803649
4182.5  0.7953825592994689
4185.1  0.832832932472229
4187.7  0.8886992335319519
4190.3  0.9380732774734497
4192.9  0.9660098552703857
4195.5  0.9694715738296508
4198.1  0.953234314918518
4200.7  0.9288570880889892
4203.3  0.9130282402038574
4205.9  0.9170132875442504
4208.5  0.9349892139434814
4211.1  0.9487122893333435
4213.7  0.9456316232681274
4216.3  0.9285556077957153
4218.9  0.9086812138557434
4221.5  0.8963942527770996
4224.1  0.8995147347450256
4226.7  0.9219142198562622
4229.3  0.9587249755859375
4231.9  0.9968293905258178
4234.5  1.023267388343811
4237.1  1.031500935554504
4239.7  1.020105957984924
4242.3  0.9911314249038696
4244.9  0.953275442123413
4247.5  0.9224873781204223
4250.1  0.9120007753372192
4252.7  0.9198470115661621
4255.3  0.9302901625633239
4257.9  0.9291635155677795
4260.5  0.914489209651947
4263.1  0.8926814794540405
4265.7  0.8700539469718933
4268.3  0.8488436341285705
4270.9  0.826948344707489
4273.5  0.8028744459152221
4276.1  0.7831557989120483
4278.7  0.7792679667472839
4281.3  0.793459415435791
4283.9  0.8135989904403686
4286.5  0.8257251977920532
4289.1  0.8269556164741516
4291.7  0.8231680989265441
4294.3  0.8184999823570251
4296.9  0.811649739742279
4299.5  0.7995107769966125
4302.1  0.7805769443511962
4304.7  0.7592589855194091
4307.3  0.7507017850875854
4309.9  0.772964060306549
4312.5  0.8272696733474731
4315.1  0.8904809355735778
4317.7  0.9315539598464965
4320.3  0.9354894757270812
4322.9  0.9127373695373535
4325.5  0.8859997987747192
4328.1  0.8650906682014465
4330.7  0.8357415795326232
4333.3  0.7780786156654357
4335.9  0.6964731216430664
4338.5  0.626241385936737
4341.1  0.6063339114189147
4343.7  0.6453786492347717
4346.3  0.7171194553375244
4348.9  0.7861509919166564
4351.5  0.83210289478302
4354.1  0.8534526824951171
4356.7  0.8600276708602905
4359.3  0.8650290369987487
4361.9  0.8774526715278625
4364.5  0.8981770873069763
4367.1  0.9228339791297912
4369.7  0.9459956288337707
4372.3  0.9619998931884765
4374.9  0.9639368057250976
4377.5  0.944314420223236
4380.1  0.9002498984336853
4382.7  0.8412140607833862
4385.3  0.788057804107666
4387.9  0.7592393159866333
4390.5  0.7583817839622497
4393.1  0.7767268419265747
4395.7  0.8043053150177001
4398.3  0.8362990021705627
4400.9  0.8714541792869567
4403.5  0.9081169366836547
4406.1  0.9434437751770019
4408.7  0.9753481149673461
4411.3  1.00253427028656
4413.9  1.022959351539612
4416.5  1.035038948059082
4419.1  1.040695071220398
4421.7  1.044810891151428
4424.3  1.05102014541626
4426.9  1.058618187904358
4429.5  1.063647866249085
4432.1  1.061596870422363
4434.7  1.048059701919556
4437.3  1.018174171447754
4439.9  0.970020055770874
4442.5  0.9121476411819458
4445.1  0.8642312288284301
4447.7  0.8423125147819519
4450.3  0.8428820967674255
4452.9  0.8490764498710632
4455.5  0.8528288602828979
4458.1  0.8616689443588256
4460.7  0.882271409034729
4463.3  0.9078744649887084
4465.9  0.9270685911178588
4468.5  0.9382425546646118
4471.1  0.9493822455406188
4473.7  0.9663419723510742
4476.3  0.9865264892578125
4478.9  1.003817677497864
4481.5  1.014383792877197
4484.1  1.015897631645203
4486.7  1.006075501441956
4489.3  0.9858016967773437
4491.9  0.961607813835144
4494.5  0.9424549937248229
4497.1  0.9352911710739135
4499.7  0.943719208240509
4502.3  0.9667313694953918
4504.9  0.9971672296524047
4507.5  1.024465799331665
4510.1  1.039952635765076
4512.7  1.037891864776611
4515.3  1.013265132904053
4517.9  0.9644103646278381
4520.5  0.9012642502784729
4523.1  0.8469449877738952
4525.7  0.822631299495697
4528.3  0.8286342024803161
4530.9  0.845915138721466
4533.5  0.8576162457466125
4536.1  0.8624525666236877
4538.7  0.8673357963562011
4541.3  0.8769941329956054
4543.9  0.8941808938980102
4546.5  0.9219126105308532
4549.1  0.9594838023185729
4551.7  0.9991483688354492
4554.3  1.030766487121582
4556.9  1.048595905303955
4559.5  1.052091240882874
4562.1  1.041562914848328
4564.7  1.015994429588318
4567.3  0.9774171113967895
4569.9  0.9374345541000366
4572.5  0.9140765070915222
4575.1  0.9172313213348388
4577.7  0.9392774105072021
4580.3  0.9633765220642089
4582.9  0.977033257484436
4585.5  0.9749824404716491
4588.1  0.9558452367782592
4590.7  0.924289047718048
4593.3  0.8950685858726501
4595.9  0.8867237567901611
4598.5  0.9069602489471435
4601.1  0.9458496570587158
4603.7  0.9836636781692504
4606.3  1.002738952636719
4608.9  0.9933497309684753
4611.5  0.9569628834724426
4614.1  0.9100048542022705
4616.7  0.8790081739425659
4619.3  0.8821753859519958
4621.9  0.9144675731658935
4624.5  0.9548839330673217
4627.1  0.986425757408142
4629.7  1.004917740821838
4632.3  1.012799263000488
4634.9  1.012200593948364
4637.5  1.004681825637817
4640.1  0.99301677942276
4642.7  0.9811904430389404
4645.3  0.9738446474075317
4647.9  0.9750578999519348
4650.5  0.9853469729423522
4653.1  0.999419093132019
4655.7  1.008254528045654
4658.3  1.003126859664917
4660.9  0.9787883162498474
4663.5  0.9375579953193664
4666.1  0.893176257610321
4668.7  0.8661087751388549
4671.3  0.8690372705459594
4673.9  0.8970481157302856
4676.5  0.9334301948547363
4679.1  0.9625334739685058
4681.7  0.9765238165855407
4684.3  0.9748162627220153
4686.9  0.9616971015930175
4689.5  0.9439293146133422
4692.1  0.9276611804962158
4694.7  0.9158937931060791
4697.3  0.9090995788574218
4699.9  0.9068664908409118
4702.5  0.9072787165641784
4705.1  0.9070504307746887
4707.7  0.9063695073127746
4710.3  0.9116192460060119
4712.9  0.9289903044700622
4715.5  0.9567564725875854
4718.1  0.9866917729377746
4720.7  1.01123857498169
4723.3  1.027420520782471
4725.9  1.03622317314148
4728.5  1.040511250495911
4731.1  1.042541861534119
4733.7  1.042637944221497
4736.3  1.040706396102905
4738.9  1.03865373134613
4741.5  1.039124131202698
4744.1  1.041061162948608
4746.7  1.037766337394714
4749.3  1.021564483642578
4751.9  0.9922847747802734
4754.5  0.961362600326538
4757.1  0.9446743726730346
4759.7  0.9490332603454589
4762.3  0.9680314660072326
4764.9  0.9916857481002807
4767.5  1.015034914016724
4770.1  1.035829544067383
4772.7  1.050150513648987
4775.3  1.054846405982971
4777.9  1.052029013633728
4780.5  1.047804117202759
4783.1  1.046250462532044
4785.7  1.046242594718933
4788.3  1.044519901275635
4790.9  1.039898872375488
4793.5  1.033145546913147
4796.1  1.025075078010559
4798.7  1.017378687858582
4801.3  1.013490080833435
4803.9  1.015559911727905
4806.5  1.021961688995361
4809.1  1.029609799385071
4811.7  1.036092877388
4814.3  1.037379741668701
4816.9  1.026996612548828
4819.5  1.00200879573822
4822.1  0.9699201583862304
4824.7  0.9457517266273498
4827.3  0.9398688077926635
4829.9  0.9505094289779663
4832.5  0.9690935611724853
4835.1  0.9892273545265197
4837.7  1.008454203605652
4840.3  1.024723649024963
4842.9  1.034755229949951
4845.5  1.035312294960022
4848.1  1.024433135986328
4850.7  1.001443147659302
4853.3  0.9670998454093933
4855.9  0.9246577620506286
4858.5  0.8807730674743652
4861.1  0.8438943624496459
4863.7  0.8202987313270568
4866.3  0.8118157386779785
4868.9  0.818204641342163
4871.5  0.840156614780426
4874.1  0.8768056631088256
4876.7  0.9200114011764526
4879.3  0.9541331529617309
4881.9  0.9646391868591308
4884.5  0.9493529796600341
4887.1  0.9230896234512329
4889.7  0.9094215035438537
4892.3  0.9228622317314147
4894.9  0.957695186138153
4897.5  0.9956684708595275
4900.1  1.022645711898804
4902.7  1.035783648490906
4905.3  1.038760900497437
4907.9  1.035765290260315
4910.5  1.029515385627747
4913.1  1.021006226539612
4915.7  1.010010480880737
4918.3  0.9973368644714355
4920.9  0.9858859181404113
4923.5  0.9771254658699035
4926.1  0.967137336730957
4928.7  0.9501958489418029
4931.3  0.9285137057304382
4933.9  0.9154648184776306
4936.5  0.9243316650390625
4939.1  0.9540260434150695
4941.7  0.9897863864898681
4944.3  1.017634153366089
4946.9  1.034310340881348
4949.5  1.043761253356934
4952.1  1.0490882396698
4954.7  1.050490975379944
4957.3  1.048555374145508
4959.9  1.046424746513367
4962.5  1.047910571098328
4965.1  1.05393922328949
4967.7  1.061418294906616
4970.3  1.065053462982178
4972.9  1.059412598609924
4975.5  1.039739012718201
4978.1  1.004027605056763
4980.7  0.9577217102050781
4983.3  0.9158255457878112
4985.9  0.8952455520629882
4988.5  0.9008002877235412
4991.1  0.9201507568359375
4993.7  0.9352238774299621
4996.3  0.9369171857833862
4998.9  0.9274046421051025
5001.5  0.9132229685783386
5004.1  0.9018734693527221
5006.7  0.9013692140579223
5009.3  0.9146276712417602
5011.9  0.9344322085380554
5014.5  0.9499617218971252
5017.1  0.9579103589057922
5019.7  0.9641801714897155
5022.3  0.9761580824851989
5024.9  0.9954680204391479
5027.5  1.017117023468018
5030.1  1.034149765968323
5032.7  1.042801022529602
5035.3  1.044040441513062
5037.9  1.04179584980011
5040.5  1.040173530578613
5043.1  1.040766000747681
5045.7  1.041820883750916
5048.3  1.040506839752197
5050.9  1.036277532577515
5053.5  1.031615614891052
5056.1  1.029603004455566
5058.7  1.031229376792908
5061.3  1.034810066223145
5063.9  1.036980152130127
5066.5  1.033338069915772
5069.1  1.019051194190979
5071.7  0.9921604990959167
5074.3  0.9582204222679138
5076.9  0.9291490316390991
5079.5  0.914640724658966
5082.1  0.915765106678009
5084.7  0.9267405867576599
5087.3  0.9386122822761535
5089.9  0.9419500231742858
5092.5  0.9329575300216674
5095.1  0.918762981891632
5097.7  0.9106515049934387
5100.3  0.910307765007019
5102.9  0.9092792868614196
5105.5  0.9047809243202209
5108.1  0.9074085354804992
5110.7  0.9267191886901855
5113.3  0.9561785459518432
5115.9  0.9800273180007934
5118.5  0.9908349514007568
5121.1  0.9941020607948303
5123.7  0.9983287453651428
5126.3  1.005784511566162
5128.9  1.012783885002136
5131.5  1.015405654907227
5134.1  1.012856960296631
5136.7  1.005831122398377
5139.3  0.9937898516654968
5141.9  0.9768763184547424
5144.5  0.9606749415397644
5147.1  0.9550671577453613
5149.7  0.9650015234947204
5152.3  0.9837317466735839
5154.9  0.9971386194229125
5157.5  0.9925197958946228
5160.1  0.9635881185531616
5162.7  0.9133784174919128
5165.3  0.856947898864746
5167.9  0.8172528147697448
5170.5  0.8117384910583496
5173.1  0.8403881788253784
5175.7  0.8865410089492797
5178.3  0.9293539524078369
5180.9  0.9577929377555847
5183.5  0.9748786091804504
5186.1  0.9895321130752563
5188.7  1.006155371665955
5191.3  1.022343754768372
5193.9  1.033408641815186
5196.5  1.036463618278503
5199.1  1.031268954277039
5201.7  1.020056486129761
5204.3  1.007338047027588
5206.9  0.9986340403556823
5209.5  0.9974272847175598
5212.1  1.002576947212219
5214.7  1.008790612220764
5217.3  1.009662389755249
5219.9  1.001325845718384
5222.5  0.9855880737304687
5225.1  0.97042977809906
5227.7  0.9650948047637939
5230.3  0.9723935723304748
5232.9  0.9865282177925109
5235.5  0.9994542598724365
5238.1  1.007785081863403
5240.7  1.01283061504364
5243.3  1.016186714172363
5245.9  1.017234086990357
5248.5  1.01450788974762
5251.1  1.008284687995911
5253.7  1.000556230545044
5256.3  0.9917960166931152
5258.9  0.9790125489234924
5261.5  0.9596647024154663
5264.1  0.938010811805725
5266.7  0.9250878095626831
5269.3  0.9299942851066589
5271.9  0.9510217905044555
5274.5  0.9763315916061401
5277.1  0.9938980340957641
5279.7  1.000749707221985
5282.3  1.002861618995667
5284.9  1.007149338722229
5287.5  1.014439463615418
5290.1  1.019940257072449
5292.7  1.019066214561462
5295.3  1.011898398399353
5297.9  1.002872467041016
5300.5  0.9973994493484497
5303.1  0.9984039068222045
5305.7  1.004645109176636
5308.3  1.012098431587219
5310.9  1.017706632614136
5313.5  1.021318197250366
5316.1  1.023372530937195
5318.7  1.021645426750183
5321.3  1.012064456939697
5323.9  0.99392831325531
5326.5  0.974242091178894
5329.1  0.9645689129829406
5331.7  0.9712274074554443
5334.3  0.9894207119941711
5336.9  1.008304476737976
5339.5  1.020147562026978
5342.1  1.023995518684387
5344.7  1.023425459861755
5347.3  1.022759437561035
5349.9  1.023732542991638
5352.5  1.023464918136597
5355.1  1.014305353164673
5357.7  0.9860562086105346
5360.3  0.9319360852241516
5362.9  0.8584488034248352
5365.5  0.7906082868576049
5368.1  0.7606397867202758
5370.7  0.784119427204132
5373.3  0.8466437458992004
5375.9  0.9163885116577148
5378.5  0.9689201116561889
5381.1  0.9991044998168945
5383.7  1.01396107673645
5386.3  1.020746469497681
5388.9  1.022311449050903
5391.5  1.018632769584656
5394.1  1.008418440818787
5396.7  0.9898982048034667
5399.3  0.964208960533142
5401.9  0.9396353363990783
5404.5  0.928903579711914
5407.1  0.9386619329452514
5409.7  0.9629533886909484
5412.3  0.9886625409126281
5414.9  1.00490152835846
5417.5  1.006401538848877
5420.1  0.9921067357063293
5422.7  0.9649989008903503
5425.3  0.9336733222007751
5427.9  0.9115330576896667
5430.5  0.9105682969093322
5433.1  0.9326893687248229
5435.7  0.9672844409942626
5438.3  0.9993291497230529
5440.9  1.019764184951782
5443.5  1.028042793273926
5446.1  1.027624726295471
5448.7  1.021807551383972
5451.3  1.013388633728027
5453.9  1.005916953086853
5456.5  1.00300145149231
5459.1  1.005820989608765
5461.7  1.011609077453613
5464.3  1.014791131019592
5466.9  1.009038686752319
5469.5  0.9899801015853881
5472.1  0.9599825739860534
5474.7  0.9314533472061157
5477.3  0.9206425547599792
5479.9  0.9338350296020507
5482.5  0.9612238407135009
5485.1  0.9862371683120727
5487.7  0.9982896447181701
5490.3  0.9962912797927856
5492.9  0.9854987263679504
5495.5  0.9745982885360717
5498.1  0.9718555808067321
5500.7  0.978845477104187
5503.3  0.9876349568367004
5505.9  0.9868984818458557
5508.5  0.9725745320320129
5511.1  0.9533810019493103
5513.7  0.9446663856506347
5516.3  0.9546006321907043
5518.9  0.9765321612358093
5521.5  0.9961288571357727
5524.1  1.004648804664612
5526.7  1.004390478134155
5529.3  1.00343918800354
5531.9  1.007222294807434
5534.5  1.014914035797119
5537.1  1.022405385971069
5539.7  1.02685010433197
5542.3  1.028088569641113
5544.9  1.02729058265686
5547.5  1.025616645812988
5550.1  1.023864507675171
5552.7  1.022516250610352
5555.3  1.0217045545578
5557.9  1.020915269851685
5560.5  1.0184246301651
5563.1  1.01055908203125
5565.7  0.9927983283996582
5568.3  0.9651093482971191
5570.9  0.9376372694969177
5573.5  0.9267112612724304
5576.1  0.9404985904693603
5578.7  0.9704885482788085
5581.3  1.000056385993958
5583.9  1.018664240837097
5586.5  1.025793313980103
5589.1  1.025429844856262
5591.7  1.020782232284546
5594.3  1.013315200805664
5596.9  1.004462718963623
5599.5  0.9972447752952575
5602.1  0.9954152703285217
5604.7  0.9999738335609436
5607.3  1.007263064384461
5609.9  1.011479735374451
5612.5  1.008999466896057
5615.1  1.000628709793091
5617.7  0.9911087155342102
5620.3  0.9863826632499694
5622.9  0.9895577430725097
5625.5  0.9986739754676818
5628.1  1.008655071258545
5630.7  1.015078544616699
5633.3  1.016009211540222
5635.9  1.011404395103455
5638.5  1.002120018005371
5641.1  0.9901244640350341
5643.7  0.9790347814559936
5646.3  0.9725204110145568
5648.9  0.9704843759536743
5651.5  0.9678698778152465
5654.1  0.9597724080085754
5656.7  0.9480555653572082
5659.3  0.9403102993965148
5661.9  0.9411703944206237
5664.5  0.9476885199546813
5667.1  0.9552244544029235
5669.7  0.9640331864356994
5672.3  0.9765436053276062
5674.9  0.9910373091697692
5677.5  1.001944065093994
5680.1  1.00556492805481
5682.7  1.003118634223938
5685.3  0.997940182685852
5687.9  0.9911226034164428
5690.5  0.981363832950592
5693.1  0.9692602753639221
5695.7  0.9593068361282348
5698.3  0.9559040665626525
5700.9  0.9590034484863281
5703.5  0.9654552936553955
5706.1  0.9730415344238281
5708.7  0.9813165664672851
5711.3  0.9895892143249511
5713.9  0.9962403178215026
5716.5  1.000299215316773
5719.1  1.002645373344421
5721.7  1.005082130432129
5724.3  1.008548617362976
5726.9  1.012406349182129
5729.5  1.0152907371521
5732.1  1.016162991523743
5734.7  1.014693260192871
5737.3  1.011427521705628
5739.9  1.007973551750183
5742.5  1.006187915802002
5745.1  1.006292581558228
5747.7  1.006372690200806
5750.3  1.004671216011047
5752.9  1.00188148021698
5755.5  0.9993652701377868
5758.1  0.9937101602554321
5760.7  0.9717330336570739
5763.3  0.9111003875732421
5765.9  0.7914021611213684
5768.5  0.6135488152503967
5771.1  0.4102749824523926
5773.7  0.2301537841558456
5776.3  0.1060772836208344
5778.9  0.03956878930330277
5781.5  0.01181581616401672
5784.1  0.002799357054755092
5786.7  5.184215842746198E-4
5789.3  6.895813567098230E-5
5791.9  0.
5794.5  0.
5797.1  0.
5799.7  0.
5802.3  0.
5804.9  0.
5807.5  0.
5810.1  0.
5812.7  0.
5815.3  0.
5817.9  0.
5820.5  6.990590190980583E-5
5823.1  5.252881674095988E-4
5825.7  0.002838297514244914
5828.3  0.0119859678670764
5830.9  0.04016076028347015
5833.5  0.1077350080013275
5836.1  0.2339403331279755
5838.7  0.4174108505249023
5841.3  0.6247335076332092
5843.9  0.8059539198875427
5846.5  0.9264854192733764
5849.1  0.9841210842132568
5851.7  0.9997360110282897
5854.3  0.9982384443283081
5856.9  0.9962757229804992
5859.5  0.999445617198944
5862.1  1.005856037139893
5864.7  1.012065291404724
5867.3  1.016883730888367
5869.9  1.020813226699829
5872.5  1.023870944976807
5875.1  1.024471640586853
5877.7  1.019276022911072
5880.3  1.00247848033905
5882.9  0.9674705266952514
5885.5  0.9152355790138244
5888.1  0.863632321357727
5890.7  0.8409084677696228
5893.3  0.8617383241653442
5895.9  0.9123692512512207
5898.5  0.9644591212272644
5901.1  0.999545931816101
5903.7  1.016942024230957
5906.3  1.02451491355896
5908.9  1.028300046920776
5911.5  1.029678583145142
5914.1  1.028296113014221
5916.7  1.025307536125183
5919.3  1.023470044136047
5921.9  1.024536609649658
5924.5  1.027745604515076
5927.1  1.031002521514893
5929.7  1.032925605773926
5932.3  1.033457159996033
5934.9  1.033178329467774
5937.5  1.032656788825989
5940.1  1.032350778579712
5942.7  1.032641053199768
5945.3  1.033633589744568
5947.9  1.034939527511597
5950.5  1.035862803459167
5953.1  1.035982251167297
5955.7  1.035522222518921
5958.3  1.035067558288574
5960.9  1.034942984580994
5963.5  1.034951567649841
5966.1  1.034655213356018
5968.7  1.033701539039612
5971.3  1.031833052635193
5973.9  1.02869188785553
5976.5  1.023647546768189
5979.1  1.015943646430969
5981.7  1.005159497261047
5984.3  0.9917535185813903
5986.9  0.9777774214744567
5989.5  0.9674437046051025
5992.1  0.9655532240867614
5994.7  0.9734250307083129
5997.3  0.9869444370269775
5999.9  0.9999520778656005
6002.5  1.008732199668884
6005.1  1.012585997581482
6007.7  1.01194429397583
6010.3  1.007390379905701
6012.9  0.9998551607131958
6015.5  0.9910705685615539
6018.1  0.9840657114982604
6020.7  0.9824611544609069
6023.3  0.9876633882522583
6025.9  0.9970146417617797
6028.5  1.005929827690125
6031.1  1.011521935462952
6033.7  1.013550281524658
6036.3  1.012895345687866
6038.9  1.010310411453247
6041.5  1.006500005722046
6044.1  1.002533435821533
6046.7  0.9995114207267761
6049.3  0.997872769832611
6051.9  0.9976298213005065
6054.5  0.9994136691093444
6057.1  1.004435062408447
6059.7  1.012915849685669
6062.3  1.02286696434021
6064.9  1.030782341957092
6067.5  1.033884406089783
6070.1  1.03203296661377
6072.7  1.027411937713623
6075.3  1.022369980812073
6077.9  1.017828464508057
6080.5  1.013449668884277
6083.1  1.008615255355835
6085.7  1.003301501274109
6088.3  0.9985207319259643
6090.9  0.9955320358276367
6093.5  0.9936710596084594
6096.1  0.9896391034126281
6098.7  0.9809162616729736
6101.3  0.9700986146926879
6103.9  0.9636262655258178
6106.5  0.9647270441055297
6109.1  0.9694427847862243
6111.7  0.9716666936874389
6114.3  0.9708020687103271
6116.9  0.9719869494438171
6119.5  0.9791361093521118
6122.1  0.9900019764900207
6124.7  0.9985293745994567
6127.3  1.000023007392883
6129.9  0.9936204552650451
6132.5  0.9823343753814697
6135.1  0.9723544716835021
6137.7  0.970379889011383
6140.3  0.9785258173942565
6142.9  0.9912741780281066
6145.5  0.9981787204742431
6148.1  0.989797830581665
6150.7  0.9635756015777587
6153.3  0.928237497806549
6155.9  0.9020010828971862
6158.5  0.900354266166687
6161.1  0.922371506690979
6163.7  0.9508882164955139
6166.3  0.9671581387519836
6168.9  0.9650940895080566
6171.5  0.9538267254829406
6174.1  0.948479950428009
6176.7  0.9566360712051391
6179.3  0.9720865488052368
6181.9  0.9810371994972229
6184.5  0.9735665321350097
6187.1  0.951143205165863
6189.7  0.9271893501281738
6192.3  0.9190909266471862
6194.9  0.9343940615653991
6197.5  0.964324951171875
6200.1  0.9929319620132446
6202.7  1.010857462882996
6205.3  1.018783569335938
6207.9  1.021399021148682
6210.5  1.021864771842957
6213.1  1.021283984184265
6215.7  1.020325779914856
6218.3  1.019647240638733
6220.9  1.019203424453735
6223.5  1.017885088920593
6226.1  1.014267921447754
6228.7  1.007561087608337
6231.3  0.997942566871643
6233.9  0.9868343472480773
6236.5  0.9775541424751281
6239.1  0.9744199514389038
6241.7  0.979202389717102
6244.3  0.9888832569122314
6246.9  0.9982116818428039
6249.5  1.003961443901062
6252.1  1.006410956382751
6254.7  1.008087515830994
6257.3  1.011555790901184
6259.9  1.017408013343811
6262.5  1.02389121055603
6265.1  1.028527736663818
6267.7  1.029865384101868
6270.3  1.027719497680664
6272.9  1.022634983062744
6275.5  1.015796422958374
6278.1  1.009305357933044
6280.7  1.005750775337219
6283.3  1.006662964820862
6285.9  1.011127352714539
6288.5  1.016167759895325
6291.1  1.018721699714661
6293.7  1.017510294914246
6296.3  1.013651609420776
6298.9  1.00991415977478
6301.5  1.008821368217468
6304.1  1.010659217834473
6306.7  1.013376593589783
6309.3  1.014791965484619
6311.9  1.014676332473755
6314.5  1.014504075050354
6317.1  1.01558780670166
6319.7  1.017796635627747
6322.3  1.01972508430481
6324.9  1.019745826721192
6327.5  1.017252683639526
6330.1  1.01338517665863
6332.7  1.010334849357605
6335.3  1.009467363357544
6337.9  1.0102299451828
6340.5  1.011137127876282
6343.1  1.011431217193604
6345.7  1.011383056640625
6348.3  1.011351346969605
6350.9  1.011119961738587
6353.5  1.010197639465332
6356.1  1.008491039276123
6358.7  1.006607055664062
6361.3  1.005563616752625
6363.9  1.006052851676941
6366.5  1.007789850234985
6369.1  1.009551763534546
6371.7  1.010019421577454
6374.3  1.008860111236572
6376.9  1.007222533226013
6379.5  1.006964445114136
6382.1  1.009005188941956
6384.7  1.01245379447937
6387.3  1.01548957824707
6389.9  1.016901969909668
6392.5  1.016650438308716
6395.1  1.015220046043396
6397.7  1.012592792510986
6400.3  1.007977962493896
6402.9  1.000976443290711
6405.5  0.9930795431137084
6408.1  0.9871333837509155
6410.7  0.984773576259613
6413.3  0.985356867313385
6415.9  0.9877665042877197
6418.5  0.9916619658470153
6421.1  0.9961075782775878
6423.7  0.9986372590065002
6426.3  0.9972897171974182
6428.9  0.9932795763015747
6431.5  0.990492820739746
6434.1  0.9918195009231567
6436.7  0.996453583240509
6439.3  1.001065254211426
6441.9  1.002992033958435
6444.5  1.002012848854065
6447.1  0.9998795390129089
6449.7  0.9987286925315856
6452.3  0.9996108412742614
6454.9  1.002100825309753
6457.5  1.005087971687317
6460.1  1.007721304893494
6462.7  1.009669899940491
6465.3  1.010956287384033
6467.9  1.011691093444824
6470.5  1.011758923530579
6473.1  1.010570645332336
6475.7  1.007295966148376
6478.3  1.001787543296814
6480.9  0.9954100847244262
6483.5  0.9903390407562255
6486.1  0.9873260855674743
6488.7  0.9846760630607604
6491.3  0.980555772781372
6493.9  0.9761979579925537
6496.5  0.9754248857498168
6499.1  0.9804267287254333
6501.7  0.9890975952148437
6504.3  0.9971917271614074
6506.9  1.002062797546387
6509.5  1.003708124160767
6512.1  1.003390669822693
6514.7  1.002356052398682
6517.3  1.001481771469116
6519.9  1.001199960708618
6522.5  1.001451015472412
6525.1  1.001947641372681
6527.7  1.00251305103302
6530.3  1.003064393997192
6532.9  1.003361582756042
6535.5  1.002996683120728
6538.1  1.001610040664673
6540.7  0.9988225698471069
6543.3  0.9938177466392517
6545.9  0.9849365949630737
6548.5  0.9695979356765747
6551.1  0.9449798464775085
6553.7  0.9093161225318908
6556.3  0.8637958765029907
6558.9  0.8155935406684875
6561.5  0.7798666954040527
6564.1  0.7739141583442687
6566.7  0.8033332824707031
6569.3  0.8549845218658447
6571.9  0.9073249697685241
6574.5  0.9463085532188415
6577.1  0.9701049923896789
6579.7  0.9831374883651733
6582.3  0.9900092482566833
6584.9  0.9939605593681335
6587.5  0.9973519444465637
6590.1  1.001579880714417
6592.7  1.006684899330139
6595.3  1.011687636375427
6597.9  1.015644073486328
6600.5  1.018326163291931
6603.1  1.020120143890381
6605.7  1.021521091461182
6608.3  1.022719621658325
6610.9  1.023561716079712
6613.5  1.023863911628723
6616.1  1.023769855499268
6618.7  1.023662090301514
6621.3  1.023613929748535
6623.9  1.022965312004089
6626.5  1.020695805549622
6629.1  1.016595005989075
6631.7  1.012185215950012
6634.3  1.010015726089478
6636.9  1.011523127555847
6639.5  1.015764474868774
6642.1  1.020511746406555
6644.7  1.024135231971741
6647.3  1.026157021522522
6649.9  1.026622176170349
6652.5  1.025638222694397
6655.1  1.023538947105408
6657.7  1.021197557449341
6660.3  1.019883632659912
6662.9  1.020562887191772
6665.5  1.023211121559143
6668.1  1.02682638168335
6670.7  1.03004515171051
6673.3  1.03188967704773
6675.9  1.032261371612549
6678.5  1.031912684440613
6681.1  1.031790256500244
6683.7  1.032221078872681
6686.3  1.032693862915039
6688.9  1.032374978065491
6691.5  1.030768275260925
6694.1  1.027939915657044
6696.7  1.024304389953613
6699.3  1.020440578460693
6701.9  1.017208576202393
6704.5  1.015666723251343
6707.1  1.016213774681091
6709.7  1.01771867275238
6712.3  1.017755746841431
6714.9  1.014063358306885
6717.5  1.006547570228577
6720.1  0.9983819127082824
6722.7  0.9940550327301025
6725.3  0.9949221611022949
6727.9  0.9972878694534301
6730.5  0.9961090087890625
6733.1  0.9902154803276062
6735.7  0.983288288116455
6738.3  0.9804807305335998
6740.9  0.9845185875892639
6743.5  0.9941674470901489
6746.1  1.005522727966309
6748.7  1.014728307723999
6751.3  1.020068168640137
6753.9  1.022193908691406
6756.5  1.022853136062622
6759.1  1.023306608200073
6761.7  1.023696422576904
6764.3  1.023639798164368
6766.9  1.023063898086548
6769.5  1.022280931472778
6772.1  1.021400451660156
6774.7  1.019853591918945
6777.3  1.016517043113709
6779.9  1.01058566570282
6782.5  1.002898097038269
6785.1  0.996434211730957
6787.7  0.9945841431617736
6790.3  0.9982315897941589
6792.9  1.004956483840942
6795.5  1.011216521263123
6798.1  1.014495611190796
6800.7  1.013153553009033
6803.3  1.005873084068298
6805.9  0.9932954311370849
6808.5  0.9803189635276794
6811.1  0.9743961095809936
6813.7  0.9793282151222229
6816.3  0.9914214611053466
6818.9  1.003005981445313
6821.5  1.008917927742004
6824.1  1.009042382240295
6826.7  1.006306409835815
6829.3  1.003238558769226
6831.9  0.9996389150619506
6834.5  0.9932647943496704
6837.1  0.9834154248237609
6839.7  0.9735424518585205
6842.3  0.9691810607910156
6844.9  0.9730916023254394
6847.5  0.9828254580497741
6850.1  0.9930472373962402
6852.7  0.9996320605278015
6855.3  1.000969409942627
6857.9  0.9956565499305725
6860.5  0.9798457622528076
6863.1  0.9486883878707885
6865.7  0.9030007123947143
6868.3  0.8550823926925659
6870.9  0.8240593671798706
6873.5  0.8214631080627441
6876.1  0.8420513868331909
6878.7  0.870129644870758
6881.3  0.8929293155670166
6883.9  0.9069734811782836
6886.5  0.9141777157783508
6889.1  0.9137351512908935
6891.7  0.8995383381843566
6894.3  0.8687250614166259
6896.9  0.8331977725028991
6899.5  0.8164992332458496
6902.1  0.8331655263900756
6904.7  0.8736250400543212
6907.3  0.9125141501426696
6909.9  0.9289618730545043
6912.5  0.9189076423645019
6915.1  0.894820213317871
6917.7  0.8765841722488403
6920.3  0.8783838152885437
6922.9  0.9005191922187805
6925.5  0.9322829842567443
6928.1  0.9613193869590759
6930.7  0.9807068705558776
6933.3  0.9903461337089538
6935.9  0.9938488006591796
6938.5  0.9946867823600769
6941.1  0.9946017861366271
6943.7  0.9940903186798095
6946.3  0.9932681918144226
6948.9  0.9922113418579101
6951.5  0.991155207157135
6954.1  0.9904811382293701
6956.7  0.9904524087905883
6959.3  0.9910048842430114
6961.9  0.9919187426567077
6964.5  0.9930588603019714
6967.1  0.9941381216049194
6969.7  0.9943834543228149
6972.3  0.9930762648582458
6974.9  0.9907690286636352
6977.5  0.9894161224365234
6980.1  0.9906404614448547
6982.7  0.9939133524894714
6985.3  0.9967684149742126
6987.9  0.9968612790107727
6990.5  0.9938167333602905
6993.1  0.9892538785934448
6995.7  0.9853146076202392
6998.3  0.9832962751388549
7000.9  0.9832645058631896
7003.5  0.9843571782112121
7006.1  0.9855175018310546
7008.7  0.9862621426582336
7011.3  0.9867140054702758
7013.9  0.9868956804275512
7016.5  0.9863683581352233
7019.1  0.9847405552864074
7021.7  0.9823853373527526
7024.3  0.9804738163948059
7026.9  0.9801833629608154
7029.5  0.9818058013916015
7032.1  0.9845997095108032
7034.7  0.9873670935630798
7037.3  0.9891128540039062
7039.9  0.9894303083419799
7042.5  0.9886596202850341
7045.1  0.987734317779541
7047.7  0.9876065850257873
7050.3  0.9885671734809875
7052.9  0.9901029467582702
7055.5  0.9914950728416442
7058.1  0.9924800395965576
7060.7  0.9932819008827209
7063.3  0.9941662549972534
7065.9  0.9951259493827819
7068.5  0.9959461688995361
7071.1  0.9964414238929748
7073.7  0.9965035915374755
7076.3  0.9959489107131958
7078.9  0.9945613741874694
7081.5  0.9924544095993041
7084.1  0.9902206659317016
7086.7  0.9884951114654541
7089.3  0.9874053001403808
7091.9  0.9866027235984802
7094.5  0.9858055710792541
7097.1  0.9851519465446472
7099.7  0.9849538207054138
7102.3  0.985102891921997
7104.9  0.984732449054718
7107.5  0.9821957945823669
7110.1  0.9751656651496887
7112.7  0.9609884023666381
7115.3  0.9384626150131225
7117.9  0.9111950397491455
7120.5  0.8891078233718872
7123.1  0.8835262060165405
7125.7  0.8980612754821777
7128.3  0.9251123666763305
7130.9  0.9525439143180847
7133.5  0.9722532629966735
7136.1  0.9818170070648193
7138.7  0.9807136058807373
7141.3  0.9683188796043395
7143.9  0.9469531774520874
7146.5  0.9257516264915466
7149.1  0.9174127578735351
7151.7  0.927732229232788
7154.3  0.9497194290161132
7156.9  0.970361053943634
7159.5  0.9814375042915344
7162.1  0.9826639890670776
7164.7  0.9777050018310546
7167.3  0.969912827014923
7169.9  0.9607265591621398
7172.5  0.949802279472351
7175.1  0.9360385537147521
7177.7  0.9186930656433105
7180.3  0.8980439901351928
7182.9  0.8761382699012756
7185.5  0.8575196266174316
7188.1  0.8483517169952392
7190.7  0.8531970381736755
7193.3  0.8714283108711242
7195.9  0.8964685797691345
7198.5  0.9194324612617492
7201.1  0.9349257349967956
7203.7  0.9435887932777404
7206.3  0.9489835500717163
7208.9  0.952897310256958
7211.5  0.9540426135063171
7214.1  0.9497818350791931
7216.7  0.9381862878799438
7219.3  0.9197508692741394
7221.9  0.8991236686706542
7224.5  0.8845309019088745
7227.1  0.882712960243225
7229.7  0.892848253250122
7232.3  0.9067583084106445
7234.9  0.9163371324539184
7237.5  0.9205995202064514
7240.1  0.9250317811965942
7242.7  0.9344460368156433
7245.3  0.9477192759513854
7247.9  0.9598437547683715
7250.5  0.9672636985778808
7253.1  0.9700218439102172
7255.7  0.9700730443000793
7258.3  0.9692485928535461
7260.9  0.968635082244873
7263.5  0.96851646900177
7266.1  0.9683701395988464
7268.7  0.967364490032196
7271.3  0.9649537801742553
7273.9  0.9607748985290527
7276.5  0.9538962244987487
7279.1  0.9428097605705261
7281.7  0.9274260401725769
7284.3  0.9118418097496032
7286.9  0.9036309123039245
7289.5  0.9079488515853881
7292.1  0.9222893118858337
7294.7  0.9385371804237365
7297.3  0.9500061869621276
7299.9  0.9557470679283142
7302.5  0.958918273448944
7305.1  0.9624017477035522
7307.7  0.9663683772087097
7310.3  0.9694581031799316
7312.9  0.9711997509002685
7315.5  0.9727032780647277
7318.1  0.975224494934082
7320.7  0.9785408377647399
7323.3  0.9810371994972229
7325.9  0.9815151095390319
7328.5  0.9804693460464477
7331.1  0.9792060256004333
7333.7  0.9781471490859985
7336.3  0.9765422940254211
7338.9  0.97354257106781
7341.5  0.969021737575531
7344.1  0.9634510874748229
7346.7  0.9575567245483398
7349.3  0.9524391889572143
7351.9  0.9495394825935363
7354.5  0.9494914412498474
7357.1  0.9510049223899841
7359.7  0.9519264101982116
7362.3  0.9517744183540344
7364.9  0.9523941874504089
7367.5  0.9555794596672058
7370.1  0.9607577919960021
7372.7  0.9656530618667602
7375.3  0.9686545729637145
7377.9  0.9698142409324645
7380.5  0.9699476361274719
7383.1  0.9696991443634033
7385.7  0.969638705253601
7388.3  0.9705408215522766
7390.9  0.9728580117225646
7393.5  0.9759109020233154
7396.1  0.9780201315879821
7398.7  0.9777830243110656
7401.3  0.975187599658966
7403.9  0.9712483286857604
7406.5  0.9660109877586364
7409.1  0.9570388197898864
7411.7  0.9418228864669799
7414.3  0.9233256578445434
7416.9  0.9111256003379821
7419.5  0.9136459827423095
7422.1  0.9295725226402282
7424.7  0.94929701089859
7427.3  0.9640625119209289
7429.9  0.9717503190040588
7432.5  0.9750863909721374
7435.1  0.9770959615707397
7437.7  0.9788516759872436
7440.3  0.9800948500633239
7442.9  0.9805328249931335
7445.5  0.9803007245063781
7448.1  0.9796739220619201
7450.7  0.9788063764572143
7453.3  0.9777804613113403
7455.9  0.9767801761627197
7458.5  0.9760820865631103
7461.1  0.9758444428443908
7463.7  0.9759606122970581
7466.3  0.9761562347412109
7468.9  0.9761520624160766
7471.5  0.9757415652275085
7474.1  0.974884808063507
7476.7  0.9738304615020751
7479.3  0.973078429698944
7481.9  0.9731884002685546
7484.5  0.9745184779167175
7487.1  0.9769511818885803
7489.7  0.9799069762229919
7492.3  0.9828172326087951
7494.9  0.9855290651321411
7497.5  0.9881622195243835
7500.1  0.9907379150390625
7502.7  0.9930448532104492
7505.3  0.994712471961975
7507.9  0.9953523874282836
7510.5  0.9946701526641845
7513.1  0.9923067092895507
7515.7  0.9873586297035217
7518.3  0.978650689125061
7520.9  0.966789960861206
7523.5  0.9560185074806213
7526.1  0.9520685076713562
7528.7  0.9568673372268676
7531.3  0.9666219353675842
7533.9  0.9759004116058349
7536.5  0.9820192456245422
7539.1  0.9850904941558837
7541.7  0.9859978556632995
7544.3  0.9854806065559387
7546.9  0.9841859340667724
7549.5  0.9827381968498229
7552.1  0.9817146062850952
7554.7  0.9814642667770385
7557.3  0.9817832112312316
7559.9  0.9819945096969604
7562.5  0.9815938472747802
7565.1  0.9808104038238525
7567.7  0.9804648756980895
7570.3  0.981277048587799
7572.9  0.9833196401596069
7575.5  0.9860919117927551
7578.1  0.9888904690742492
7580.7  0.9907194972038269
7583.3  0.9893960952758789
7585.9  0.9803568720817565
7588.5  0.9562801122665405
7591.1  0.908702790737152
7593.7  0.8318467736244201
7596.3  0.728254497051239
7598.9  0.6136344075202941
7601.5  0.5145430564880371
7604.1  0.4542208909988403
7606.7  0.4376343488693237
7609.3  0.4546322524547577
7611.9  0.4966849386692047
7614.5  0.5602190494537353
7617.1  0.6312723159790039
7619.7  0.6810248494148254
7622.3  0.6884433031082153
7624.9  0.6633821725845336
7627.5  0.6390946507453918
7630.1  0.641414999961853
7632.7  0.669040024280548
7635.3  0.7030888199806213
7637.9  0.7280762195587158
7640.5  0.739469826221466
7643.1  0.7370427250862121
7645.7  0.7203931808471679
7648.3  0.6937528252601623
7650.9  0.6709081530570983
7653.5  0.6703138351440429
7656.1  0.7027855515480041
7658.7  0.7631770968437194
7661.3  0.8338484764099121
7663.9  0.8960000872611999
7666.5  0.9391065239906311
7669.1  0.9628732800483703
7671.7  0.9729374051094055
7674.3  0.9756490588188171
7676.9  0.9754088521003723
7679.5  0.9739800691604614
7682.1  0.9705716371536254
7684.7  0.962990403175354
7687.3  0.9512397646903991
7689.9  0.940683901309967
7692.5  0.9395381808280944
7695.1  0.9512795209884643
7697.7  0.9709200859069824
7700.3  0.9898186922073364
7702.9  1.002489924430847
7705.5  1.00829005241394
7708.1  1.009044289588928
7710.7  1.006886124610901
7713.3  1.00344181060791
7715.9  0.9995772242546081
7718.5  0.9955232143402099
7721.1  0.9915456175804138
7723.7  0.9884216785430908
7726.3  0.9870976209640502
7728.9  0.9879184961318969
7731.5  0.9903838634490966
7734.1  0.9934594631195068
7736.7  0.995867371559143
7739.3  0.9961487650871276
7741.9  0.9930211305618286
7744.5  0.9865092039108276
7747.1  0.9790816307067871
7749.7  0.9748021960258483
7752.3  0.976130723953247
7754.9  0.9816335439682006
7757.5  0.9875223040580749
7760.1  0.990999162197113
7762.7  0.9915117621421813
7765.3  0.9897776246070861
7767.9  0.9871018528938293
7770.5  0.9855744242668151
7773.1  0.9874417185783386
7775.7  0.9933634996414184
7778.3  1.001730442047119
7780.9  1.010040521621704
7783.5  1.016573667526245
7786.1  1.020801544189453
7788.7  1.022983193397522
7791.3  1.023664593696594
7793.9  1.023258209228516
7796.5  1.021857619285584
7799.1  1.019341826438904
7801.7  1.015434145927429
7804.3  1.009806871414185
7806.9  1.002790093421936
7809.5  0.9961808323860168
7812.1  0.992573857307434
7814.7  0.9931575059890747
7817.3  0.9964224696159362
7819.9  0.9994763731956481
7822.5  1.000364303588867
7825.1  0.9990957975387573
7827.7  0.9971150159835815
7830.3  0.996137797832489
7832.9  0.9970982670783996
7835.5  0.9996677041053771
7838.1  1.002519130706787
7840.7  1.003998517990112
7843.3  1.002737879753113
7845.9  0.9981240034103393
7848.5  0.9907590150833129
7851.1  0.9826893806457519
7853.7  0.9768545031547546
7856.3  0.9756423830986022
7858.9  0.9793651103973388
7861.5  0.9860259294509887
7864.1  0.9928387999534606
7866.7  0.998201310634613
7869.3  1.002360224723816
7871.9  1.006421804428101
7874.5  1.010913014411926
7877.1  1.015379786491394
7879.7  1.019208550453186
7882.3  1.02240526676178
7884.9  1.02533221244812
7887.5  1.027904152870178
7890.1  1.029478192329407
7892.7  1.02956235408783
7895.3  1.028340458869934
7897.9  1.02633273601532
7900.5  1.023801684379578
7903.1  1.020740270614624
7905.7  1.017322778701782
7908.3  1.01403546333313
7910.9  1.011202931404114
7913.5  1.008576154708862
7916.1  1.00558352470398
7918.7  1.001949548721313
7921.3  0.9977427721023559
7923.9  0.9928264617919921
7926.5  0.9869474172592163
7929.1  0.9807905554771423
7931.7  0.9758892059326171
7934.3  0.9725414514541625
7936.9  0.969119369983673
7939.5  0.9649834036827087
7942.1  0.9628583192825317
7944.7  0.9662464261054992
7947.3  0.9750113487243652
7949.9  0.9850808978080749
7952.5  0.9922912120819091
7955.1  0.9955877661705017
7957.7  0.9967300295829772
7960.3  0.9978767037391662
7962.9  0.9998004436492919
7965.5  1.002045154571533
7968.1  1.004089117050171
7970.7  1.006022095680237
7973.3  1.00828230381012
7975.9  1.011090755462647
7978.5  1.014225482940674
7981.1  1.017332911491394
7983.7  1.020331501960754
7986.3  1.023271441459656
7988.9  1.025783538818359
7991.5  1.026957869529724
7994.1  1.026006102561951
7996.7  1.023027300834656
7999.3  1.019060611724854
8001.9  1.015348315238953
8004.5  1.012545228004456
8007.1  1.010584354400635
8009.7  1.00917375087738
8012.3  1.008125185966492
8014.9  1.007079243659973
8017.5  1.005170106887817
8020.1  1.001510858535767
8022.7  0.9964824318885803
8025.3  0.9925239086151123
8027.9  0.9927946925163269
8030.5  0.9981104135513305
8033.1  1.005437612533569
8035.7  1.010171532630921
8038.3  1.009694218635559
8040.9  1.004560351371765
8043.5  0.9973431229591369
8046.1  0.9913452267646789
8048.7  0.9894796013832092
8051.3  0.9926651716232299
8053.9  0.9989819526672363
8056.5  1.005069732666016
8059.1  1.008423805236816
8061.7  1.00844419002533
8064.3  1.006145238876343
8066.9  1.003458499908447
8069.5  1.002245783805847
8072.1  1.003181338310242
8074.7  1.00554084777832
8077.3  1.008257150650024
8079.9  1.010917901992798
8082.5  1.013669848442078
8085.1  1.0166095495224
8087.7  1.019608020782471
8090.3  1.022466063499451
8092.9  1.024952054023743
8095.5  1.026812553405762
8098.1  1.027871370315552
8100.7  1.028082132339478
8103.3  1.027606129646301
8105.9  1.026913404464722
8108.5  1.026526808738709
8111.1  1.026522994041443
8113.7  1.026498436927796
8116.3  1.026041746139526
8118.9  1.024806618690491
8121.5  1.02202582359314
8124.1  1.01630437374115
8126.7  1.006422281265259
8129.3  0.9931541085243225
8131.9  0.9805917143821716
8134.5  0.974295437335968
8137.1  0.97647625207901
8139.7  0.9836090207099914
8142.3  0.9901726245880126
8144.9  0.994023323059082
8147.5  0.9968295693397521
8150.1  1.000193238258362
8152.7  1.003111362457276
8155.3  1.003207325935364
8157.9  0.9989325404167175
8160.5  0.9902841448783874
8163.1  0.978979468345642
8165.7  0.9684547781944274
8168.3  0.9618711471557617
8170.9  0.9582284688949584
8173.5  0.9519377350807189
8176.1  0.9392263889312744
8178.7  0.9249427914619445
8181.3  0.9199975132942199
8183.9  0.930631935596466
8186.5  0.9522164463996887
8189.1  0.9745644330978393
8191.7  0.9909652471542358
8194.3  1.001258611679077
8196.9  1.009019613265991
8199.5  1.017397880554199
8202.1  1.02647864818573
8204.7  1.03352952003479
8207.3  1.035690546035767
8209.9  1.032439470291138
8212.5  1.025572776794434
8215.1  1.017107963562012
8217.7  1.006388068199158
8220.3  0.9881321787834167
8222.9  0.9546117782592773
8225.5  0.9040897488594055
8228.1  0.8498101830482482
8230.7  0.8171247839927673
8233.3  0.825209617614746
8235.9  0.8698556423187255
8238.5  0.9269224405288696
8241.1  0.972547173500061
8243.7  0.9978830814361572
8246.3  1.00730288028717
8248.9  1.008716344833374
8251.5  1.007417440414429
8254.1  1.005706667900086
8256.7  1.004648685455322
8259.3  1.00489068031311
8261.9  1.006356239318848
8264.5  1.00820791721344
8267.1  1.009676694869995
8269.7  1.010744571685791
8272.3  1.011885404586792
8274.9  1.0133136510849
8277.5  1.014685273170471
8280.1  1.015402317047119
8282.7  1.015022039413452
8285.3  1.013482093811035
8287.9  1.011252880096436
8290.5  1.009248733520508
8293.1  1.008258581161499
8295.7  1.008183360099793
8298.3  1.007873058319092
8300.9  1.005678653717041
8303.5  1.000491261482239
8306.1  0.9932976961135864
8308.7  0.9881975650787353
8311.3  0.990340769290924
8313.9  1.001180648803711
8316.5  1.016470193862915
8319.1  1.029940009117127
8321.7  1.037955641746521
8324.3  1.04033088684082
8326.9  1.038622498512268
8329.5  1.03488564491272
8332.1  1.03102719783783
8334.7  1.02812123298645
8337.3  1.026200890541077
8339.9  1.024791479110718
8342.5  1.023372411727905
8345.1  1.021543502807617
8347.7  1.019223093986511
8350.3  1.016806602478027
8352.9  1.014922261238098
8355.5  1.014003992080688
8358.1  1.01414680480957
8360.7  1.015132904052734
8363.3  1.01626443862915
8365.9  1.016325116157532
8368.5  1.014179348945618
8371.1  1.00976026058197
8373.7  1.004519820213318
8376.3  1.000840425491333
8378.9  1.000642418861389
8381.5  1.004017114639282
8384.1  1.009131908416748
8386.7  1.013722777366638
8389.3  1.016646146774292
8391.9  1.017935633659363
8394.5  1.017832517623901
8397.1  1.016317367553711
8399.7  1.013604760169983
8402.3  1.010639190673828
8404.9  1.008609771728516
8407.5  1.007926464080811
8410.1  1.007984280586243
8412.7  1.008166790008545
8415.3  1.009066224098206
8417.9  1.012430667877197
8420.5  1.019354343414307
8423.1  1.028416752815247
8425.7  1.035964012145996
8428.3  1.038476467132568
8430.9  1.035133242607117
8433.5  1.028898596763611
8436.1  1.024945497512817
8438.7  1.026720643043518
8441.3  1.033143877983093
8443.9  1.040000319480896
8446.5  1.043706059455872
8449.1  1.043511033058167
8451.7  1.040973901748657
8454.3  1.038029909133911
8456.9  1.035353302955628
8459.5  1.032206654548645
8462.1  1.027772068977356
8464.7  1.022508978843689
8467.3  1.018110752105713
8469.9  1.016197919845581
8472.5  1.01702344417572
8475.1  1.019407510757446
8477.7  1.021900177001953
8480.3  1.023886799812317
8482.9  1.025205254554749
8485.5  1.024550318717957
8488.1  1.01860773563385
8490.7  1.00388503074646
8493.3  0.9809556007385253
8495.9  0.9573323726654052
8498.5  0.944119393825531
8501.1  0.9473849534988403
8503.7  0.9630386233329772
8506.3  0.9812033176422119
8508.9  0.9945445656776428
8511.5  1.001731038093567
8514.1  1.005087733268738
8516.7  1.007173776626587
8519.3  1.009122610092163
8521.9  1.010469913482666
8524.5  1.008988261222839
8527.1  0.9992322325706481
8529.7  0.9693217277526855
8532.3  0.9001674056053161
8534.9  0.7745733261108398
8537.5  0.5954166054725646
8540.1  0.3952433168888092
8542.7  0.2203773111104965
8545.3  0.1010761633515358
8547.9  0.0375591367483139
8550.5  0.01118302717804909
8553.1  0.002643319079652429
8555.7  4.882841021753848E-4
8558.3  6.460563599830493E-5
8560.9  0.
8563.5  0.
8566.1  0.
8568.7  0.
8571.3  0.
8573.9  0.
8576.5  0.
8579.1  0.
8581.7  0.
8584.3  0.
8586.9  0.
8589.5  0.
8592.1  0.
8594.7  0.
8597.3  0.
8599.9  0.
8602.5  0.
8605.1  0.
8607.7  0.
8610.3  0.
8612.9  0.
8615.5  0.
8618.1  0.
8620.7  0.
8623.3  0.
8625.9  0.
8628.5  0.
8631.1  0.
8633.7  0.
8636.3  0.
8638.9  0.
8641.5  4.606764196068980E-5
8644.1  3.554305003490299E-4
8646.7  0.001950987963937223
8649.3  0.00836027693003416
8651.9  0.02852071635425091
8654.5  0.07830788940191268
8657.1  0.1751938164234161
8659.7  0.3245742321014404
8662.3  0.5085161328315734
8664.9  0.6914806365966796
8667.5  0.8408021926879882
8670.1  0.9427999258041381
8672.7  1.002472400665283
8675.3  1.033090829849243
8677.9  1.047178268432617
8680.5  1.052992463111877
8683.1  1.054780960083008
8685.7  1.054557919502258
8688.3  1.053851008415222
8690.9  1.054021120071411
8693.5  1.055399179458618
8696.1  1.056938052177429
8698.7  1.057146549224854
8701.3  1.055000901222229
8703.9  1.049798250198364
8706.5  1.041030883789063
8709.1  1.029576063156128
8711.7  1.018990159034729
8714.3  1.014119029045105
8716.9  1.017200708389282
8719.5  1.025777220726013
8722.1  1.035007238388062
8724.7  1.041409611701965
8727.3  1.044198870658875
8729.9  1.044258952140808
8732.5  1.042833089828491
8735.1  1.041008353233337
8737.7  1.039582014083862
8740.3  1.038650035858154
8742.9  1.037280917167664
8745.5  1.034236311912537
8748.1  1.029559850692749
8750.7  1.025267481803894
8753.3  1.024008631706238
8755.9  1.026883125305176
8758.5  1.032651901245117
8761.1  1.038894772529602
8763.7  1.043534517288208
8766.3  1.045483946800232
8768.9  1.044711828231812
8771.5  1.042138338088989
8774.1  1.03904914855957
8776.7  1.036248207092285
8779.3  1.034167170524597
8781.9  1.033797383308411
8784.5  1.03645920753479
8787.1  1.041991829872131
8789.7  1.047926306724548
8792.3  1.051037549972534
8794.9  1.049082159996033
8797.5  1.039795279502869
8800.1  1.019537091255188
8802.7  0.9875054359436035
8805.3  0.9534705281257629
8807.9  0.9361138939857482
8810.5  0.9474743008613586
8813.1  0.9807267785072326
8815.7  1.017244219779968
8818.3  1.043148517608643
8820.9  1.056156635284424
8823.5  1.060539364814758
8826.1  1.060695767402649
8828.7  1.059111475944519
8831.3  1.056986808776856
8833.9  1.054939389228821
8836.5  1.05332624912262
8839.1  1.052237987518311
8841.7  1.051392078399658
8844.3  1.05014169216156
8846.9  1.047837495803833
8849.5  1.044182777404785
8852.1  1.039142847061157
8854.7  1.032709836959839
8857.3  1.02516782283783
8859.9  1.01768708229065
8862.5  1.01231861114502
8865.1  1.010938405990601
8867.7  1.013885855674744
8870.3  1.019648313522339
8872.9  1.026093482971191
8875.5  1.031983852386475
8878.1  1.037068724632263
8880.7  1.040987730026245
8883.3  1.042552709579468
8885.9  1.040350437164307
8888.5  1.034459471702576
8891.1  1.027921795845032
8893.7  1.025571942329407
8896.3  1.030100584030151
8898.9  1.039525628089905
8901.5  1.049174070358276
8904.1  1.055459976196289
8906.7  1.057442545890808
8909.3  1.056195139884949
8911.9  1.0538729429245
8914.5  1.05264413356781
8917.1  1.053212523460388
8919.7  1.05402672290802
8922.3  1.052505493164063
8924.9  1.047580718994141
8927.5  1.041344285011292
8930.1  1.037885069847107
8932.7  1.039810180664063
8935.3  1.045623779296875
8937.9  1.050620198249817
8940.5  1.050496816635132
8943.1  1.044697284698486
8945.7  1.036951661109924
8948.3  1.032320380210876
8950.9  1.033155798912048
8953.5  1.037975668907166
8956.1  1.043853044509888
8958.7  1.048807740211487
8961.3  1.051986813545227
8963.9  1.053019285202026
8966.5  1.052062511444092
8969.1  1.050067186355591
8971.7  1.048325061798096
8974.3  1.047550559043884
8976.9  1.047348737716675
8979.5  1.046468257904053
8982.1  1.043725609779358
8984.7  1.039085149765015
8987.3  1.033826231956482
8989.9  1.029038786888123
8992.5  1.023539900779724
8995.1  1.014209508895874
8997.7  0.9998606443405151
9000.3  0.984321117401123
9002.9  0.973045527935028
9005.5  0.9654280543327331
9008.1  0.9538657665252685
9010.7  0.9340881705284118
9013.3  0.9147535562515258
9015.9  0.9119467139244079
9018.5  0.932883083820343
9021.1  0.968325138092041
9023.7  1.002205848693848
9026.3  1.025261878967285
9028.9  1.03799307346344
9031.5  1.044497489929199
9034.1  1.047105669975281
9036.7  1.045875549316406
9039.3  1.040141940116882
9041.9  1.029134273529053
9044.5  1.012582540512085
9047.1  0.9929796457290649
9049.7  0.9774102568626403
9052.3  0.9738119840621948
9054.9  0.9832121729850769
9057.5  0.9980983138084411
9060.1  1.010680079460144
9062.7  1.020028114318848
9065.3  1.029191970825195
9067.9  1.038496613502502
9070.5  1.044384717941284
9073.1  1.042903423309326
9075.7  1.032777428627014
9078.3  1.016895532608032
9080.9  1.002472043037415
9083.5  0.997450828552246
9086.1  1.003317713737488
9088.7  1.010956406593323
9091.3  1.006423473358154
9093.9  0.9835723042488098
9096.5  0.9522295594215393
9099.1  0.9324757456779479
9101.7  0.9378818273544311
9104.3  0.9638744592666625
9106.9  0.9927300214767456
9109.5  1.00752604007721
9112.1  1.002023339271545
9114.7  0.9830964803695678
9117.3  0.9664053320884704
9119.9  0.9652514457702636
9122.5  0.9801805615425109
9125.1  1.000352740287781
9127.7  1.014955878257751
9130.3  1.021335244178772
9132.9  1.023588061332703
9135.5  1.026596069335937
9138.1  1.031726837158203
9140.7  1.036473393440247
9143.3  1.037484526634216
9145.9  1.034075617790222
9148.5  1.029098033905029
9151.1  1.026762485504151
9153.7  1.029448866844177
9156.3  1.035969853401184
9158.9  1.042458295822144
9161.5  1.044718623161316
9164.1  1.039945960044861
9166.7  1.027500033378601
9169.3  1.009904265403748
9171.9  0.9933125376701354
9174.5  0.9847742319107055
9177.1  0.9872190952301025
9179.7  0.9976711869239807
9182.3  1.010652899742126
9184.9  1.021813750267029
9187.5  1.028398275375366
9190.1  1.029227375984192
9192.7  1.026103138923645
9195.3  1.023634672164917
9197.9  1.025643348693848
9200.5  1.031938791275024
9203.1  1.038963317871094
9205.7  1.042508959770203
9208.3  1.03969132900238
9210.9  1.029971957206726
9213.5  1.015529036521912
9216.1  1.000321269035339
9218.7  0.9871992468833923
9221.3  0.9751495718955993
9223.9  0.961077868938446
9226.5  0.9460158944129943
9229.1  0.9376420378684997
9231.7  0.9436855316162109
9234.3  0.9637609124183654
9236.9  0.9896050095558166
9239.5  1.012050032615662
9242.1  1.02633810043335
9244.7  1.032513380050659
9247.3  1.033409714698792
9249.9  1.032445907592774
9252.5  1.031752347946167
9255.1  1.03152060508728
9257.7  1.031384587287903
9260.3  1.032065629959107
9262.9  1.035017013549805
9265.5  1.040609121322632
9268.1  1.047211647033692
9270.7  1.051917433738709
9273.3  1.052253723144531
9275.9  1.047872543334961
9278.5  1.04084837436676
9281.1  1.033766865730286
9283.7  1.027319073677063
9286.3  1.020451307296753
9288.9  1.013305068016052
9291.5  1.008933663368225
9294.1  1.010729193687439
9296.7  1.018237233161926
9299.3  1.026736259460449
9301.9  1.031320691108704
9304.5  1.03073787689209
9307.1  1.026871562004089
9309.7  1.020877838134766
9312.3  1.010851979255676
9314.9  0.9940569400787353
9317.5  0.9711491465568542
9320.1  0.9474074244499206
9322.7  0.9284355640411376
9325.3  0.9145563840866088
9327.9  0.9010398983955383
9330.5  0.8844633102416992
9333.1  0.8649471998214721
9335.7  0.8410579562187194
9338.3  0.8102830052375793
9340.9  0.7799588441848754
9343.5  0.7681288719177246
9346.1  0.7837132215499877
9348.7  0.8131158351898193
9351.3  0.8359876871109008
9353.9  0.8459072113037109
9356.5  0.8468398451805114
9359.1  0.8404555916786193
9361.7  0.8295660018920898
9364.3  0.8251516819000244
9366.9  0.8358906507492065
9369.5  0.8548066616058349
9372.1  0.8676451444625854
9374.7  0.8721725344657897
9377.3  0.8809238672256469
9379.9  0.9050617814064025
9382.5  0.9415541291236877
9385.1  0.9770411252975463
9387.7  0.9996350407600402
9390.3  1.005323529243469
9392.9  0.9976158142089843
9395.5  0.9845410585403442
9398.1  0.9740460515022277
9400.7  0.9688464999198913
9403.3  0.9659563302993774
9405.9  0.9618719220161437
9408.5  0.9565548300743103
9411.1  0.9518454074859619
9413.7  0.9487159848213195
9416.3  0.9470234513282775
9418.9  0.9457648992538452
9421.5  0.9428749084472656
9424.1  0.9359409809112548
9426.7  0.9210226535797119
9429.3  0.8897198438644409
9431.9  0.8347713351249694
9434.5  0.7661812901496887
9437.1  0.7161470651626586
9439.7  0.7157570719718933
9442.3  0.7659513354301452
9444.9  0.8362695574760437
9447.5  0.8891735672950744
9450.1  0.9019923210144042
9452.7  0.8730698227882385
9455.3  0.8161188960075378
9457.9  0.7505918145179748
9460.5  0.6955177187919616
9463.1  0.6681281924247741
9465.7  0.6796188354492187
9468.3  0.7257037162780761
9470.9  0.7849035859107971
9473.5  0.8331905007362365
9476.1  0.8613062500953674
9478.7  0.8772193193435668
9481.3  0.8940207958221435
9483.9  0.9160380959510803
9486.5  0.9342500567436218
9489.1  0.9348825216293334
9491.7  0.9140532612800598
9494.3  0.885863721370697
9496.9  0.8738353252410888
9499.5  0.8909695744514465
9502.1  0.9289479255676269
9504.7  0.9685410261154174
9507.3  0.9968004822731018
9509.9  1.011959314346314
9512.5  1.016764998435974
9515.1  1.012832999229431
9517.7  1.001127004623413
9520.3  0.9845790863037109
9522.9  0.9682412147521972
9525.5  0.9571259021759033
9528.1  0.9537519812583923
9530.7  0.9557883739471435
9533.3  0.9538509249687194
9535.9  0.9344770312309265
9538.5  0.8920106887817382
9541.1  0.8399457335472106
9543.7  0.8045499324798583
9546.3  0.8003920912742614
9548.9  0.814924418926239
9551.5  0.8233636021614074
9554.1  0.8155595064163208
9556.7  0.8020528554916381
9559.3  0.797795832157135
9561.9  0.8092488646507263
9564.5  0.8357515335083007
9567.1  0.8731698989868164
9569.7  0.9136300086975097
9572.3  0.9475206732749938
9574.9  0.9678033590316772
9577.5  0.9712151288986206
9580.1  0.9565168619155883
9582.7  0.9251831769943237
9585.3  0.8857383728027343
9587.9  0.8542065024375915
9590.5  0.8448716402053833
9593.1  0.8594157695770263
9595.7  0.8875460624694824
9598.3  0.9158236980438232
9600.9  0.9298608303070068
9603.5  0.910457968711853
9606.1  0.8392122387886047
9608.7  0.7187276482582092
9611.3  0.5883147716522216
9613.9  0.5095237493515014
9616.5  0.5235499739646911
9619.1  0.6199420094490051
9621.7  0.749457836151123
9624.3  0.8639437556266784
9626.9  0.941133975982666
9629.5  0.980991244316101
9632.1  0.9921425580978393
9634.7  0.9846726655960083
9637.3  0.9693155884742736
9639.9  0.9568593502044677
9642.5  0.9550757408142089
9645.1  0.9654489755630493
9647.7  0.9829448461532592
9650.3  0.9997259378433227
9652.9  1.010077357292175
9655.5  1.012873530387879
9658.1  1.010523557662964
9660.7  1.006806492805481
9663.3  1.005408406257629
9665.9  1.008547306060791
9668.5  1.015656590461731
9671.1  1.023653388023376
9673.7  1.029210329055786
9676.3  1.030963182449341
9678.9  1.029759168624878
9681.5  1.027232170104981
9684.1  1.024531602859497
9686.7  1.022225022315979
9689.3  1.020799517631531
9691.9  1.020706415176392
9694.5  1.021899104118347
9697.1  1.023677706718445
9699.7  1.025224328041077
9702.3  1.026220321655273
9704.9  1.026865243911743
9707.5  1.027432799339294
9710.1  1.027971506118774
9712.7  1.028381824493408
9715.3  1.028566122055054
9717.9  1.028451085090637
9720.5  1.027893781661987
9723.1  1.026384115219116
9725.7  1.022419691085816
9728.3  1.013615965843201
9730.9  0.9990719556808471
9733.5  0.9825197458267211
9736.1  0.9713566899299621
9738.7  0.9701499938964843
9741.3  0.9755346775054931
9743.9  0.9789448380470275
9746.5  0.9732314348220825
9749.1  0.9552953243255615
9751.7  0.9235748052597045
9754.3  0.8736288547515869
9756.9  0.7959867715835571
9759.5  0.6831783056259155
9762.1  0.5482370257377624
9764.7  0.4360699057579041
9767.3  0.4025808572769165
9769.9  0.4710882604122162
9772.5  0.6106176972389221
9775.1  0.7610138058662414
9777.7  0.8770081400871276
9780.3  0.9477689862251281
9782.9  0.9845297932624816
9785.5  1.001055002212525
9788.1  1.005541443824768
9790.7  1.00195848941803
9793.3  0.9928178787231445
9795.9  0.980872631072998
9798.5  0.9703401327133178
9801.1  0.9659766554832458
9803.7  0.9695762395858764
9806.3  0.9778797626495361
9808.9  0.9855928421020507
9811.5  0.9901336431503295
9814.1  0.9924023747444152
9816.7  0.9938164353370666
9819.3  0.9943272471427917
9821.9  0.9934763312339782
9824.5  0.9920627474784851
9827.1  0.9918122887611389
9829.7  0.993592619895935
9832.3  0.9964998364448547
9834.9  0.9986864328384399
9837.5  0.9986217021942138
9840.1  0.9958041906356811
9842.7  0.9911057949066162
9845.3  0.9865230917930603
9847.9  0.9838371276855468
9850.5  0.9832717180252075
9853.1  0.9838194847106933
9855.7  0.9846901297569274
9858.3  0.9857999086380004
9860.9  0.9870235919952392
9863.5  0.987795352935791
9866.1  0.9876724481582641
9868.7  0.9868608713150024
9871.3  0.9859678149223327
9873.9  0.9853711724281311
9876.5  0.9849463701248168
9879.1  0.9844515323638916
9881.7  0.9838989973068237
9884.3  0.9832845330238342
9886.9  0.9822882413864135
9889.5  0.980782926082611
9892.1  0.9793663024902343
9894.7  0.9788852334022521
9897.3  0.9795690178871154
9899.9  0.9809645414352416
9902.5  0.9824442863464355
9905.1  0.9834288358688354
9907.7  0.9825497269630432
9910.3  0.9752340912818908
9912.9  0.9499226808547973
9915.5  0.8871620893478393
9918.1  0.7696688175201416
9920.7  0.6033611297607421
9923.3  0.4312082231044769
9925.9  0.3184163570404053
9928.5  0.3135592341423035
9931.1  0.4165319204330444
9933.7  0.5796051025390625
9936.3  0.7401045560836791
9938.9  0.8573005199432373
9941.5  0.9248645305633544
9944.1  0.9571234583854675
9946.7  0.9704900979995727
9949.3  0.9755430817604064
9951.9  0.9778321385383605
9954.5  0.9799072742462158
9957.1  0.9822039008140563
9959.7  0.9838674068450927
9962.3  0.9839087128639221
9964.9  0.9821861982345581
9967.5  0.9794859290122985
9970.1  0.976786732673645
9972.7  0.974380075931549
9975.3  0.9718216657638549
9977.9  0.9687665104866027
9980.5  0.9655132889747619
9983.1  0.9617793560028076
9985.7  0.9534693360328674
9988.3  0.9285389780998229
9990.9  0.8665173649787902
9993.5  0.7485970854759216
9996.1  0.5766635537147521
