3501.3  0.2564316093921661
3503.9  0.3298186361789703
3506.5  0.3790149688720703
3509.1  0.4045857787132263
3511.7  0.4153930246829987
3514.3  0.4196966588497162
3516.9  0.4212430119514465
3519.5  0.420975923538208
3522.1  0.4200047254562378
3524.7  0.420221745967865
3527.3  0.4227704405784607
3529.9  0.4270526170730591
3532.5  0.4317455887794495
3535.1  0.4362502098083496
3537.7  0.4407626688480377
3540.3  0.4453719258308411
3542.9  0.4495692253112793
3545.5  0.4525187909603119
3548.1  0.4536019861698151
3550.7  0.4528528153896332
3553.3  0.4509847164154053
3555.9  0.4486721754074097
3558.5  0.4455485045909882
3561.1  0.4402489066123962
3563.7  0.4319896101951599
3566.3  0.4221056699752808
3568.9  0.413628101348877
3571.5  0.4091255962848663
3574.1  0.4088001847267151
3576.7  0.4103259146213532
3579.3  0.4105592966079712
3581.9  0.4081220924854279
3584.5  0.4048395752906799
3587.1  0.4043458700180054
3589.7  0.4087924957275391
3592.3  0.4168795943260193
3594.9  0.424999475479126
3597.5  0.4299629032611847
3600.1  0.4308498501777649
3602.7  0.4290011823177338
3605.3  0.4266277849674225
3607.9  0.4252112805843353
3610.5  0.4248527586460114
3613.1  0.4248497188091278
3615.7  0.4248531758785248
3618.3  0.4255026578903198
3620.9  0.4276680648326874
3623.5  0.4309475421905518
3626.1  0.4335334599018097
3628.7  0.4341788291931152
3631.3  0.4338146150112152
3633.9  0.4343014657497406
3636.5  0.4358581602573395
3639.1  0.4368232786655426
3641.7  0.436060756444931
3644.3  0.4347355663776398
3646.9  0.4354266822338104
3649.5  0.4398755431175232
3652.1  0.4475797414779663
3654.7  0.456162303686142
3657.3  0.4630767107009888
3659.9  0.4672130346298218
3662.5  0.4690225422382355
3665.1  0.4693470299243927
3667.7  0.4683599472045898
3670.3  0.4655334949493408
3672.9  0.4604693651199341
3675.5  0.4538388550281525
3678.1  0.4475407600402832
3680.7  0.4438144564628601
3683.3  0.4441913068294525
3685.9  0.4490364193916321
3688.5  0.4574153423309326
3691.1  0.4672359824180603
3693.7  0.475957065820694
3696.3  0.4813823699951172
3698.9  0.4821767210960388
3701.5  0.4787300229072571
3704.1  0.4740127325057983
3706.7  0.4726446568965912
3709.3  0.4780796766281128
3711.9  0.4899338781833649
3714.5  0.5037206411361694
3717.1  0.5144134163856506
3719.7  0.5214119553565979
3722.3  0.5281231999397277
3724.9  0.5351305603981018
3727.5  0.5371339917182922
3730.1  0.5304460525512695
3732.7  0.521246314048767
3735.3  0.52102792263031
3737.9  0.5329313278198242
3740.5  0.5465097427368164
3743.1  0.5487937331199645
3745.7  0.5392888188362121
3748.3  0.5317111611366271
3750.9  0.5405563116073608
3753.5  0.5671455860137939
3756.1  0.5991351604461669
3758.7  0.6212650537490844
3761.3  0.6247835755348205
3763.9  0.6102102994918823
3766.5  0.5873531103134155
3769.1  0.5731977820396423
3771.7  0.5838475227355957
3774.3  0.6235409379005432
3776.9  0.6806631684303283
3779.5  0.7347549796104431
3782.1  0.7679203152656555
3784.7  0.7718849182128906
3787.3  0.7479036450386047
3789.9  0.70342218875885
3792.5  0.6508296728134155
3795.1  0.6077337861061096
3797.7  0.5925139188766479
3800.3  0.6140670180320739
3802.9  0.6650634407997131
3805.5  0.7267281413078308
3808.1  0.7806810736656188
3810.7  0.8173932433128356
3813.3  0.8364518284797668
3815.9  0.8409604430198669
3818.5  0.831834852695465
3821.1  0.807030975818634
3823.7  0.7650924324989318
3826.3  0.7083955407142639
3828.9  0.6445236802101135
3831.5  0.587098479270935
3834.1  0.5539700984954833
3836.7  0.5595291852951049
3839.3  0.6053017377853393
3841.9  0.6780409216880798
3844.5  0.7574713826179504
3847.1  0.8263490200042724
3849.7  0.8757957816123962
3852.3  0.9054415822029113
3854.9  0.920818269252777
3857.5  0.9291198253631591
3860.1  0.9346064925193786
3862.7  0.9366406798362731
3865.3  0.9319766759872436
3867.9  0.9185661077499389
3870.5  0.8969431519508361
3873.1  0.8684665560722351
3875.7  0.8327863812446594
3878.3  0.7874057292938232
3880.9  0.7309199571609497
3883.5  0.6685699224472045
3886.1  0.6148163080215454
3888.7  0.5874065160751342
3891.3  0.5953306555747985
3893.9  0.6319870948791503
3896.5  0.6810570359230041
3899.1  0.7287697792053222
3901.7  0.770411193370819
3904.3  0.8072576522827148
3906.9  0.8401746153831481
3909.5  0.8671302795410156
3912.1  0.885792076587677
3914.7  0.8963750600814819
3917.3  0.8999448418617248
3919.9  0.893326461315155
3922.5  0.8670066595077514
3925.1  0.8114083409309387
3927.7  0.7296202182769775
3930.3  0.6453837752342224
3932.9  0.5939655303955078
3935.5  0.5983526110649108
3938.1  0.6518750786781311
3940.7  0.7249996662139892
3943.3  0.7883163094520568
3945.9  0.8285229206085205
3948.5  0.8469820618629455
3951.1  0.8493278622627258
3953.7  0.8375560045242309
3956.3  0.8083263635635375
3958.9  0.7563269138336181
3961.5  0.681298553943634
3964.1  0.5955308675765991
3966.7  0.5245717763900756
3969.3  0.4957433640956879
3971.9  0.5209149122238159
3974.5  0.5889676213264465
3977.1  0.6751238107681274
3979.7  0.7574202418327331
3982.3  0.8259273767471313
3984.9  0.8806001543998718
3987.5  0.9239665865898132
3990.1  0.9563028812408447
3992.7  0.9761763215065002
3995.3  0.9838430285453796
3997.9  0.9830636382102966
4000.5  0.9796776175498962
4003.1  0.9790353775024414
4005.7  0.9842796921730041
4008.3  0.9956511259078979
4010.9  1.011060237884522
4013.5  1.027732729911804
4016.1  1.043146014213562
4018.7  1.054597616195679
4021.3  1.059255480766296
4023.9  1.055555105209351
4026.5  1.044542670249939
4029.1  1.03009569644928
4031.7  1.017650604248047
4034.3  1.011092662811279
4036.9  1.009830951690674
4039.5  1.009839296340942
4042.1  1.008162260055542
4044.7  1.005439758300781
4047.3  1.003686666488648
4049.9  1.003224134445191
4052.5  1.002914428710938
4055.1  1.002004146575928
4057.7  1.000095248222351
4060.3  0.9959601759910583
4062.9  0.9877784252166748
4065.5  0.9743856787681579
4068.1  0.9558063149452209
4070.7  0.9333952665328979
4073.3  0.9102834463119506
4075.9  0.8909030556678771
4078.5  0.8785457611083984
4081.1  0.8727110028266906
4083.7  0.8688571453094482
4086.3  0.8603058457374572
4088.9  0.8401780724525451
4091.5  0.803334355354309
4094.1  0.7498227953910827
4096.7  0.6886706352233886
4099.3  0.6374185681343078
4101.9  0.6143265962600708
4104.5  0.6274980306625366
4107.1  0.6702955961227416
4109.7  0.7270043492317199
4112.3  0.7825753688812255
4114.9  0.8284491300582885
4117.5  0.86277836561203
4120.1  0.8877103924751281
4122.7  0.9064031243324279
4125.3  0.9216926097869873
4127.9  0.9365777373313903
4130.5  0.9541739225387573
4133.1  0.9752827286720275
4135.7  0.9959572553634643
4138.3  1.009322047233582
4140.9  1.011317610740662
4143.5  1.004216551780701
4146.1  0.9938367009162902
4148.7  0.9845020174980163
4151.3  0.9779947400093078
4153.9  0.97598797082901
4156.5  0.9806923270225524
4159.1  0.9922135472297668
4161.7  1.006342649459839
4164.3  1.016047835350037
4166.9  1.015850782394409
4169.5  1.005523204803467
4172.1  0.9899877309799194
4174.7  0.9755935668945312
4177.3  0.9663820266723632
4179.9  0.9633927345275878
4182.5  0.9661701321601867
4185.1  0.9737859964370727
4187.7  0.9843949675559997
4190.3  0.9946659803390502
4192.9  1.001001954078674
4195.5  1.002493500709534
4198.1  1.002514958381653
4200.7  1.006240248680115
4203.3  1.015947580337524
4205.9  1.028818488121033
4208.5  1.039010286331177
4211.1  1.041458010673523
4213.7  1.034329771995544
4216.3  1.019108057022095
4218.9  0.9992614984512329
4221.5  0.9792340397834777
4224.1  0.9639414548873901
4226.7  0.9571619033813476
4229.3  0.959185779094696
4231.9  0.9669638872146606
4234.5  0.9770708680152893
4237.1  0.9875080585479736
4239.7  0.9967890977859497
4242.3  1.003315091133118
4244.9  1.006535530090332
4247.5  1.007415533065796
4250.1  1.006796598434448
4252.7  1.004178643226624
4255.3  0.9991872310638427
4257.9  0.9935048222541809
4260.5  0.9897142052650451
4263.1  0.9880909323692321
4265.7  0.9862619638442993
4268.3  0.9830760955810546
4270.9  0.9814228415489196
4273.5  0.9853740334510803
4276.1  0.9948152899742126
4278.7  1.004366397857666
4281.3  1.007776618003845
4283.9  1.002520203590393
4286.5  0.9902732968330383
4289.1  0.9740271568298339
4291.7  0.955209732055664
4294.3  0.9337527751922607
4296.9  0.9109925031661987
4299.5  0.8914252519607543
4302.1  0.8801921606063842
4304.7  0.8789182901382446
4307.3  0.8848086595535278
4309.9  0.8934507966041564
4312.5  0.9016510844230651
4315.1  0.9076632857322692
4317.7  0.9097959399223327
4320.3  0.9059882760047912
4322.9  0.8947178721427917
4325.5  0.8748162984848022
4328.1  0.84359872341156
4330.7  0.7970433831214904
4333.3  0.7351159453392028
4335.9  0.6683569550514221
4338.5  0.6170601844787597
4341.1  0.6001059412956237
4343.7  0.6222901344299316
4346.3  0.6723189949989318
4348.9  0.7328088879585266
4351.5  0.7915078401565551
4354.1  0.8441573977470397
4356.7  0.8902042508125305
4359.3  0.9285279512405395
4361.9  0.9569209218025207
4364.5  0.9739170670509338
4367.1  0.980305790901184
4369.7  0.9789795279502868
4372.3  0.9733495712280273
4374.9  0.965647280216217
4377.5  0.9565131664276123
4380.1  0.9465049505233764
4382.7  0.9380436539649963
4385.3  0.9347473978996276
4387.9  0.9380813837051391
4390.5  0.9457288980484008
4393.1  0.9541861414909362
4395.7  0.9621581435203552
4398.3  0.970820128917694
4400.9  0.9815345406532287
4403.5  0.9937668442726135
4406.1  1.004580736160278
4408.7  1.009871482849121
4411.3  1.007044315338135
4413.9  0.9975406527519226
4416.5  0.9865378141403198
4419.1  0.9792009592056274
4421.7  0.9769829511642456
4424.3  0.9777495861053466
4426.9  0.9789106249809265
4429.5  0.9797921776771545
4432.1  0.9812332987785339
4434.7  0.9835826754570007
4437.3  0.9857692718505859
4439.9  0.9868047833442687
4442.5  0.9875381588935852
4445.1  0.9895160794258117
4447.7  0.9922018647193908
4450.3  0.992771565914154
4452.9  0.9888030290603637
4455.5  0.9801018834114074
4458.1  0.9681485891342163
4460.7  0.9550955295562744
4463.3  0.9435852169990539
4465.9  0.9365500807762145
4468.5  0.9360355734825134
4471.1  0.9414111375808715
4473.7  0.9489744305610656
4476.3  0.9546757340431213
4478.9  0.9578521251678466
4481.5  0.9613850712776184
4484.1  0.9679372906684875
4486.7  0.9773511886596679
4489.3  0.9880325198173522
4491.9  0.99895441532135
4494.5  1.009207725524902
4497.1  1.016927123069763
4499.7  1.020039200782776
4502.3  1.017920613288879
4504.9  1.01188063621521
4507.5  1.004134774208069
4510.1  0.9964520335197448
4512.7  0.9896262884140014
4515.3  0.9839298725128173
4517.9  0.9795424938201904
4520.5  0.9763659834861755
4523.1  0.9739452600479125
4525.7  0.9721887111663818
4528.3  0.9722887873649597
4530.9  0.9765243530273437
4533.5  0.986353576183319
4536.1  1.000000476837158
4538.7  1.011892557144165
4541.3  1.015226721763611
4543.9  1.006214499473572
4546.5  0.9869765639305114
4549.1  0.9649289846420288
4551.7  0.9487877488136291
4554.3  0.9438675045967102
4556.9  0.9499564170837402
4559.5  0.9627851843833923
4562.1  0.9773178100585937
4564.7  0.9902141690254211
4567.3  1.000182628631592
4569.9  1.007025122642517
4572.5  1.010661721229553
4575.1  1.010725021362305
4577.7  1.00707733631134
4580.3  1.000907897949219
4582.9  0.994741141796112
4585.5  0.9905706048011779
4588.1  0.9882263541221618
4590.7  0.9861840605735778
4593.3  0.9836344122886657
4595.9  0.9812251925468444
4598.5  0.9802519083023071
4601.1  0.9817298650741577
4603.7  0.9857988953590393
4606.3  0.9913051724433898
4608.9  0.9961063265800476
4611.5  0.9984685778617858
4614.1  0.9985023140907287
4616.7  0.998121440410614
4619.3  0.9993234872817993
4621.9  1.002370476722717
4624.5  1.005694270133972
4627.1  1.007435083389282
4629.7  1.006660342216492
4632.3  1.003178596496582
4634.9  0.9969007968902587
4637.5  0.9878586530685424
4640.1  0.9767311215400695
4642.7  0.9652076363563537
4645.3  0.9558048248291015
4647.9  0.9509558081626892
4650.5  0.9516977667808532
4653.1  0.9569838643074035
4655.7  0.9641653299331665
4658.3  0.9700914621353149
4660.9  0.972490906715393
4663.5  0.9715784788131713
4666.1  0.9705705642700195
4668.7  0.9735575914382934
4671.3  0.9820168018341064
4673.9  0.9934729933738708
4676.5  1.003525018692017
4679.1  1.008755326271057
4681.7  1.00800096988678
4684.3  1.002153158187866
4686.9  0.9935514330863952
4689.5  0.9850313067436218
4692.1  0.9786279201507568
4694.7  0.9748545289039611
4697.3  0.9731988310813903
4699.9  0.9732285141944885
4702.5  0.97520512342453
4705.1  0.97976815700531
4707.7  0.9872179627418518
4710.3  0.9971659183502197
4712.9  1.008701086044312
4715.5  1.020643949508667
4718.1  1.031546711921692
4720.7  1.039622187614441
4723.3  1.043028831481934
4725.9  1.040609955787659
4728.5  1.032673239707947
4731.1  1.021278142929077
4733.7  1.009685754776001
4736.3  1.001086592674255
4738.9  0.9973088502883911
4741.5  0.9983526468276977
4744.1  1.002820372581482
4746.7  1.008693099021912
4749.3  1.014097690582276
4751.9  1.017899036407471
4754.5  1.019783020019531
4757.1  1.019975066184998
4759.7  1.019299507141113
4762.3  1.019513249397278
4764.9  1.022734642028809
4767.5  1.029815912246704
4770.1  1.039280772209168
4772.7  1.047840237617493
4775.3  1.051833391189575
4777.9  1.048860788345337
4780.5  1.039250493049622
4783.1  1.026380658149719
4785.7  1.015029788017273
4788.3  1.008698225021362
4790.9  1.007941722869873
4793.5  1.010716438293457
4796.1  1.014137625694275
4798.7  1.016339659690857
4801.3  1.017286419868469
4803.9  1.018243193626404
4806.5  1.020536184310913
4809.1  1.024490714073181
4811.7  1.029106855392456
4814.3  1.032504200935364
4816.9  1.032900333404541
4819.5  1.02972137928009
4822.1  1.023896455764771
4824.7  1.016586303710938
4827.3  1.00752055644989
4829.9  0.9952296018600463
4832.5  0.9790748357772827
4835.1  0.9603945612907409
4837.7  0.9413672685623168
4840.3  0.9230861663818359
4842.9  0.9045717120170593
4845.5  0.8829165697097778
4848.1  0.8540592193603515
4850.7  0.81425142288208
4853.3  0.7629585266113281
4855.9  0.7066949605941772
4858.5  0.6600415706634521
4861.1  0.6396713256835937
4863.7  0.6537131667137145
4866.3  0.6959253549575805
4868.9  0.7508072257041931
4871.5  0.8041255474090576
4874.1  0.848525583744049
4876.7  0.8816593885421752
4879.3  0.9027940034866333
4881.9  0.9126510620117187
4884.5  0.914842665195465
4887.1  0.9152987003326416
4889.7  0.9193571805953979
4892.3  0.9289503097534179
4894.9  0.9420791268348693
4897.5  0.9549516439437866
4900.1  0.9649224281311035
4902.7  0.9716233611106872
4905.3  0.9758779406547546
4907.9  0.9782944321632385
4910.5  0.9788118600845336
4913.1  0.9770079255104064
4915.7  0.9731040596961975
4918.3  0.9692679047584533
4920.9  0.9692466259002685
4923.5  0.9752677679061889
4926.1  0.9849186539649963
4928.7  0.9920322299003601
4931.3  0.991668701171875
4933.9  0.9844527244567871
4936.5  0.9758690595626831
4939.1  0.9715490341186523
4941.7  0.9734002351760864
4944.3  0.9794384241104125
4946.9  0.9860845208168029
4949.5  0.9905552268028259
4952.1  0.992286741733551
4954.7  0.9930455088615417
4957.3  0.9954034686088562
4959.9  1.000435829162598
4962.5  1.006927847862244
4965.1  1.013018250465393
4967.7  1.018004298210144
4970.3  1.021881222724915
4972.9  1.023653626441956
4975.5  1.021405816078186
4978.1  1.014701128005982
4980.7  1.006434440612793
4983.3  1.001307487487793
4985.9  1.002014875411987
4988.5  1.007199764251709
4991.1  1.013033151626587
4993.7  1.016072988510132
4996.3  1.014735698699951
4998.9  1.009441018104553
5001.5  1.002235174179077
5004.1  0.9956149458885192
5006.7  0.9907658696174621
5009.3  0.9869155287742614
5011.9  0.9828802347183227
5014.5  0.979279339313507
5017.1  0.978721261024475
5019.7  0.9833981990814208
5022.3  0.9926239848136901
5024.9  1.003033995628357
5027.5  1.010982990264893
5030.1  1.014452815055847
5032.7  1.013310432434082
5035.3  1.009031534194946
5037.9  1.004415512084961
5040.5  1.002333164215088
5043.1  1.003685832023621
5045.7  1.006941318511963
5048.3  1.010331511497498
5050.9  1.01399838924408
5053.5  1.019198894500732
5056.1  1.025788307189941
5058.7  1.031470417976379
5061.3  1.033681631088257
5063.9  1.03172492980957
5066.5  1.026923179626465
5069.1  1.021132349967957
5071.7  1.015503287315369
5074.3  1.010559916496277
5076.9  1.006995677947998
5079.5  1.00595498085022
5082.1  1.008267521858215
5084.7  1.013349890708923
5087.3  1.019060134887695
5089.9  1.022845029830933
5092.5  1.023294091224671
5095.1  1.021051406860352
5097.7  1.018403172492981
5100.3  1.017539858818054
5102.9  1.018946647644043
5105.5  1.021655797958374
5108.1  1.02475118637085
5110.7  1.027864098548889
5113.3  1.030253410339355
5115.9  1.030339121818543
5118.5  1.026752233505249
5121.1  1.019740104675293
5123.7  1.0112624168396
5126.3  1.003598809242249
5128.9  0.9978326559066772
5131.5  0.9936264157295227
5134.1  0.9903422594070434
5136.7  0.9881911277770996
5139.3  0.988161563873291
5141.9  0.9908581376075744
5144.5  0.9955959320068359
5147.1  1.000775098800659
5149.7  1.005028605461121
5152.3  1.007717132568359
5154.9  1.008162021636963
5157.5  1.004677534103394
5160.1  0.9951171278953552
5162.7  0.9792749285697937
5165.3  0.9611355066299438
5167.9  0.9480111002922058
5170.5  0.9458685517311096
5173.1  0.9543471932411193
5175.7  0.9664509296417236
5178.3  0.9738592505455017
5180.9  0.9730876684188842
5183.5  0.9669250845909118
5186.1  0.9606915712356567
5188.7  0.9578442573547363
5191.3  0.9587934017181396
5193.9  0.9622861146926879
5196.5  0.9666345119476318
5199.1  0.9701329469680786
5201.7  0.9718018770217895
5204.3  0.9723437428474426
5206.9  0.9737117886543273
5209.5  0.9771974086761474
5212.1  0.9822052717208862
5214.7  0.9868660569190979
5217.3  0.9890559911727905
5219.9  0.9868997931480407
5222.5  0.9798086881637573
5225.1  0.9698542356491088
5227.7  0.9612179398536682
5230.3  0.9575883746147155
5232.9  0.9603214263916015
5235.5  0.9685997366905212
5238.1  0.9801214933395385
5240.7  0.9916908144950866
5243.3  1.00041389465332
5245.9  1.005018711090088
5248.5  1.005945086479187
5251.1  1.004082679748535
5253.7  0.9993761181831359
5256.3  0.990621268749237
5258.9  0.9769335985183715
5261.5  0.9597878456115722
5264.1  0.9434513449668884
5266.7  0.9328599572181701
5269.3  0.9307166934013366
5271.9  0.936333417892456
5274.5  0.9467454552650451
5277.1  0.9587762355804443
5279.7  0.970632255077362
5282.3  0.9821549654006958
5284.9  0.9935417175292968
5287.5  1.003759145736694
5290.1  1.010585308074951
5292.7  1.012457847595215
5295.3  1.010021448135376
5297.9  1.005674362182617
5300.5  1.001735687255859
5303.1  0.9990844130516052
5305.7  0.9971815943717956
5308.3  0.9949678778648376
5310.9  0.9918287992477416
5313.5  0.9881006479263305
5316.1  0.9846025705337524
5318.7  0.9814314842224121
5321.3  0.9777145981788635
5323.9  0.9732072353363037
5326.5  0.9695368409156799
5329.1  0.9687886834144592
5331.7  0.9711188077926635
5334.3  0.9748011231422424
5336.9  0.9784944057464599
5339.5  0.9824062585830688
5342.1  0.9871686697006225
5344.7  0.9926029443740844
5347.3  0.9979925155639648
5349.9  1.002747774124146
5352.5  1.006144285202026
5355.1  1.006826519966126
5357.7  1.003385663032532
5360.3  0.9958108067512512
5362.9  0.9863168597221374
5365.5  0.9785593152046203
5368.1  0.9756895303726196
5370.7  0.9784945249557495
5373.3  0.9848781824111938
5375.9  0.991345465183258
5378.5  0.9955788850784301
5381.1  0.9976999759674072
5383.7  0.998964786529541
5386.3  0.9996963143348693
5388.9  0.9989359974861145
5391.5  0.9957448244094848
5394.1  0.9902290701866149
5396.7  0.9833670854568481
5399.3  0.9763686656951904
5401.9  0.9704034924507141
5404.5  0.9666180610656738
5407.1  0.9659021496772766
5409.7  0.968382179737091
5412.3  0.9731984734535217
5414.9  0.9788029789924621
5417.5  0.9835577011108398
5420.1  0.9864194989204406
5422.7  0.9874030351638793
5425.3  0.9874379038810729
5427.9  0.9877618551254272
5430.5  0.9893778562545776
5433.1  0.9926185011863708
5435.7  0.9966727495193481
5438.3  0.9996618032455444
5440.9  0.9999330043792724
5443.5  0.9976162910461425
5446.1  0.9945415258407592
5448.7  0.9924277663230895
5451.3  0.9915917515754699
5453.9  0.9915190935134887
5456.5  0.9919845461845397
5459.1  0.9932171702384948
5461.7  0.9954063296318054
5464.3  0.9982300996780395
5466.9  1.000579595565796
5469.5  1.000967383384705
5472.1  0.998920202255249
5474.7  0.9960242509841918
5477.3  0.9949579834938049
5479.9  0.9971264600753784
5482.5  1.001465797424316
5485.1  1.005627393722534
5487.7  1.007916331291199
5490.3  1.007931351661682
5492.9  1.005946040153503
5495.5  1.002423763275147
5498.1  0.9981364011764526
5500.7  0.9942272901535034
5503.3  0.9918307065963745
5505.9  0.9916526079177856
5508.5  0.9938822984695434
5511.1  0.9981904625892639
5513.7  1.003537178039551
5516.3  1.008108377456665
5518.9  1.009930729866028
5521.5  1.008096933364868
5524.1  1.003680229187012
5526.7  0.9993094205856323
5529.3  0.997470736503601
5531.9  0.9989398121833801
5534.5  1.002631664276123
5537.1  1.006655812263489
5539.7  1.009493589401245
5542.3  1.010621309280396
5544.9  1.010426759719849
5547.5  1.009600281715393
5550.1  1.008582353591919
5552.7  1.007482528686523
5555.3  1.006257176399231
5557.9  1.004807949066162
5560.5  1.003048777580261
5563.1  1.001039624214172
5565.7  0.9990991950035095
5568.3  0.9978000521659851
5570.9  0.9977472424507141
5573.5  0.999053418636322
5576.1  1.000802636146545
5578.7  1.00119411945343
5581.3  0.9986656904220581
5583.9  0.9932418465614318
5586.5  0.9867620468139648
5589.1  0.9815077781677246
5591.7  0.9784938097000122
5594.3  0.9772472381591796
5596.9  0.9771917462348937
5599.5  0.9787350893020629
5602.1  0.9825815558433532
5604.7  0.9881690740585327
5607.3  0.9933846592903137
5609.9  0.9962130784988403
5612.5  0.9965623617172241
5615.1  0.9961940646171569
5617.7  0.996930181980133
5620.3  0.9992361664772033
5622.9  1.002435922622681
5625.5  1.005629181861878
5628.1  1.008031249046326
5630.7  1.008912563323975
5633.3  1.007908821105957
5635.9  1.00550639629364
5638.5  1.002899646759033
5641.1  1.001101970672607
5643.7  1.000064015388489
5646.3  0.9985807538032531
5648.9  0.9951041936874389
5651.5  0.9889274835586547
5654.1  0.9809748530387878
5656.7  0.9736140370368957
5659.3  0.9694477915763854
5661.9  0.9698472619056701
5664.5  0.9743238687515258
5667.1  0.9810794591903686
5669.7  0.9880024194717407
5672.3  0.9933499693870544
5674.9  0.996040403842926
5677.5  0.9958237409591674
5680.1  0.9933965802192687
5682.7  0.9902552366256713
5685.3  0.9880703091621398
5687.9  0.9877532720565795
5690.5  0.9888907670974731
5693.1  0.9900748133659362
5695.7  0.9898268580436706
5698.3  0.9873207807540893
5700.9  0.9826016426086425
5703.5  0.976620078086853
5706.1  0.9711812734603881
5708.7  0.9683552384376525
5711.3  0.9693317413330078
5713.9  0.9736880660057067
5716.5  0.9798580408096313
5719.1  0.9862485527992248
5721.7  0.9918712377548217
5724.3  0.9962432384490966
5726.9  0.999133825302124
5729.5  1.000546216964722
5732.1  1.000849604606628
5734.7  1.000799179077148
5737.3  1.001184701919556
5739.9  1.002197504043579
5742.5  1.003176093101501
5745.1  1.003170251846313
5747.7  1.001800417900085
5750.3  0.9995191693305969
5752.9  0.9969943165779113
5755.5  0.99348646402359
5758.1  0.9842703938484191
5760.7  0.9574214220046997
5763.3  0.8932921886444091
5765.9  0.7733572721481323
5768.5  0.5985121726989746
5771.1  0.3999514579772949
5773.7  0.2243494391441345
5776.3  0.1034288182854652
5778.9  0.03859645500779152
5781.5  0.01153112947940826
5784.1  0.002733319764956832
5786.7  5.064029246568679E-4
5789.3  6.744659913238137E-5
5791.9  0.
5794.5  0.
5797.1  0.
5799.7  0.
5802.3  0.
5804.9  0.
5807.5  0.
5810.1  0.
5812.7  0.
5815.3  0.
5817.9  0.
5820.5  6.990642577875405E-5
5823.1  5.260299658402800E-4
5825.7  0.002843863097950816
5828.3  0.01201657205820084
5830.9  0.04028687626123428
5833.5  0.1081400886178017
5836.1  0.2349575012922287
5838.7  0.4194784760475159
5841.3  0.6283372044563293
5843.9  0.8118406534194946
5846.5  0.9361382722854614
5849.1  0.9996288418769836
5851.7  1.022229909896851
5854.3  1.02598762512207
5856.9  1.024991512298584
5859.5  1.025200843811035
5862.1  1.027549028396606
5864.7  1.030740976333618
5867.3  1.033238053321838
5869.9  1.034230470657349
5872.5  1.033740997314453
5875.1  1.032047867774963
5877.7  1.029049873352051
5880.3  1.024187207221985
5882.9  1.017099142074585
5885.5  1.008459448814392
5888.1  1.000166773796082
5890.7  0.9947063326835632
5893.3  0.9941902756690979
5895.9  0.9994873404502868
5898.5  1.009608626365662
5901.1  1.021795988082886
5903.7  1.032652854919434
5906.3  1.039752602577209
5908.9  1.042558431625366
5911.5  1.042126655578613
5914.1  1.040094375610352
5916.7  1.037745118141174
5919.3  1.035625457763672
5921.9  1.033685564994812
5924.5  1.031656742095947
5927.1  1.029439568519592
5929.7  1.027373790740967
5932.3  1.026152610778809
5934.9  1.026272296905518
5937.5  1.027526259422302
5940.1  1.029138088226318
5942.7  1.030376791954041
5945.3  1.031043648719788
5947.9  1.031498074531555
5950.5  1.032281756401062
5953.1  1.033657670021057
5955.7  1.03542947769165
5958.3  1.037131309509277
5960.9  1.038327217102051
5963.5  1.0387442111969
5966.1  1.038215398788452
5968.7  1.036581754684448
5971.3  1.03374445438385
5973.9  1.029865384101868
5976.5  1.025454163551331
5979.1  1.021176338195801
5981.7  1.01761519908905
5984.3  1.015185475349426
5986.9  1.014074921607971
5989.5  1.014140009880066
5992.1  1.014929890632629
5994.7  1.015864014625549
5997.3  1.016436457633972
5999.9  1.016396522521973
6002.5  1.015841960906982
6005.1  1.015077710151672
6007.7  1.014319658279419
6010.3  1.013550758361816
6012.9  1.01264238357544
6015.5  1.011589527130127
6018.1  1.010661244392395
6020.7  1.010345458984375
6023.3  1.011054039001465
6025.9  1.012730479240418
6028.5  1.014711380004883
6031.1  1.016071438789368
6033.7  1.016194462776184
6036.3  1.01508367061615
6038.9  1.013228893280029
6041.5  1.011240720748901
6044.1  1.009521722793579
6046.7  1.008158564567566
6049.3  1.00704288482666
6051.9  1.006055116653442
6054.5  1.005088925361633
6057.1  1.004069924354553
6059.7  1.003280282020569
6062.3  1.003653287887573
6064.9  1.006166458129883
6067.5  1.01055645942688
6070.1  1.015064358711243
6072.7  1.017859578132629
6075.3  1.018492817878723
6077.9  1.01784873008728
6080.5  1.017077326774597
6083.1  1.016762495040894
6085.7  1.016785860061646
6088.3  1.016617655754089
6090.9  1.015653014183044
6093.5  1.0134596824646
6096.1  1.010027885437012
6098.7  1.00605046749115
6101.3  1.002860069274902
6103.9  1.001719236373901
6106.5  1.002881050109863
6109.1  1.005320310592651
6111.7  1.007428050041199
6114.3  1.008058547973633
6116.9  1.007198810577393
6119.5  1.005939722061157
6122.1  1.005712628364563
6124.7  1.007106423377991
6127.3  1.009178042411804
6129.9  1.01007342338562
6132.5  1.0085768699646
6135.1  1.005183100700378
6137.7  1.00172746181488
6140.3  0.9999971985816955
6142.9  1.000581622123718
6145.5  1.002735614776611
6148.1  1.004984140396118
6150.7  1.005849003791809
6153.3  1.004508852958679
6155.9  1.00130307674408
6158.5  0.997657835483551
6161.1  0.9952402114868164
6163.7  0.9949834942817687
6166.3  0.9968258738517761
6168.9  1.000189542770386
6171.5  1.004493713378906
6174.1  1.009249210357666
6176.7  1.013922452926636
6179.3  1.017917513847351
6181.9  1.020753264427185
6184.5  1.022313952445984
6187.1  1.023013710975647
6189.7  1.023703455924988
6192.3  1.025233745574951
6194.9  1.027909159660339
6197.5  1.031282782554626
6200.1  1.034472584724426
6202.7  1.036669850349426
6205.3  1.037432432174683
6207.9  1.036725521087647
6210.5  1.034885764122009
6213.1  1.032535195350647
6215.7  1.030308485031128
6218.3  1.028434872627258
6220.9  1.026517748832703
6223.5  1.023816466331482
6226.1  1.019911766052246
6228.7  1.015165328979492
6231.3  1.010481357574463
6233.9  1.006572484970093
6236.5  1.003489971160889
6239.1  1.000855565071106
6241.7  0.9984981417655944
6244.3  0.9968683719635009
6246.9  0.996862769126892
6249.5  0.9992024302482604
6252.1  1.003903150558472
6254.7  1.010251760482788
6257.3  1.017169713973999
6259.9  1.023578882217407
6262.5  1.028640508651733
6265.1  1.031786441802979
6267.7  1.032364249229431
6270.3  1.028994560241699
6272.9  1.01971185207367
6275.5  1.004168629646301
6278.1  0.9866617321968078
6280.7  0.9755079746246337
6283.3  0.9768744707107543
6285.9  0.9888836741447448
6288.5  1.003031373023987
6291.1  1.010919332504272
6293.7  1.009052157402039
6296.3  0.9994829297065734
6298.9  0.9883761405944824
6301.5  0.9826334714889526
6304.1  0.9848898649215698
6306.7  0.9914698004722595
6309.3  0.9965569972991943
6311.9  0.9980926513671875
6314.5  0.9987719655036926
6317.1  1.00200891494751
6319.7  1.008284330368042
6322.3  1.015333294868469
6324.9  1.020567417144775
6327.5  1.022749423980713
6330.1  1.022172570228577
6332.7  1.020005345344544
6335.3  1.017386078834534
6337.9  1.014740824699402
6340.5  1.011913299560547
6343.1  1.009012699127197
6345.7  1.00688898563385
6348.3  1.006499528884888
6350.9  1.007828950881958
6353.5  1.009709119796753
6356.1  1.010773181915283
6358.7  1.010431170463562
6361.3  1.008947372436524
6363.9  1.006929516792297
6366.5  1.005035281181335
6369.1  1.003957033157349
6371.7  1.004189491271973
6374.3  1.005659341812134
6376.9  1.007812380790711
6379.5  1.01010525226593
6382.1  1.012222766876221
6384.7  1.013883829116821
6387.3  1.014763116836548
6389.9  1.014716863632202
6392.5  1.013996958732605
6395.1  1.013156175613403
6397.7  1.012667179107666
6400.3  1.012524127960205
6402.9  1.012190222740173
6405.5  1.011026620864868
6408.1  1.008842468261719
6410.7  1.00604510307312
6413.3  1.003371000289917
6415.9  1.001551508903504
6418.5  1.001028656959534
6421.1  1.001627087593079
6423.7  1.002421617507935
6426.3  1.002199769020081
6428.9  1.000348448753357
6431.5  0.997365117073059
6434.1  0.9945179820060729
6436.7  0.9930094480514526
6439.3  0.9932578802108764
6441.9  0.9946323037147521
6444.5  0.9957776069641113
6447.1  0.9954504370689392
6449.7  0.9933297634124755
6452.3  0.9902266263961791
6454.9  0.9876211285591125
6457.5  0.9868978857994079
6460.1  0.9886931180953979
6462.7  0.9926607608795166
6465.3  0.9977454543113708
6467.9  1.002719044685364
6470.5  1.006622433662415
6473.1  1.008891463279724
6475.7  1.009253978729248
6478.3  1.007645130157471
6480.9  1.004187822341919
6483.5  0.9990014433860778
6486.1  0.9920163750648498
6488.7  0.9834678173065185
6491.3  0.9749064445495605
6493.9  0.9692396521568298
6496.5  0.9689471721649169
6499.1  0.9739809036254882
6501.7  0.9816138744354248
6504.3  0.988376498222351
6506.9  0.9920868873596191
6509.5  0.9924675822257995
6512.1  0.9906525611877441
6514.7  0.9883912801742553
6517.3  0.9871687293052673
6519.9  0.9874172806739807
6522.5  0.9884225130081176
6525.1  0.9890733957290649
6527.7  0.9886704683303833
6530.3  0.987034797668457
6532.9  0.9840681552886962
6535.5  0.9794127345085144
6538.1  0.972535490989685
6540.7  0.9630478024482727
6543.3  0.9507065415382385
6545.9  0.9347482323646545
6548.5  0.9130711555480957
6551.1  0.8825135231018066
6553.7  0.8411378860473632
6556.3  0.7919351458549499
6558.9  0.7451671361923217
6561.5  0.7156574130058288
6564.1  0.7147799730300903
6566.7  0.7429104447364807
6569.3  0.7892319560050964
6571.9  0.8390456438064575
6574.5  0.8817059397697448
6577.1  0.9133031964302062
6579.7  0.9346049427986145
6582.3  0.9481861591339111
6584.9  0.9569107890129089
6587.5  0.9634197950363159
6590.1  0.9697903394699096
6592.7  0.9771291017532348
6595.3  0.9853516817092895
6597.9  0.9934844374656677
6600.5  1.000465750694275
6603.1  1.005892753601074
6605.7  1.010116934776306
6608.3  1.01371705532074
6610.9  1.016947388648987
6613.5  1.01964807510376
6616.1  1.021540641784668
6618.7  1.022508978843689
6621.3  1.022635579109192
6623.9  1.022108197212219
6626.5  1.02116060256958
6629.1  1.020057201385498
6631.7  1.019079923629761
6634.3  1.018516182899475
6636.9  1.01861572265625
6639.5  1.019447922706604
6642.1  1.02077317237854
6644.7  1.022115707397461
6647.3  1.022984743118286
6649.9  1.023006677627563
6652.5  1.021905303001404
6655.1  1.019516229629517
6657.7  1.016010999679566
6660.3  1.01220440864563
6662.9  1.009485244750977
6665.5  1.009103178977966
6668.1  1.011326789855957
6670.7  1.01531720161438
6673.3  1.019864916801453
6675.9  1.024212241172791
6678.5  1.028215646743775
6681.1  1.031922340393066
6683.7  1.035163760185242
6686.3  1.037544846534729
6688.9  1.038705825805664
6691.5  1.03855562210083
6694.1  1.037294149398804
6696.7  1.035262584686279
6699.3  1.032771110534668
6701.9  1.030035853385925
6704.5  1.027233958244324
6707.1  1.024585127830505
6709.7  1.022339820861817
6712.3  1.020690441131592
6714.9  1.01973307132721
6717.5  1.019484281539917
6720.1  1.019787788391113
6722.7  1.02011501789093
6725.3  1.019509673118591
6727.9  1.01690673828125
6730.5  1.011724591255188
6733.1  1.004363536834717
6735.7  0.9962413907051086
6738.3  0.9893423914909362
6740.9  0.9855644702911376
6743.5  0.9860629439353942
6746.1  0.9907554388046264
6748.7  0.9982944726943969
6751.3  1.006669044494629
6753.9  1.014087677001953
6756.5  1.019558668136597
6759.1  1.022912263870239
6761.7  1.024466156959534
6764.3  1.024703621864319
6766.9  1.024157404899597
6769.5  1.023381352424622
6772.1  1.022802948951721
6774.7  1.022491455078125
6777.3  1.022144317626953
6779.9  1.021406531333923
6782.5  1.020253300666809
6785.1  1.019050717353821
6787.7  1.018226623535156
6790.3  1.01791262626648
6792.9  1.017929792404175
6795.5  1.01806390285492
6798.1  1.018266916275024
6800.7  1.018616080284119
6803.3  1.019259095191956
6805.9  1.02052903175354
6808.5  1.022881388664246
6811.1  1.026319622993469
6813.7  1.029888153076172
6816.3  1.03218424320221
6818.9  1.032532811164856
6821.5  1.031450867652893
6824.1  1.029972314834595
6826.7  1.028710126876831
6829.3  1.027504444122314
6831.9  1.025728583335877
6834.5  1.022922039031982
6837.1  1.019315361976624
6839.7  1.015790700912476
6842.3  1.013179779052734
6844.9  1.011497735977173
6847.5  1.009921193122864
6850.1  1.007632851600647
6852.7  1.004411220550537
6855.3  0.9998877048492431
6857.9  0.9917926788330078
6860.5  0.9754232168197631
6863.1  0.9469592571258544
6865.7  0.9090691208839416
6868.3  0.8723016381263732
6870.9  0.8489995002746582
6873.5  0.8460726737976074
6876.1  0.8629928827285766
6878.7  0.892942190170288
6881.3  0.9248547554016113
6883.9  0.9481459259986877
6886.5  0.9579150080680847
6889.1  0.9549301266670227
6891.7  0.9417243599891662
6894.3  0.9217888712882995
6896.9  0.9030765891075134
6899.5  0.8974305987358093
6902.1  0.9114084839820861
6904.7  0.9388269186019897
6907.3  0.9657548666000366
6909.9  0.9819592833518981
6912.5  0.9860962033271789
6915.1  0.9828201532363891
6917.7  0.9778802394866943
6920.3  0.9750972986221313
6922.9  0.9753972887992858
6925.5  0.9773798584938049
6928.1  0.9790733456611633
6930.7  0.9798184633255004
6933.3  0.9807086586952209
6935.9  0.9829484820365905
6938.5  0.9862785339355468
6941.1  0.9894578456878662
6943.7  0.9916932582855224
6946.3  0.9930467009544372
6948.9  0.993868350982666
6951.5  0.9943456053733825
6954.1  0.9944795370101928
6956.7  0.9943810701370239
6959.3  0.9946672320365905
6961.9  0.9964466094970703
6964.5  1.000488162040711
6967.1  1.006108403205872
6969.7  1.011154651641846
6972.3  1.013635873794556
6974.9  1.013384580612183
6977.5  1.011840224266052
6980.1  1.01043438911438
6982.7  1.009510159492493
6985.3  1.008480310440064
6987.9  1.006509900093079
6990.5  1.003077030181885
6993.1  0.9982936382293701
6995.7  0.9929126501083374
6998.3  0.9879529476165771
7000.9  0.9842153787612915
7003.5  0.982084035873413
7006.1  0.9815725684165954
7008.7  0.9823101758956909
7011.3  0.9835548400878906
7013.9  0.9844409227371215
7016.5  0.9841315150260925
7019.1  0.9819098114967346
7021.7  0.9778721928596496
7024.3  0.9737641215324401
7026.9  0.9722119569778442
7029.5  0.9744015336036682
7032.1  0.9789590239524841
7034.7  0.9833952188491821
7037.3  0.9861974716186523
7039.9  0.9875220656394958
7042.5  0.9885681271553039
7045.1  0.9905326962471008
7047.7  0.9938010573387145
7050.3  0.9977613687515258
7052.9  1.001284599304199
7055.5  1.00355589389801
7058.1  1.004578709602356
7060.7  1.004913449287415
7063.3  1.005001664161682
7065.9  1.004867076873779
7068.5  1.004338502883911
7071.1  1.003301501274109
7073.7  1.001680970191956
7076.3  0.9993323683738708
7078.9  0.9961042404174804
7081.5  0.9920690059661865
7084.1  0.9877508878707885
7086.7  0.9840728044509887
7089.3  0.9818833470344543
7091.9  0.981377899646759
7094.5  0.9820097684860229
7097.1  0.9829547405242919
7099.7  0.9835315346717834
7102.3  0.9831933975219726
7104.9  0.9814158082008361
7107.5  0.9779028892517089
7110.1  0.9729939699172973
7112.7  0.9678133726119995
7115.3  0.9638827443122863
7117.9  0.9624392986297607
7120.5  0.9640067219734191
7123.1  0.9684822559356689
7125.7  0.9754057526588439
7128.3  0.9839480519294738
7130.9  0.9926680326461791
7133.5  0.9996501803398132
7136.1  1.003355264663696
7138.7  1.003493547439575
7141.3  1.001080274581909
7143.9  0.9978209733963012
7146.5  0.9953518509864807
7149.1  0.9944656491279602
7151.7  0.9944241642951965
7154.3  0.992971122264862
7156.9  0.9873377680778503
7159.5  0.9759497046470642
7162.1  0.960245132446289
7164.7  0.9453221559524536
7167.3  0.9375514388084411
7169.9  0.9397761225700378
7172.5  0.9487260580062866
7175.1  0.9577022790908813
7177.7  0.9613735079765319
7180.3  0.9581594467163085
7182.9  0.9497184753417968
7185.5  0.9393486380577087
7188.1  0.9302620291709899
7190.7  0.9242497682571411
7193.3  0.9204877614974975
7195.9  0.9151229858398437
7198.5  0.9040837883949279
7201.1  0.8887332677841186
7203.7  0.8775431513786315
7206.3  0.879775047302246
7208.9  0.8977821469306945
7211.5  0.9258049130439758
7214.1  0.9543258547782897
7216.7  0.9747577309608459
7219.3  0.9821979999542236
7221.9  0.9757260680198669
7224.5  0.9569532871246337
7227.1  0.9296178221702575
7229.7  0.9004313349723815
7232.3  0.8773196339607238
7234.9  0.8649076223373413
7237.5  0.8637487292289733
7240.1  0.8735491633415222
7242.7  0.8925462961196899
7245.3  0.9140126705169677
7247.9  0.9292269349098205
7250.5  0.9352651238441467
7253.1  0.9366477131843566
7255.7  0.9391157627105712
7258.3  0.9444298148155212
7260.9  0.9512252807617187
7263.5  0.9577151536941528
7266.1  0.9621838331222534
7268.7  0.9626570343971252
7271.3  0.9576053023338317
7273.9  0.9471444487571716
7276.5  0.9333192706108093
7279.1  0.9192838668823242
7281.7  0.9080134630203247
7284.3  0.9015747308731079
7286.9  0.9012688994407653
7289.5  0.9075379967689514
7292.1  0.9190866947174072
7294.7  0.9326332211494445
7297.3  0.9445840716361999
7299.9  0.9533575773239135
7302.5  0.95954030752182
7305.1  0.9637302756309509
7307.7  0.9651169776916503
7310.3  0.9626152515411376
7312.9  0.9569236636161804
7315.5  0.9514223933219909
7318.1  0.9505994915962219
7320.7  0.9565033316612243
7323.3  0.9666818380355834
7325.9  0.9764209985733032
7328.5  0.9826023578643798
7331.1  0.9849888086318969
7333.7  0.9848533272743225
7336.3  0.9834634065628051
7338.9  0.9815829396247863
7341.5  0.9795610904693603
7344.1  0.9774540066719055
7346.7  0.9751405715942382
7349.3  0.9725043773651123
7351.9  0.9696841239929199
7354.5  0.9671276807785034
7357.1  0.9653806090354919
7359.7  0.9647438526153564
7362.3  0.9650386571884155
7364.9  0.9657349586486816
7367.5  0.9663710594177246
7370.1  0.9667393565177917
7372.7  0.9665676951408386
7375.3  0.9652976393699645
7377.9  0.9627153873443603
7380.5  0.9599241614341735
7383.1  0.9592872858047485
7385.7  0.9629148840904235
7388.3  0.9709625244140625
7390.9  0.981138527393341
7393.5  0.9898250102996826
7396.1  0.994234025478363
7398.7  0.9940215349197387
7401.3  0.9909265041351318
7403.9  0.9870219826698303
7406.5  0.9834752678871154
7409.1  0.9806110262870788
7411.7  0.9785667061805725
7414.3  0.977569043636322
7416.9  0.9776397943496704
7419.5  0.9783010482788085
7422.1  0.9788022637367248
7424.7  0.9786665439605712
7427.3  0.9779392480850219
7429.9  0.976911187171936
7432.5  0.9757000207901
7435.1  0.9741885066032409
7437.7  0.972297191619873
7440.3  0.9702209830284118
7442.9  0.9684018492698669
7445.5  0.9672570824623107
7448.1  0.9668212532997131
7450.7  0.9665582776069641
7453.3  0.9656494259834289
7455.9  0.9637287855148315
7458.5  0.9614251852035522
7461.1  0.9599969983100891
7463.7  0.9602752923965454
7466.3  0.961942970752716
7468.9  0.9638740420341491
7471.5  0.9652701616287231
7474.1  0.9667193293571472
7476.7  0.9700979590415954
7479.3  0.9768905639648437
7481.9  0.9861671328544616
7484.5  0.9945133924484252
7487.1  0.9986582398414611
7489.7  0.9982962608337402
7492.3  0.9959498643875122
7494.9  0.9942144751548767
7497.5  0.9936738610267639
7500.1  0.9932587146759033
7502.7  0.991807222366333
7505.3  0.9890685677528381
7507.9  0.9858239293098449
7510.5  0.9834467768669128
7513.1  0.9829897284507751
7515.7  0.9842240214347839
7518.3  0.985582411289215
7520.9  0.9852914214134216
7523.5  0.9826844930648803
7526.1  0.9785497188568115
7528.7  0.9744382500648498
7531.3  0.9716522693634033
7533.9  0.9705731868743896
7536.5  0.9707404375076293
7539.1  0.9715444445610046
7541.7  0.972762644290924
7544.3  0.9743591547012329
7546.9  0.9759714603424072
7549.5  0.9768834710121154
7552.1  0.9765735864639282
7554.7  0.9751461148262023
7557.3  0.9732154011726379
7559.9  0.9714918732643127
7562.5  0.9705261588096618
7565.1  0.9706941843032836
7567.7  0.9723146557807922
7570.3  0.9757850766181945
7572.9  0.9813001155853271
7575.5  0.987992525100708
7578.1  0.9934526681900024
7580.7  0.9946771264076232
7583.3  0.9891438484191894
7585.9  0.9738491773605346
7588.5  0.9434629082679748
7591.1  0.891015887260437
7593.7  0.8119704723358154
7596.3  0.7099297642707824
7598.9  0.6006155014038085
7601.5  0.5085130333900451
7604.1  0.4534003734588623
7606.7  0.4380764365196228
7609.3  0.4528055787086487
7611.9  0.4899614453315735
7614.5  0.545641005039215
7617.1  0.605725347995758
7619.7  0.6428936123847961
7622.3  0.6384603381156921
7624.9  0.6045467257499694
7627.5  0.5769265294075012
7630.1  0.5835736393928527
7632.7  0.6224578619003295
7635.3  0.6698853373527526
7637.9  0.7032808065414428
7640.5  0.7124253511428833
7643.1  0.6963454484939575
7645.7  0.6598030924797058
7648.3  0.6141703128814697
7650.9  0.5763920545578002
7653.5  0.5635855793952941
7656.1  0.587049126625061
7658.7  0.6474359035491943
7661.3  0.7321467995643615
7663.9  0.8192996382713317
7666.5  0.8887292146682739
7669.1  0.9311252236366271
7671.7  0.9476091861724853
7674.3  0.9446274638175964
7676.9  0.931793212890625
7679.5  0.9210701584815979
7682.1  0.9225414991378784
7684.7  0.9378970265388488
7687.3  0.9595406651496887
7689.9  0.977500557899475
7692.5  0.9870854020118713
7695.1  0.9899130463600158
7697.7  0.9898659586906433
7700.3  0.9895989894866943
7702.9  0.9898553490638732
7705.5  0.990333616733551
7708.1  0.99052494764328
7710.7  0.9902021288871765
7713.3  0.9894315600395202
7715.9  0.9882336854934692
7718.5  0.9863013625144958
7721.1  0.9833728671073913
7723.7  0.9799686074256896
7726.3  0.9774370789527893
7728.9  0.9769906997680664
7731.5  0.9786853194236755
7734.1  0.9813176393508911
7736.7  0.9831899404525756
7739.3  0.9831264019012451
7741.9  0.981173813343048
7744.5  0.978543221950531
7747.1  0.9767964482307434
7749.7  0.9768961071968078
7752.3  0.9787133932113647
7754.9  0.981205403804779
7757.5  0.9831345677375793
7760.1  0.9838650822639465
7762.7  0.983500599861145
7765.3  0.9822540283203125
7767.9  0.9799861311912536
7770.5  0.9767981171607971
7773.1  0.9741101264953613
7775.7  0.9744459390640258
7778.3  0.9794466495513916
7780.9  0.9882339835166931
7783.5  0.9980871081352233
7786.1  1.006411075592041
7788.7  1.011791229248047
7791.3  1.013751983642578
7793.9  1.012380242347717
7796.5  1.00844943523407
7799.1  1.003465056419373
7801.7  0.9990745782852172
7804.3  0.9962472915649414
7806.9  0.9950042963027954
7809.5  0.9947620034217834
7812.1  0.9948652386665344
7814.7  0.9949761033058166
7817.3  0.9951359033584594
7819.9  0.9954781532287597
7822.5  0.9958885312080383
7825.1  0.9960182905197143
7827.7  0.9956802129745483
7830.3  0.9951879978179931
7832.9  0.995141863822937
7835.5  0.9957442283630371
7838.1  0.9963541030883789
7840.7  0.9958804249763488
7843.3  0.9937119483947753
7845.9  0.9902560114860534
7848.5  0.9865654110908508
7851.1  0.9835820794105529
7853.7  0.9818275570869445
7856.3  0.9817039966583251
7858.9  0.9837933182716369
7861.5  0.9886552095413208
7864.1  0.996320903301239
7866.7  1.005905747413635
7869.3  1.015414595603943
7871.9  1.022095322608948
7874.5  1.024008870124817
7877.1  1.021842122077942
7879.7  1.018538117408752
7882.3  1.016666054725647
7884.9  1.016445398330688
7887.5  1.01632297039032
7890.1  1.014946579933167
7892.7  1.012429714202881
7895.3  1.00995671749115
7897.9  1.008394241333008
7900.5  1.007432222366333
7903.1  1.006091594696045
7905.7  1.003769993782044
7908.3  1.000662684440613
7910.9  0.9973607063293457
7913.5  0.9943232536315917
7916.1  0.9917548298835754
7918.7  0.9897981882095336
7921.3  0.9885575771331787
7923.9  0.9878367185592651
7926.5  0.9870357513427734
7929.1  0.9854769706726074
7931.7  0.9828520417213439
7934.3  0.9794592857360839
7936.9  0.976161777973175
7939.5  0.9740759134292602
7942.1  0.9740720987319946
7944.7  0.9763279557228088
7947.3  0.9801468849182128
7949.9  0.9841701984405517
7952.5  0.9870785474777221
7955.1  0.9885060191154479
7957.7  0.9891655445098876
7960.3  0.9900112152099609
7962.9  0.9915990829467773
7965.5  0.9945006370544433
7968.1  0.999881625175476
7970.7  1.0087890625
7973.3  1.020167231559754
7975.9  1.030074834823608
7978.5  1.034278988838196
7981.1  1.032107472419739
7983.7  1.026899456977844
7986.3  1.022447824478149
7988.9  1.01989758014679
7991.5  1.018116474151611
7994.1  1.015834927558899
7996.7  1.012755751609802
7999.3  1.009155511856079
8001.9  1.005064129829407
8004.5  1.000138878822327
8007.1  0.994445264339447
8009.7  0.9890451431274414
8012.3  0.9852916002273559
8014.9  0.9834161400794982
8017.5  0.9822837114334106
8020.1  0.9807520508766174
8022.7  0.9788344502449035
8025.3  0.9773522019386291
8027.9  0.9769656062126159
8030.5  0.9778406023979187
8033.1  0.979911983013153
8035.7  0.9830282330513
8038.3  0.9867321848869323
8040.9  0.9901851415634155
8043.5  0.9925394654273986
8046.1  0.99346524477005
8048.7  0.9934420585632324
8051.3  0.9936015009880065
8053.9  0.9948356747627258
8056.5  0.9967361092567443
8059.1  0.9977254271507263
8061.7  0.9965584278106689
8064.3  0.99356609582901
8066.9  0.9905143976211547
8069.5  0.9895690083503723
8072.1  0.9923021793365478
8074.7  0.999110996723175
8077.3  1.008983969688416
8079.9  1.019503235816956
8082.5  1.027422070503235
8085.1  1.030291318893433
8087.7  1.028107166290283
8090.3  1.023104310035706
8092.9  1.017959833145142
8095.5  1.014431715011597
8098.1  1.013106942176819
8100.7  1.013551235198975
8103.3  1.014689207077026
8105.9  1.015518546104431
8108.5  1.015599250793457
8111.1  1.014879822731018
8113.7  1.013272643089294
8116.3  1.010480642318726
8118.9  1.006095767021179
8121.5  0.9998462796211242
8124.1  0.9917894005775451
8126.7  0.9824317097663879
8129.3  0.9730940461158752
8131.9  0.9661665558815002
8134.5  0.9640406966209411
8137.1  0.9668220877647399
8139.7  0.9716634154319763
8142.3  0.9754994511604309
8144.9  0.9781799912452697
8147.5  0.981816828250885
8150.1  0.9871624112129211
8152.7  0.9918923377990722
8155.3  0.9929595589637756
8157.9  0.9895946979522705
8160.5  0.9832696914672851
8163.1  0.9757651090621948
8165.7  0.9681249260902404
8168.3  0.9606410264968872
8170.9  0.9524611234664916
8173.5  0.941820204257965
8176.1  0.9286494851112365
8178.7  0.9174040555953979
8181.3  0.9154894948005676
8183.9  0.9270044565200805
8186.5  0.9478527307510375
8189.1  0.967810571193695
8191.7  0.9781649708747863
8194.3  0.9784103631973266
8196.9  0.9759639501571655
8199.5  0.9785267114639282
8202.1  0.9868528246879577
8204.7  0.9956032037734985
8207.3  0.999683678150177
8209.9  0.9979977011680603
8212.5  0.9920706152915954
8215.1  0.9829328060150146
8217.7  0.9685117602348327
8220.3  0.9425991177558898
8222.9  0.8986539244651794
8225.5  0.8397005796432495
8228.1  0.7853492498397827
8230.7  0.7630674839019775
8233.3  0.7866256833076477
8235.9  0.8434136509895324
8238.5  0.905051052570343
8241.1  0.9492378234863281
8243.7  0.9709942936897277
8246.3  0.9777287244796752
8248.9  0.9787596464157104
8251.5  0.9793817400932312
8254.1  0.9809956550598144
8256.7  0.983629822731018
8259.3  0.9872328042984008
8261.9  0.9911834597587585
8264.5  0.9939519762992858
8267.1  0.9943196177482604
8269.7  0.9928856492042541
8272.3  0.9917325973510742
8274.9  0.9923935532569885
8277.5  0.9945342540740966
8280.1  0.9967271089553833
8282.7  0.9978963732719421
8285.3  0.9978271126747131
8287.9  0.9970720410346984
8290.5  0.9968966245651245
8293.1  0.9988776445388793
8295.7  1.003807544708252
8298.3  1.010737538337708
8300.9  1.016897320747376
8303.5  1.018771529197693
8306.1  1.014539957046509
8308.7  1.006600856781006
8311.3  1.000724077224731
8313.9  1.001048803329468
8316.5  1.006227135658264
8319.1  1.011303305625916
8321.7  1.012365341186523
8324.3  1.008618593215942
8326.9  1.001547813415527
8329.5  0.9937323331832885
8332.1  0.9880719780921936
8334.7  0.9865872859954833
8337.3  0.9890894889831542
8339.9  0.993181824684143
8342.5  0.995867371559143
8345.1  0.9954913258552551
8347.7  0.9925877451896667
8350.3  0.9892186522483825
8352.9  0.9873473644256591
8355.5  0.987449824810028
8358.1  0.9885122179985046
8360.7  0.9892171025276184
8363.3  0.9889779686927795
8365.9  0.9880377054214477
8368.5  0.9870949387550354
8371.1  0.9869256019592285
8373.7  0.988032042980194
8376.3  0.9903196692466735
8378.9  0.9929457902908325
8381.5  0.9946359992027282
8384.1  0.9946231842041015
8386.7  0.9934555888175964
8389.3  0.9926991462707519
8391.9  0.9936305880546569
8394.5  0.9961203932762145
8397.1  0.9987021684646606
8399.7  0.9996401071548461
8402.3  0.9981439113616943
8404.9  0.9950820207595825
8407.5  0.9930289983749389
8410.1  0.9955179095268249
8412.7  1.005214214324951
8415.3  1.021575331687927
8417.9  1.040008068084717
8420.5  1.054072499275208
8423.1  1.059356808662415
8425.7  1.055742263793945
8428.3  1.046474933624268
8430.9  1.035455822944641
8433.5  1.025120735168457
8436.1  1.016048073768616
8438.7  1.007802605628967
8441.3  1.000119566917419
8443.9  0.9937368631362915
8446.5  0.9902333617210388
8449.1  0.9907281398773193
8451.7  0.9944018721580505
8454.3  0.9984238147735595
8456.9  0.9997239708900451
8459.5  0.9971587657928466
8462.1  0.992206871509552
8464.7  0.9878430366516113
8467.3  0.9866851568222045
8469.9  0.9896391630172729
8472.5  0.9956609010696411
8475.1  1.002519130706787
8477.7  1.007966876029968
8480.3  1.010584235191345
8482.9  1.009684562683106
8485.5  1.004471659660339
8488.1  0.9937350749969482
8490.7  0.9771227836608886
8493.3  0.9570983052253723
8495.9  0.9391908645629882
8498.5  0.9294679760932922
8501.1  0.9309868812561035
8503.7  0.9421489238739013
8506.3  0.9582235217094421
8508.9  0.9745649099349975
8511.5  0.9887564182281494
8514.1  1.00040352344513
8516.7  1.009702920913696
8519.3  1.016358256340027
8521.9  1.019215941429138
8524.5  1.015813231468201
8527.1  1.00081193447113
8529.7  0.9630875587463378
8532.3  0.8854572176933288
8534.9  0.7537269592285156
8537.5  0.5733819603919982
8540.1  0.3771060109138489
8542.7  0.2086364179849625
8545.3  0.0950927659869194
8547.9  0.03516117110848427
8550.5  0.01042862795293331
8553.1  0.002457287395372987
8555.7  4.523982352111489E-4
8558.3  5.946675810264423E-5
8560.9  0.
8563.5  0.
8566.1  0.
8568.7  0.
8571.3  0.
8573.9  0.
8576.5  0.
8579.1  0.
8581.7  0.
8584.3  0.
8586.9  0.
8589.5  0.
8592.1  0.
8594.7  0.
8597.3  0.
8599.9  0.
8602.5  0.
8605.1  0.
8607.7  0.
8610.3  0.
8612.9  0.
8615.5  0.
8618.1  0.
8620.7  0.
8623.3  0.
8625.9  0.
8628.5  0.
8631.1  0.
8633.7  0.
8636.3  0.
8638.9  0.
8641.5  6.039768049959093E-5
8644.1  4.512777959462255E-4
8646.7  0.002435711910948157
8649.3  0.01027743611484766
8651.9  0.03440733253955841
8654.5  0.09226913750171661
8657.1  0.2005398571491242
8659.7  0.359099268913269
8662.3  0.5420092344284057
8664.9  0.7105385065078735
8667.5  0.8381401300430297
8670.1  0.9217076301574707
8672.7  0.9724525213241577
8675.3  1.002557516098022
8677.9  1.020098328590393
8680.5  1.030149340629578
8683.1  1.036311268806458
8685.7  1.041052937507629
8688.3  1.045776963233948
8690.9  1.050962686538696
8693.5  1.056384325027466
8696.1  1.061325907707214
8698.7  1.064972639083862
8701.3  1.066834211349487
8703.9  1.066932559013367
8706.5  1.065742373466492
8709.1  1.063986301422119
8711.7  1.062315344810486
8714.3  1.060949206352234
8716.9  1.059530973434448
8719.5  1.057386517524719
8722.1  1.05400824546814
8724.7  1.049311280250549
8727.3  1.043477177619934
8729.9  1.036612987518311
8732.5  1.028481841087341
8735.1  1.018388748168945
8737.7  1.005341053009033
8740.3  0.9887040853500366
8742.9  0.9692757129669189
8745.5  0.9501252174377441
8748.1  0.936163306236267
8750.7  0.9320502877235412
8753.3  0.9396467208862304
8755.9  0.9569531083106994
8758.5  0.9793192744255065
8761.1  1.001900315284729
8763.7  1.02162230014801
8766.3  1.037751913070679
8768.9  1.051476836204529
8771.5  1.065333962440491
8774.1  1.082594394683838
8776.7  1.105665326118469
8779.3  1.133173823356628
8781.9  1.158234119415283
8784.5  1.171570897102356
8787.1  1.168462872505188
8789.7  1.152659177780151
8792.3  1.132901668548584
8794.9  1.116084814071655
8797.5  1.103956699371338
8800.1  1.094982504844666
8802.7  1.087749838829041
8805.3  1.082415580749512
8807.9  1.079821228981018
8810.5  1.079965114593506
8813.1  1.081447601318359
8815.7  1.082282423973084
8818.3  1.081302642822266
8820.9  1.078851461410522
8823.5  1.076085209846497
8826.1  1.073686838150025
8828.7  1.071344614028931
8831.3  1.06832218170166
8833.9  1.06423020362854
8836.5  1.059138059616089
8839.1  1.05313777923584
8841.7  1.045976400375366
8844.3  1.037022352218628
8846.9  1.025331974029541
8849.5  1.009743809700012
8852.1  0.9894110560417175
8854.7  0.9649893045425415
8857.3  0.939807653427124
8859.9  0.9197087287902832
8862.5  0.9108378887176513
8865.1  0.9163877367973327
8867.7  0.9345989227294921
8870.3  0.9597197771072387
8872.9  0.9852500557899475
8875.5  1.006928205490112
8878.1  1.023571610450745
8880.7  1.036034107208252
8883.3  1.045715689659119
8885.9  1.053659200668335
8888.5  1.060405611991882
8891.1  1.066266417503357
8893.7  1.071515798568726
8896.3  1.076404213905335
8898.9  1.081417083740234
8901.5  1.088130712509155
8904.1  1.099677443504334
8906.7  1.118780136108399
8909.3  1.14347243309021
8911.9  1.165191173553467
8914.5  1.173630952835083
8917.1  1.164772272109985
8919.7  1.143630981445312
8922.3  1.119663953781128
8924.9  1.100645542144775
8927.5  1.089952707290649
8930.1  1.086979150772095
8932.7  1.088585138320923
8935.3  1.090656995773316
8937.9  1.08965528011322
8940.5  1.083901405334473
8943.1  1.07414436340332
8945.7  1.062982320785522
8948.3  1.053553104400635
8950.9  1.048462748527527
8953.5  1.049015998840332
8956.1  1.054383158683777
8958.7  1.061705589294434
8961.3  1.067878007888794
8963.9  1.071211457252503
8966.5  1.071402072906494
8969.1  1.068788051605225
8971.7  1.06405508518219
8974.3  1.058094501495361
8976.9  1.051478385925293
8979.5  1.04384982585907
8982.1  1.034206390380859
8984.7  1.022668242454529
8987.3  1.011654138565064
8989.9  1.003227233886719
8992.5  0.9940953850746154
8995.1  0.9757934212684631
8997.7  0.9434438943862915
9000.3  0.9038947224617004
9002.9  0.8707172274589538
9005.5  0.8487648963928222
9008.1  0.8284470438957214
9010.7  0.800418734550476
9013.3  0.7730957865715026
9015.9  0.7686456441879272
9018.5  0.8002670407295227
9021.1  0.8581764698028564
9023.7  0.9195733666419982
9026.3  0.9675227403640747
9028.9  0.998367428779602
9031.5  1.016962170600891
9034.1  1.03077507019043
9036.7  1.047549962997437
9039.3  1.072435617446899
9041.9  1.101933717727661
9044.5  1.121904969215393
9047.1  1.117897272109985
9049.7  1.090519309043884
9052.3  1.056761622428894
9054.9  1.034003376960754
9057.5  1.026417493820191
9060.1  1.028064727783203
9062.7  1.033122420310974
9065.3  1.039070606231689
9067.9  1.043331742286682
9070.5  1.041408896446228
9073.1  1.029697895050049
9075.7  1.009718656539917
9078.3  0.9884617328643798
9080.9  0.9736745357513427
9083.5  0.9685657024383544
9086.1  0.9704930186271667
9088.7  0.9724119901657104
9091.3  0.9662877321243286
9093.9  0.9499117136001586
9096.5  0.932607889175415
9099.1  0.9299643635749816
9101.7  0.9486469626426696
9104.3  0.97840017080307
9106.9  1.001198768615723
9109.5  1.006041884422302
9112.1  0.9953284263610839
9114.7  0.9818724393844604
9117.3  0.9799131751060485
9119.9  0.9941579103469848
9122.5  1.01640510559082
9125.1  1.034438133239746
9127.7  1.042867779731751
9130.3  1.044426441192627
9132.9  1.04439127445221
9135.5  1.046105027198792
9138.1  1.049884557723999
9140.7  1.053932428359985
9143.3  1.056258678436279
9145.9  1.056364536285401
9148.5  1.055614471435547
9151.1  1.056384086608887
9153.7  1.06018853187561
9156.3  1.066135168075562
9158.9  1.071117401123047
9161.5  1.071113586425781
9164.1  1.062023401260376
9166.7  1.041378974914551
9169.3  1.013020396232605
9171.9  0.991024374961853
9174.5  0.9940806031227111
9177.1  1.030089378356934
9179.7  1.085976481437683
9182.3  1.135438084602356
9184.9  1.156985282897949
9187.5  1.145408511161804
9190.1  1.111032724380493
9192.7  1.072188019752502
9195.3  1.04550302028656
9197.9  1.036937236785889
9200.5  1.039736270904541
9203.1  1.042085409164429
9205.7  1.036453604698181
9208.3  1.022016644477844
9210.9  1.001127243041992
9213.5  0.9759767055511474
9216.1  0.9480245113372802
9218.7  0.9189941883087158
9221.3  0.8916200399398803
9223.9  0.86935955286026
9226.5  0.8554405570030212
9229.1  0.8521339893341064
9231.7  0.860074758529663
9234.3  0.8776036500930786
9236.9  0.9011706709861755
9239.5  0.9270358681678771
9242.1  0.9524030089378356
9244.7  0.9748350381851196
9247.3  0.9917141795158386
9249.9  1.001243114471436
9252.5  1.003607392311096
9255.1  1.000892996788025
9257.7  0.9964553117752075
9260.3  0.9943328499794006
9262.9  0.9979968667030334
9265.5  1.00847864151001
9268.1  1.023352265357971
9270.7  1.037827968597412
9273.3  1.04763650894165
9275.9  1.051639914512634
9278.5  1.051948308944702
9281.1  1.051519751548767
9283.7  1.051512360572815
9286.3  1.050560355186462
9288.9  1.046486616134644
9291.5  1.038913369178772
9294.1  1.030065298080444
9296.7  1.021926999092102
9299.3  1.01289701461792
9301.9  0.9997944831848144
9304.5  0.9834420680999755
9307.1  0.9684229493141174
9309.7  0.9546254277229309
9312.3  0.9340468049049377
9314.9  0.9026739001274108
9317.5  0.8731893301010131
9320.1  0.8663614392280578
9322.7  0.8859992623329162
9325.3  0.9101122021675109
9327.9  0.9124894142150878
9330.5  0.8874909877777099
9333.1  0.8482216000556945
9335.7  0.8074328899383544
9338.3  0.7703909873962402
9340.9  0.7446920275688171
9343.5  0.7425750494003295
9346.1  0.7647765278816223
9348.7  0.7919369935989379
9351.3  0.8039186000823974
9353.9  0.8014511466026306
9356.5  0.7983393669128417
9359.1  0.800445020198822
9361.7  0.8050886392593383
9364.3  0.8137087821960449
9366.9  0.8298092484474182
9369.5  0.8470379114151
9372.1  0.8529464602470397
9374.7  0.8461390733718872
9377.3  0.841901421546936
9379.9  0.8571595549583435
9382.5  0.8926951885223388
9385.1  0.9319126605987548
9387.7  0.9541099667549133
9390.3  0.9476229548454284
9392.9  0.9160799384117126
9395.5  0.8773831725120544
9398.1  0.8534985780715942
9400.7  0.8548405170440673
9403.3  0.8741777539253234
9405.9  0.897097885608673
9408.5  0.9157277345657348
9411.1  0.9305359721183776
9413.7  0.9430060386657714
9416.3  0.9507947564125061
9418.9  0.9496107697486877
9421.5  0.9379094839096069
9424.1  0.9189575314521789
9426.7  0.8955342173576354
9429.3  0.8611435890197753
9431.9  0.8035353422164916
9434.5  0.7261075973510742
9437.1  0.6619238853454589
9439.7  0.6523445844650268
9442.3  0.7071298360824584
9444.9  0.7908997535705566
9447.5  0.850196361541748
9450.1  0.8509853482246398
9452.7  0.7956137061119079
9455.3  0.7137947082519531
9457.9  0.6418049335479736
9460.5  0.6075740456581115
9463.1  0.6262755393981933
9465.7  0.6968240141868591
9468.3  0.7965381145477294
9470.9  0.8873092532157897
9473.5  0.9382505416870117
9476.1  0.9450225234031677
9478.7  0.9272431135177612
9481.3  0.9097880125045776
9483.9  0.9055023193359375
9486.5  0.909855306148529
9489.1  0.9089522957801818
9491.7  0.8938753008842468
9494.3  0.8709583282470703
9496.9  0.8578951358795166
9499.5  0.8672493696212768
9502.1  0.8944674730300903
9504.7  0.9242462515830993
9507.3  0.9458056688308715
9509.9  0.9585093259811401
9512.5  0.9652137160301208
9515.1  0.9657434821128845
9517.7  0.9578304290771484
9520.3  0.9416680932044982
9522.9  0.921804130077362
9525.5  0.9051289558410644
9528.1  0.8963659405708312
9530.7  0.8932770490646362
9533.3  0.8854148983955383
9535.9  0.8601782917976379
9538.5  0.8143060803413391
9541.1  0.7613507509231567
9543.7  0.7249176502227783
9546.3  0.7192084193229675
9548.9  0.7361318469047546
9551.5  0.7544053792953491
9554.1  0.7600060701370239
9556.7  0.7558992505073547
9559.3  0.7555912733078002
9561.9  0.7715603113174438
9564.5  0.8068733215332031
9567.1  0.8528162240982055
9569.7  0.8945023417472839
9572.3  0.9207473993301391
9574.9  0.9287247061729431
9577.5  0.9203453660011291
9580.1  0.8964481353759765
9582.7  0.8570137023925781
9585.3  0.8092316389083862
9587.9  0.7725899815559387
9590.5  0.7681825757026672
9593.1  0.7998847961425781
9595.7  0.8501385450363159
9598.3  0.8934311866760253
9600.9  0.9070727825164794
9603.5  0.8715803623199462
9606.1  0.7758985161781311
9608.7  0.636159062385559
9611.3  0.506946325302124
9613.9  0.4570893347263336
9616.5  0.5197044014930725
9619.1  0.6651152372360229
9621.7  0.8262046575546264
9624.3  0.9479283690452575
9626.9  1.012735247612
9629.5  1.030584812164307
9632.1  1.018710732460022
9634.7  0.9923427104949951
9637.3  0.9652388095855712
9639.9  0.9494195580482482
9642.5  0.9504252076148986
9645.1  0.9642262458801269
9647.7  0.9806843400001525
9650.3  0.9908492565155029
9652.9  0.9919675588607788
9655.5  0.9872494339942932
9658.1  0.9819668531417846
9660.7  0.9800462126731872
9663.3  0.9832943081855773
9665.9  0.991528034210205
9668.5  1.002400040626526
9671.1  1.012138366699219
9673.7  1.017845630645752
9676.3  1.019281387329102
9678.9  1.018219947814942
9681.5  1.016225099563599
9684.1  1.01356303691864
9686.7  1.010257244110107
9689.3  1.007295370101929
9691.9  1.006134271621704
9694.5  1.007459044456482
9697.1  1.010837316513062
9699.7  1.015172839164734
9702.3  1.019123911857605
9704.9  1.021555542945862
9707.5  1.022192358970642
9710.1  1.021862626075745
9712.7  1.021854281425476
9715.3  1.022873044013977
9717.9  1.024519801139832
9720.5  1.025654792785645
9723.1  1.025058388710022
9725.7  1.02143394947052
9728.3  1.013287782669067
9730.9  1.000334858894348
9733.5  0.9858134388923645
9736.1  0.9758313298225402
9738.7  0.9745357632637023
9741.3  0.9799923300743103
9743.9  0.9851499795913696
9746.5  0.9809373617172241
9749.1  0.9582288265228271
9751.7  0.9106630682945251
9754.3  0.8376122713088989
9756.9  0.742185890674591
9759.5  0.6286699771881103
9762.1  0.5127221941947937
9764.7  0.4351892173290253
9767.3  0.4474986493587494
9769.9  0.5671738982200622
9772.5  0.7515650987625122
9775.1  0.9258143305778503
9777.7  1.03695285320282
9780.3  1.079306125640869
9782.9  1.077845215797424
9785.5  1.06004524230957
9788.1  1.041957259178162
9790.7  1.028450131416321
9793.3  1.018133163452148
9795.9  1.008510589599609
9798.5  0.9998041987419128
9801.1  0.994826316833496
9803.7  0.9953438639640808
9806.3  0.9993690252304077
9808.9  1.00278639793396
9811.5  1.003023743629456
9814.1  1.000457167625427
9816.7  0.9967908263206481
9819.3  0.9931515455245971
9821.9  0.9900137186050415
9824.5  0.9881123304367065
9827.1  0.9883464574813842
9829.7  0.9906345009803771
9832.3  0.9936490058898925
9834.9  0.9960308670997619
9837.5  0.9972078204154968
9840.1  0.9968973398208618
9842.7  0.9948270916938781
9845.3  0.9914454221725463
9847.9  0.9880027174949645
9850.5  0.985298752784729
9853.1  0.9829534292221069
9855.7  0.9803822636604309
9858.3  0.9779697060585021
9860.9  0.9767761826515197
9863.5  0.9773175120353698
9866.1  0.9789092540740966
9868.7  0.9801575541496276
9871.3  0.9799605011940002
9873.9  0.9780331254005432
9876.5  0.9746551513671875
9879.1  0.9702999591827392
9881.7  0.9656350016593933
9884.3  0.9615883827209472
9886.9  0.9591668844223022
9889.5  0.9591574668884277
9892.1  0.9618198871612548
9894.7  0.9666900038719177
9897.3  0.9727216362953186
9899.9  0.9787423014640808
9902.5  0.9837508797645568
9905.1  0.9868775606155395
9907.7  0.9865826964378356
9910.3  0.9783800840377807
9912.9  0.9511582255363464
9915.5  0.8863381743431091
9918.1  0.7679144144058227
9920.7  0.6035376787185668
9923.3  0.4388815760612488
9925.9  0.3430059850215912
9928.5  0.3671740591526032
9931.1  0.5079731941223144
9933.7  0.7061863541603088
9936.3  0.8850917220115661
9938.9  0.9971117973327636
9941.5  1.040538430213928
9944.1  1.041376113891602
9946.7  1.027368664741516
9949.3  1.015218615531921
9951.9  1.010151624679565
9954.5  1.009774327278137
9957.1  1.00885546207428
9959.7  1.003777384757996
9962.3  0.9946758151054382
9964.9  0.9846295118331909
9967.5  0.9770858883857727
9970.1  0.9735149145126342
9972.7  0.9725172519683837
9975.3  0.9709992408752441
9977.9  0.9667455554008483
9980.5  0.9600306749343872
9983.1  0.952041208744049
9985.7  0.9405997395515441
9988.3  0.9152213335037231
9990.9  0.8559402823448181
9993.5  0.7428269982337951
9996.1  0.5754908919334411
