3501.3  0.2984119057655335
3503.9  0.4240769445896149
3506.5  0.5221408605575561
3509.1  0.5698252916336059
3511.7  0.5713354349136352
3514.3  0.5513720512390136
3516.9  0.5299461483955383
3519.5  0.5074267983436584
3522.1  0.4778837561607361
3524.7  0.4495784342288971
3527.3  0.442755252122879
3529.9  0.4699042141437531
3532.5  0.524840235710144
3535.1  0.5890403389930725
3537.7  0.643807828426361
3540.3  0.6778767108917236
3542.9  0.6880348920822143
3545.5  0.6756777763366699
3548.1  0.6453216671943664
3550.7  0.6064977645874023
3553.3  0.573063313961029
3555.9  0.5562065243721008
3558.5  0.5570543408393859
3561.1  0.5665103197097778
3563.7  0.5715375542640686
3566.3  0.5627908706665039
3568.9  0.5389243364334106
3571.5  0.5057848691940307
3574.1  0.4735298454761505
3576.7  0.4542849957942963
3579.3  0.4586212038993836
3581.9  0.4899660348892212
3584.5  0.540619671344757
3587.1  0.5932954549789428
3589.7  0.628033697605133
3592.3  0.6314097642898559
3594.9  0.604842185974121
3597.5  0.5658246874809265
3600.1  0.5368623733520507
3602.7  0.5289327502250671
3605.3  0.5354492664337158
3607.9  0.5427544116973876
3610.5  0.5439855456352233
3613.1  0.541771650314331
3615.7  0.5428613424301147
3618.3  0.5544449687004089
3620.9  0.5806254744529724
3623.5  0.6164273619651794
3626.1  0.6486356854438781
3628.7  0.6674665212631225
3631.3  0.6746492981910705
3633.9  0.6766214370727539
3636.5  0.6745381355285644
3639.1  0.6664867997169494
3641.7  0.6557998657226562
3644.3  0.6501006484031677
3646.9  0.653339147567749
3649.5  0.6632314324378967
3652.1  0.6738470792770385
3654.7  0.676414132118225
3657.3  0.6617804169654846
3659.9  0.6292130351066589
3662.5  0.5926612615585327
3665.1  0.573537528514862
3667.7  0.5826305747032165
3670.3  0.6087023615837097
3672.9  0.6292001605033874
3675.5  0.6337007284164428
3678.1  0.6317437291145324
3680.7  0.6365337371826171
3683.3  0.6492422819137573
3685.9  0.6629730463027954
3688.5  0.6731989979743957
3691.1  0.6766178011894226
3693.7  0.6648240685462951
3696.3  0.6281368136405944
3698.9  0.5689705610275268
3701.5  0.5086205601692199
3704.1  0.476197212934494
3706.7  0.4884239137172699
3709.3  0.5387995243072509
3711.9  0.6025238633155822
3714.5  0.6495743989944458
3717.1  0.6593426465988159
3719.7  0.6322385072708129
3722.3  0.5891035795211791
3724.9  0.5543317198753356
3727.5  0.5356518030166625
3730.1  0.5214367508888244
3732.7  0.4997031986713409
3735.3  0.4759427905082703
3737.9  0.4668104648590088
3740.5  0.4804553389549255
3743.1  0.5101150274276733
3745.7  0.544105589389801
3748.3  0.574498176574707
3750.9  0.597027838230133
3753.5  0.6095003485679626
3756.1  0.6141850352287292
3758.7  0.6182315349578857
3761.3  0.6266260147094726
3763.9  0.63685804605484
3766.5  0.644087016582489
3769.1  0.6487237811088562
3771.7  0.6562188863754272
3774.3  0.6721891164779663
3776.9  0.6983615159988403
3779.5  0.7293036580085754
3782.1  0.7527037262916564
3784.7  0.7569517493247985
3787.3  0.7407243847846984
3789.9  0.7139487862586975
3792.5  0.6900129914283752
3795.1  0.6796150207519531
3797.7  0.6899284720420837
3800.3  0.7213215827941894
3802.9  0.761966049671173
3805.5  0.7914209365844726
3808.1  0.7940651178359985
3810.7  0.7689841389656066
3813.3  0.7275856733322143
3815.9  0.6825839877128601
3818.5  0.6392123103141784
3821.1  0.5969668626785278
3823.7  0.5580701828002929
3826.3  0.5300589203834533
3828.9  0.518685758113861
3831.5  0.5218583345413208
3834.1  0.5339114665985107
3836.7  0.553520917892456
3839.3  0.5837609767913818
3841.9  0.6262369751930236
3844.5  0.6776602864265441
3847.1  0.7299597263336181
3849.7  0.7715226411819458
3852.3  0.7921114563941955
3854.9  0.7916756272315979
3857.5  0.7828527688980102
3860.1  0.7806079387664794
3862.7  0.7878607511520385
3865.3  0.7931765913963317
3867.9  0.7832649946212768
3870.5  0.7561193108558654
3873.1  0.7211555242538452
3875.7  0.68855482339859
3878.3  0.6610351204872131
3880.9  0.6356127262115478
3883.5  0.6101027727127075
3886.1  0.5875396728515625
3888.7  0.5778110027313232
3891.3  0.5937846899032592
3893.9  0.6385560631752014
3896.5  0.6939615607261657
3899.1  0.7297336459159851
3901.7  0.7314692735671997
3904.3  0.7158669829368591
3906.9  0.7116946578025817
3909.5  0.7293325066566467
3912.1  0.7565699815750122
3914.7  0.7780097126960754
3917.3  0.7856346368789672
3919.9  0.7723872661590576
3922.5  0.7287684679031372
3925.1  0.6511479616165161
3927.7  0.5511053800582885
3930.3  0.4558992087841034
3932.9  0.3979513645172119
3935.5  0.397682398557663
3938.1  0.4509935081005096
3940.7  0.5325366854667663
3943.3  0.6127789616584777
3945.9  0.6741515398025512
3948.5  0.713805615901947
3951.1  0.7347345948219299
3953.7  0.7366563081741333
3956.3  0.7142905592918395
3958.9  0.6626244187355041
3961.5  0.5849438309669494
3964.1  0.498013973236084
3966.7  0.4281225800514221
3969.3  0.398097962141037
3971.9  0.414783388376236
3974.5  0.4679952263832092
3977.1  0.5397165417671203
3979.7  0.6129478812217712
3982.3  0.6755895614624023
3984.9  0.7221031785011291
3987.5  0.7526403069496154
3990.1  0.7690107822418212
3992.7  0.7729166150093078
3995.3  0.7681500315666198
3997.9  0.760579764842987
4000.5  0.7552449107170104
4003.1  0.7578924298286437
4005.7  0.7760530114173889
4008.3  0.80845308303833
4010.9  0.8371583819389343
4013.5  0.8435406684875488
4016.1  0.8318465948104858
4018.7  0.8265851140022277
4021.3  0.8467605710029602
4023.9  0.8891761898994445
4026.5  0.9354634284973144
4029.1  0.9688832759857177
4031.7  0.9836593270301818
4034.3  0.9829370975494384
4036.9  0.9730712175369262
4039.5  0.9612281322479248
4042.1  0.9534076452255249
4044.7  0.9504697918891906
4047.3  0.9471974968910217
4049.9  0.9371335506439208
4052.5  0.9170047640800476
4055.1  0.8871708512306213
4057.7  0.852360725402832
4060.3  0.8234367370605468
4062.9  0.813706636428833
4065.5  0.8289093971252441
4068.1  0.8614296913146972
4070.7  0.8963682651519775
4073.3  0.9222803115844726
4075.9  0.9363089799880981
4078.5  0.9422067999839782
4081.1  0.9447056651115417
4083.7  0.9446324706077575
4086.3  0.9382421374320983
4088.9  0.9203155636787414
4091.5  0.8877057433128356
4094.1  0.8416002392768859
4096.7  0.7895800471305847
4099.3  0.7460277080535888
4101.9  0.7256371974945068
4104.5  0.7310125231742858
4107.1  0.7485982179641723
4109.7  0.7628021240234375
4112.3  0.7734768390655517
4114.9  0.7930265069007873
4117.5  0.8266168236732482
4120.1  0.8626474738121032
4122.7  0.8847823143005371
4125.3  0.8882056474685668
4127.9  0.8821078538894653
4130.5  0.8795559406280517
4133.1  0.8862035274505615
4135.7  0.8980568051338195
4138.3  0.9099340438842773
4140.9  0.9235753417015075
4143.5  0.9436848759651184
4146.1  0.9677835702896118
4148.7  0.9856050014495849
4151.3  0.9889954924583435
4153.9  0.9792848825454711
4156.5  0.9652177691459655
4159.1  0.9565333724021911
4161.7  0.9584643244743347
4164.3  0.9683665037155151
4166.9  0.9770227074623107
4169.5  0.974822998046875
4172.1  0.9564366340637207
4174.7  0.9224495291709899
4177.3  0.8825734257698059
4179.9  0.8557950854301452
4182.5  0.8585734963417053
4185.1  0.8903303742408752
4187.7  0.9343658685684204
4190.3  0.9723650217056274
4192.9  0.9950824975967407
4195.5  1.002014040946961
4198.1  0.9967750906944274
4200.7  0.9855263829231262
4203.3  0.977287471294403
4205.9  0.9796764254570007
4208.5  0.9915454983711242
4211.1  1.003102779388428
4213.7  1.005441784858704
4216.3  0.9975976943969726
4218.9  0.984181523323059
4221.5  0.9710018634796142
4224.1  0.9647074937820434
4226.7  0.971310019493103
4229.3  0.9905765652656555
4231.9  1.014323234558106
4234.5  1.032848000526428
4237.1  1.041109919548035
4239.7  1.0377596616745
4242.3  1.022282004356384
4244.9  0.9966793656349182
4247.5  0.9682316184043884
4250.1  0.9452524781227111
4252.7  0.9279608726501464
4255.3  0.9074490070343017
4257.9  0.8768505454063415
4260.5  0.8406118750572204
4263.1  0.8105988502502441
4265.7  0.7960883378982543
4268.3  0.7972922921180725
4270.9  0.8042687177658081
4273.5  0.8049020767211914
4276.1  0.7981650829315185
4278.7  0.7950425148010253
4281.3  0.8035244941711425
4283.9  0.8192752599716186
4286.5  0.8332403302192687
4289.1  0.8408271670341491
4291.7  0.8406352400779724
4294.3  0.8307359218597412
4296.9  0.8105238676071166
4299.5  0.7825965285301208
4302.1  0.7506654858589172
4304.7  0.7213046550750732
4307.3  0.7099561095237731
4309.9  0.7346314787864685
4312.5  0.7955438494682312
4315.1  0.866039752960205
4317.7  0.910145878791809
4320.3  0.9099137187004089
4322.9  0.8768699765205383
4325.5  0.8385695219039916
4328.1  0.8125590682029724
4330.7  0.7920389771461486
4333.3  0.757503867149353
4335.9  0.7021275758743286
4338.5  0.6453219652175903
4341.1  0.6195264458656311
4343.7  0.6415737867355346
4346.3  0.6987836956977844
4348.9  0.7638370990753173
4351.5  0.8176262974739074
4354.1  0.8556419610977172
4356.7  0.8806896209716796
4359.3  0.8970111012458801
4361.9  0.9086385369300842
4364.5  0.9179837107658386
4367.1  0.9247440695762634
4369.7  0.9272962808609008
4372.3  0.9259041547775268
4374.9  0.9221945405006408
4377.5  0.9134877920150756
4380.1  0.8921383619308471
4382.7  0.855934739112854
4385.3  0.8156408071517944
4387.9  0.7870963215827941
4390.5  0.7776381373405456
4393.1  0.783142864704132
4395.7  0.795982539653778
4398.3  0.8130549788475036
4400.9  0.8363380432128906
4403.5  0.8674174547195434
4406.1  0.9040082693099975
4408.7  0.9420351982116699
4411.3  0.9774001240730285
4413.9  1.004873037338257
4416.5  1.019340038299561
4419.1  1.020643353462219
4421.7  1.015728354454041
4424.3  1.014213800430298
4426.9  1.020756959915161
4429.5  1.031827688217163
4432.1  1.039473652839661
4434.7  1.036669015884399
4437.3  1.019341230392456
4439.9  0.9876946806907653
4442.5  0.9492384195327758
4445.1  0.9169162511825561
4447.7  0.8981988430023193
4450.3  0.887399137020111
4452.9  0.8750598430633544
4455.5  0.8633981347084045
4458.1  0.8650980591773986
4460.7  0.8869632482528686
4463.3  0.921416699886322
4465.9  0.9548186659812927
4468.5  0.9790651798248291
4471.1  0.9936497807502746
4473.7  1.000723242759705
4476.3  1.001877427101135
4478.9  0.9986435174942016
4481.5  0.9916837811470031
4484.1  0.9782440066337585
4486.7  0.9547046422958374
4489.3  0.9248128533363342
4491.9  0.9016425013542175
4494.5  0.8972730636596679
4497.1  0.912764549255371
4499.7  0.940517246723175
4502.3  0.972091794013977
4504.9  1.000749945640564
4507.5  1.020487666130066
4510.1  1.026284694671631
4512.7  1.013874053955078
4515.3  0.9792309999465942
4517.9  0.9228658080101013
4520.5  0.8575014472007751
4523.1  0.8064321875572204
4525.7  0.7863823771476745
4528.3  0.7925390601158142
4530.9  0.8070495128631591
4533.5  0.8210846781730651
4536.1  0.8396276235580444
4538.7  0.8655996918678283
4541.3  0.8915323615074157
4543.9  0.9108055233955383
4546.5  0.9276421666145324
4549.1  0.9501931071281433
4551.7  0.9789909124374389
4554.3  1.006542205810547
4556.9  1.02445912361145
4559.5  1.027599692344666
4562.1  1.013432621955872
4564.7  0.981677770614624
4567.3  0.937613308429718
4569.9  0.8959331512451171
4572.5  0.8758749365806579
4575.1  0.8867689967155456
4577.7  0.9197190999984741
4580.3  0.9566289782524108
4582.9  0.9841244220733642
4585.5  0.9967274069786071
4588.1  0.9928960800170898
4590.7  0.9750760197639465
4593.3  0.9531572461128234
4595.9  0.9417460560798645
4598.5  0.9494375586509704
4601.1  0.9714422225952148
4603.7  0.9938457012176513
4606.3  1.003054022789001
4608.9  0.9906414151191711
4611.5  0.9556028842926025
4614.1  0.9087047576904296
4616.7  0.8721801042556762
4619.3  0.8661810159683227
4621.9  0.8920104503631591
4624.5  0.9323660135269165
4627.1  0.968285322189331
4629.7  0.9915523529052734
4632.3  1.002142310142517
4634.9  1.001296997070313
4637.5  0.9898828268051147
4640.1  0.9700307846069335
4642.7  0.9464816451072692
4645.3  0.9273880124092102
4647.9  0.9220253825187683
4650.5  0.9337530732154846
4653.1  0.955216109752655
4655.7  0.97305428981781
4658.3  0.9768389463424682
4660.9  0.9634774327278137
4663.5  0.9377138018608093
4666.1  0.9118990898132324
4668.7  0.9011620879173278
4671.3  0.9126920104026794
4673.9  0.9398208260536193
4676.5  0.9687496423721313
4679.1  0.9891928434371948
4681.7  0.9975470900535583
4684.3  0.9939351677894592
4686.9  0.9805167317390441
4689.5  0.9619442820549011
4692.1  0.9440513253211975
4694.7  0.9305641651153564
4697.3  0.9221598505973815
4699.9  0.9182166457176208
4702.5  0.9175807833671569
4705.1  0.9188054203987121
4707.7  0.9223254919052124
4710.3  0.9309220910072326
4712.9  0.946074366569519
4715.5  0.9658001661300659
4718.1  0.9869846105575561
4720.7  1.00722599029541
4723.3  1.023866057395935
4725.9  1.033686280250549
4728.5  1.034654855728149
4731.1  1.02734386920929
4733.7  1.015170812606812
4736.3  1.003701329231262
4738.9  0.9983089566230773
4741.5  1.000272154808044
4744.1  1.003955602645874
4746.7  0.9989027380943298
4749.3  0.97810560464859
4751.9  0.9470557570457458
4754.5  0.9232363104820251
4757.1  0.9226195812225341
4759.7  0.9457346200942993
4762.3  0.9791937470436096
4764.9  1.009393692016602
4767.5  1.030722618103027
4770.1  1.041924357414246
4772.7  1.04104745388031
4775.3  1.027785658836365
4777.9  1.008731126785278
4780.5  0.9955908060073852
4783.1  0.9957265257835388
4785.7  1.006350517272949
4788.3  1.01941442489624
4790.9  1.029304265975952
4793.5  1.034507393836975
4796.1  1.035634398460388
4798.7  1.034337401390076
4801.3  1.032357215881348
4803.9  1.030306100845337
4806.5  1.02844512462616
4809.1  1.028024554252625
4811.7  1.029284358024597
4814.3  1.027814030647278
4816.9  1.015624046325684
4819.5  0.988314926624298
4822.1  0.951947808265686
4824.7  0.9212967753410339
4827.3  0.9093819856643676
4829.9  0.9185942411422729
4832.5  0.9416131377220153
4835.1  0.9683855772018432
4837.7  0.9913254380226135
4840.3  1.006271481513977
4842.9  1.011155605316162
4845.5  1.004180073738098
4848.1  0.9830960035324096
4850.7  0.9468650817871093
4853.3  0.8991532325744628
4855.9  0.850005030632019
4858.5  0.8126887083053588
4861.1  0.7970945835113525
4863.7  0.8047564029693603
4866.3  0.8293707966804504
4868.9  0.8623400330543518
4871.5  0.8978895545005798
4874.1  0.9328266382217407
4876.7  0.9629599452018737
4879.3  0.981898546218872
4881.9  0.9842455387115478
4884.5  0.9706932306289672
4887.1  0.9507802724838256
4889.7  0.9391380548477172
4892.3  0.9454058408737182
4894.9  0.9666445255279541
4897.5  0.9907723665237426
4900.1  1.006607294082642
4902.7  1.009791493415833
4905.3  1.00225043296814
4907.9  0.9898784756660461
4910.5  0.9789478182792663
4913.1  0.9708939790725708
4915.7  0.9615261554718017
4918.3  0.9480628967285156
4920.9  0.9345529675483703
4923.5  0.9267303943634033
4926.1  0.9238373637199401
4928.7  0.9203577637672424
4931.3  0.9156706929206848
4933.9  0.9170798659324645
4936.5  0.9299482703208923
4939.1  0.9483215808868408
4941.7  0.960741639137268
4944.3  0.9644397497177124
4946.9  0.968246042728424
4949.5  0.9806275963783264
4952.1  0.9994923472404479
4954.7  1.016101360321045
4957.3  1.025306224822998
4959.9  1.029170155525208
4962.5  1.032664895057678
4965.1  1.038062334060669
4967.7  1.042750120162964
4970.3  1.040163516998291
4972.9  1.022727012634277
4975.5  0.9873626232147216
4978.1  0.941888153553009
4980.7  0.9049104452133178
4983.3  0.8945616483688354
4985.9  0.9147570729255676
4988.5  0.9526274800300598
4991.1  0.9884207248687744
4993.7  1.007205367088318
4996.3  1.003363609313965
4998.9  0.9790709018707275
5001.5  0.943165123462677
5004.1  0.911277949810028
5006.7  0.9000799059867858
5009.3  0.9148001074790954
5011.9  0.9440773725509643
5014.5  0.9713203907012939
5017.1  0.9889112710952758
5019.7  0.9992795586585998
5022.3  1.006836771965027
5024.9  1.013151168823242
5027.5  1.01784086227417
5030.1  1.019748568534851
5032.7  1.016590476036072
5035.3  1.0070481300354
5037.9  0.9952354431152343
5040.5  0.9901915788650512
5043.1  0.9974305033683776
5045.7  1.012744784355164
5048.3  1.027062892913818
5050.9  1.035694599151611
5053.5  1.040472030639648
5056.1  1.044488906860352
5058.7  1.047688841819763
5061.3  1.047873973846436
5063.9  1.043766140937805
5066.5  1.034885168075562
5069.1  1.018547177314758
5071.7  0.99029541015625
5074.3  0.9505723118782043
5076.9  0.9100525379180908
5079.5  0.8848261833190917
5082.1  0.8851708769798278
5084.7  0.9093104004859924
5087.3  0.9457395672798156
5089.9  0.9800137281417846
5092.5  1.002133965492249
5095.1  1.01047432422638
5097.7  1.00859546661377
5100.3  0.998900294303894
5102.9  0.9819216132164001
5105.5  0.9615914821624755
5108.1  0.9463071227073669
5110.7  0.9418031573295593
5113.3  0.9465889930725097
5115.9  0.9565153121948242
5118.5  0.969736635684967
5121.1  0.9852240681648254
5123.7  1.000109910964966
5126.3  1.010436177253723
5128.9  1.013671875
5131.5  1.010842800140381
5134.1  1.006137013435364
5136.7  1.002525687217712
5139.3  0.9977913498878479
5141.9  0.9878322482109069
5144.5  0.9745134711265563
5147.1  0.9665866494178771
5149.7  0.970440924167633
5152.3  0.9817827939987182
5154.9  0.9880468249320983
5157.5  0.9763396382331848
5160.1  0.9394683241844177
5162.7  0.8805327415466308
5165.3  0.8162018656730651
5167.9  0.7719593048095703
5170.5  0.7674006819725036
5173.1  0.8026098012924194
5175.7  0.8582143783569335
5178.3  0.9095907807350158
5180.9  0.9439092278480529
5183.5  0.9651248455047607
5186.1  0.9832231998443603
5188.7  1.001667618751526
5191.3  1.0167475938797
5193.9  1.025089621543884
5196.5  1.027672290802002
5199.1  1.027032017707825
5201.7  1.0236656665802
5204.3  1.016177296638489
5206.9  1.004703879356384
5209.5  0.9934300780296325
5212.1  0.9882150292396545
5214.7  0.9899227023124694
5217.3  0.9901220202445983
5219.9  0.9761647582054138
5222.5  0.9440443515777587
5225.1  0.9072233438491821
5227.7  0.889246642589569
5230.3  0.9037163257598876
5232.9  0.9424421191215515
5235.5  0.9847241044044494
5238.1  1.014880895614624
5240.7  1.028960227966309
5243.3  1.029848456382752
5245.9  1.021844625473023
5248.5  1.009722948074341
5251.1  0.998956561088562
5253.7  0.9938514828681945
5256.3  0.9948322176933288
5258.9  0.9979689121246337
5261.5  0.9982896447181701
5264.1  0.9945160746574401
5266.7  0.9902483224868774
5269.3  0.9896954894065856
5271.9  0.992106556892395
5274.5  0.9913403987884521
5277.1  0.9825192093849182
5279.7  0.96967214345932
5282.3  0.9642356634140014
5284.9  0.9734271764755249
5287.5  0.9913175702095031
5290.1  1.003791093826294
5292.7  1.001764059066772
5295.3  0.9889526963233947
5297.9  0.9778987169265747
5300.5  0.9788907170295715
5303.1  0.9920749068260192
5305.7  1.009402513504028
5308.3  1.022672653198242
5310.9  1.029115557670593
5313.5  1.030330181121826
5316.1  1.027491807937622
5318.7  1.017843842506409
5321.3  0.9964978694915771
5323.9  0.9637598395347595
5326.5  0.9315089583396911
5329.1  0.9181952476501464
5331.7  0.9330355525016784
5334.3  0.9667941331863403
5336.9  1.000865817070007
5339.5  1.022651672363281
5342.1  1.030669808387756
5344.7  1.02986204624176
5347.3  1.026256799697876
5349.9  1.02381157875061
5352.5  1.02185583114624
5355.1  1.013651251792908
5357.7  0.9888612627983093
5360.3  0.9414762258529663
5362.9  0.8802488446235656
5365.5  0.8307035565376281
5368.1  0.8197245001792907
5370.7  0.8533264398574829
5373.3  0.9114998579025268
5375.9  0.9660887122154235
5378.5  1.001265048980713
5381.1  1.017868399620056
5383.7  1.024342060089111
5386.3  1.027374625205994
5388.9  1.028894424438477
5391.5  1.027579784393311
5394.1  1.020936489105225
5396.7  1.006916046142578
5399.3  0.9861599206924438
5401.9  0.9639477133750915
5404.5  0.948660135269165
5407.1  0.946698248386383
5409.7  0.9583045840263366
5412.3  0.9775826930999755
5414.9  0.9958491921424865
5417.5  1.005966663360596
5420.1  1.005141973495483
5422.7  0.9950090646743774
5425.3  0.9803104996681213
5427.9  0.9677997827529907
5430.5  0.964427888393402
5433.1  0.9735704660415649
5435.7  0.9920393228530883
5438.3  1.012125849723816
5440.9  1.027063131332398
5443.5  1.034364581108093
5446.1  1.035048484802246
5448.7  1.031510710716248
5451.3  1.026384353637695
5453.9  1.021959662437439
5456.5  1.019012451171875
5459.1  1.016133308410645
5461.7  1.011439919471741
5464.3  1.00548255443573
5466.9  1.000877737998962
5469.5  0.9984720349311828
5472.1  0.9962032437324523
5474.7  0.9931252002716064
5477.3  0.9917159676551818
5479.9  0.9940279722213745
5482.5  0.997693657875061
5485.1  0.9976911544799804
5487.7  0.9898264408111572
5490.3  0.9718404412269592
5492.9  0.9457302093505859
5495.5  0.9218459725379943
5498.1  0.9152989387512207
5500.7  0.9323985576629638
5503.3  0.9626960754394531
5505.9  0.9883343577384948
5508.5  0.9996399879455566
5511.1  1.000238418579102
5513.7  0.9998975396156311
5516.3  1.004813194274902
5518.9  1.01388144493103
5521.5  1.022210478782654
5524.1  1.02659797668457
5526.7  1.027783036231995
5529.3  1.028650045394897
5531.9  1.031055569648743
5534.5  1.03433358669281
5537.1  1.036571025848389
5539.7  1.036587953567505
5542.3  1.034502029418945
5544.9  1.031146883964539
5547.5  1.02749764919281
5550.1  1.024381756782532
5552.7  1.022354602813721
5555.3  1.021621465682983
5557.9  1.021522283554077
5560.5  1.019738912582398
5563.1  1.01188337802887
5565.7  0.9932575225830078
5568.3  0.9643496870994567
5570.9  0.9360777139663696
5573.5  0.9252735972404479
5576.1  0.9400789141654968
5578.7  0.9713354110717773
5581.3  1.001293420791626
5583.9  1.018298149108887
5586.5  1.021544814109802
5589.1  1.016439914703369
5591.7  1.009485483169556
5594.3  1.005603790283203
5596.9  1.006571531295776
5599.5  1.011041402816773
5602.1  1.016620874404907
5604.7  1.02151370048523
5607.3  1.024394035339356
5609.9  1.023972749710083
5612.5  1.019703507423401
5615.1  1.012895584106445
5617.7  1.006585717201233
5620.3  1.003649950027466
5622.9  1.004914283752441
5625.5  1.009268879890442
5628.1  1.015097379684448
5630.7  1.020813703536987
5633.3  1.024493098258972
5635.9  1.024119973182678
5638.5  1.018788814544678
5641.1  1.009984731674194
5643.7  1.001404523849487
5646.3  0.9961723685264587
5648.9  0.9929703474044799
5651.5  0.9859037399291992
5654.1  0.970440924167633
5656.7  0.9501435756683349
5659.3  0.9354087114334106
5661.9  0.9339295029640197
5664.5  0.9441033601760864
5667.1  0.9591592550277709
5669.7  0.9747107625007629
5672.3  0.989627718925476
5674.9  1.002387523651123
5677.5  1.010588765144348
5680.1  1.01375937461853
5682.7  1.014144539833069
5685.3  1.01395571231842
5687.9  1.012919068336487
5690.5  1.009142279624939
5693.1  1.001835703849792
5695.7  0.9920328259468078
5698.3  0.9807971119880676
5700.9  0.9684916138648986
5703.5  0.9570217728614807
5706.1  0.951241135597229
5708.7  0.9555912613868713
5711.3  0.9691455364227294
5713.9  0.9856281280517578
5716.5  0.9986768960952758
5719.1  1.006153583526611
5721.7  1.009763121604919
5724.3  1.012139558792114
5726.9  1.014703631401062
5729.5  1.017272830009461
5732.1  1.01860523223877
5734.7  1.017354369163513
5737.3  1.013402462005615
5739.9  1.008804202079773
5742.5  1.006772637367249
5745.1  1.008919358253479
5747.7  1.013769745826721
5750.3  1.018334627151489
5752.9  1.020443916320801
5755.5  1.018449425697327
5758.1  1.008020758628845
5760.7  0.9779513478279113
5763.3  0.9093043804168701
5765.9  0.7843762040138244
5768.5  0.6049966216087341
5771.1  0.4030976891517639
5773.7  0.2255516350269318
5776.3  0.1037653610110283
5778.9  0.03865377977490425
5781.5  0.01153090596199036
5784.1  0.002729590516537428
5786.7  5.051089683547616E-4
5789.3  6.707356078550219E-5
5791.9  0.
5794.5  0.
5797.1  0.
5799.7  0.
5802.3  0.
5804.9  0.
5807.5  0.
5810.1  0.
5812.7  0.
5815.3  0.
5817.9  0.
5820.5  6.966503860894590E-5
5823.1  5.235990392975509E-4
5825.7  0.002828771946951747
5828.3  0.01194559223949909
5830.9  0.04002310335636139
5833.5  0.1073398441076279
5836.1  0.2329876273870468
5838.7  0.4153330326080322
5841.3  0.6203667521476745
5843.9  0.7969802021980285
5846.5  0.9094483256340026
5849.1  0.9565171003341674
5851.7  0.9638522267341613
5854.3  0.9625544548034667
5856.9  0.9709455370903015
5859.5  0.9895632266998291
5862.1  1.009510636329651
5864.7  1.023799300193787
5867.3  1.031491279602051
5869.9  1.034841537475586
5872.5  1.035866022109985
5875.1  1.034855246543884
5877.7  1.0297691822052
5880.3  1.015498280525208
5882.9  0.9857027530670166
5885.5  0.9403370022773742
5888.1  0.893871784210205
5890.7  0.8703962564468383
5893.3  0.8835311532020568
5895.9  0.9224084615707397
5898.5  0.9618037939071655
5901.1  0.9844178557395935
5903.7  0.9913089871406555
5906.3  0.9942944645881652
5908.9  1.0021733045578
5911.5  1.014355540275574
5914.1  1.025211215019226
5916.7  1.031255125999451
5919.3  1.033267021179199
5921.9  1.033665418624878
5924.5  1.034043312072754
5927.1  1.034699559211731
5929.7  1.03530490398407
5932.3  1.03562605381012
5934.9  1.035839080810547
5937.5  1.036257028579712
5940.1  1.036911964416504
5942.7  1.037452459335327
5945.3  1.037442445755005
5947.9  1.036747813224793
5950.5  1.035698533058167
5953.1  1.034880518913269
5955.7  1.034664630889893
5958.3  1.034923434257507
5960.9  1.035242795944214
5963.5  1.035289764404297
5966.1  1.03483784198761
5968.7  1.033318758010864
5971.3  1.029419422149658
5973.9  1.021230936050415
5976.5  1.007357597351074
5979.1  0.9889733791351318
5981.7  0.9711108207702636
5984.3  0.9603660702705383
5986.9  0.9598277807235717
5989.5  0.9670034050941467
5992.1  0.977241575717926
5994.7  0.9876208901405334
5997.3  0.9971576929092407
5999.9  1.00525164604187
6002.5  1.010931372642517
6005.1  1.012896180152893
6007.7  1.009997606277466
6010.3  1.001709938049316
6012.9  0.9884662628173828
6015.5  0.9725787043571472
6018.1  0.9595842361450195
6020.7  0.9565688371658325
6023.3  0.9663096070289611
6025.9  0.9837806820869445
6028.5  1.000447630882263
6031.1  1.011139512062073
6033.7  1.015740990638733
6036.3  1.016226887702942
6038.9  1.014139890670776
6041.5  1.01052451133728
6044.1  1.006780624389649
6046.7  1.004526138305664
6049.3  1.004457950592041
6051.9  1.005816698074341
6054.5  1.007381796836853
6057.1  1.008633255958557
6059.7  1.00978147983551
6062.3  1.011118769645691
6064.9  1.012657761573792
6067.5  1.014186263084412
6070.1  1.015403747558594
6072.7  1.015978574752808
6075.3  1.015587329864502
6077.9  1.013978838920593
6080.5  1.011008262634277
6083.1  1.006732940673828
6085.7  1.001798510551453
6088.3  0.9976217150688171
6090.9  0.9953365921974182
6093.5  0.9937471151351928
6096.1  0.9891496896743774
6098.7  0.9790605306625366
6101.3  0.9663072824478149
6103.9  0.957436978816986
6106.5  0.9559502601623535
6109.1  0.9589832425117492
6111.7  0.9619862437248229
6114.3  0.9646462798118591
6116.9  0.970234215259552
6119.5  0.9802456498146057
6122.1  0.9914835691452026
6124.7  0.9984799623489379
6127.3  0.997643768787384
6129.9  0.9892422556877136
6132.5  0.9771601557731628
6135.1  0.9675145745277404
6137.7  0.9658647775650024
6140.3  0.9733950495719909
6142.9  0.9854328036308288
6145.5  0.9943953156471252
6148.1  0.9943621158599853
6150.7  0.9842995405197143
6153.3  0.9694661498069763
6155.9  0.9594647288322448
6158.5  0.9615982174873352
6161.1  0.9745835065841674
6163.7  0.9896824359893798
6166.3  0.9982498884201049
6168.9  0.998024046421051
6171.5  0.9936041831970214
6174.1  0.9918749928474426
6176.7  0.9958969354629516
6179.3  1.002202033996582
6181.9  1.003527522087097
6184.5  0.9942377805709838
6187.1  0.9750944375991821
6189.7  0.9551207423210144
6192.3  0.9469634890556335
6194.9  0.9565082192420959
6197.5  0.9773182272911071
6200.1  0.9972783327102661
6202.7  1.009239315986633
6205.3  1.013553977012634
6207.9  1.013092279434204
6210.5  1.009474158287048
6213.1  1.004128217697144
6215.7  0.9997779130935668
6218.3  0.9984254240989685
6220.9  0.9982438087463378
6223.5  0.9941133856773376
6226.1  0.9825957417488098
6228.7  0.9664117097854614
6231.3  0.9526712894439697
6233.9  0.9459947943687438
6236.5  0.9447002410888671
6239.1  0.944148302078247
6241.7  0.9420874714851379
6244.3  0.940759003162384
6246.9  0.9449127316474914
6249.5  0.9570446014404296
6252.1  0.9744708538055419
6254.7  0.9920371174812316
6257.3  1.006521582603455
6259.9  1.017376661300659
6262.5  1.02491295337677
6265.1  1.029350280761719
6267.7  1.030877351760864
6270.3  1.029707193374634
6272.9  1.026244044303894
6275.5  1.021505236625671
6278.1  1.017169833183289
6280.7  1.014918923377991
6283.3  1.015513300895691
6285.9  1.018369555473328
6288.5  1.021931767463684
6291.1  1.024558424949646
6293.7  1.025339603424072
6296.3  1.024399280548096
6298.9  1.022611975669861
6301.5  1.020868897438049
6304.1  1.019364356994629
6306.7  1.017667174339294
6309.3  1.015599966049194
6311.9  1.013792514801026
6314.5  1.013134717941284
6317.1  1.013934850692749
6319.7  1.01573646068573
6322.3  1.017570972442627
6324.9  1.018305540084839
6327.5  1.017307043075562
6330.1  1.015103936195374
6332.7  1.013078331947327
6335.3  1.012178540229797
6337.9  1.012097120285034
6340.5  1.011909365653992
6343.1  1.011198997497559
6345.7  1.010231971740723
6348.3  1.009267687797546
6350.9  1.00811505317688
6353.5  1.006405711174011
6356.1  1.004164695739746
6358.7  1.002125263214111
6361.3  1.001374483108521
6363.9  1.002422571182251
6366.5  1.004646420478821
6369.1  1.006854891777039
6371.7  1.008315086364746
6374.3  1.009093642234802
6376.9  1.009667992591858
6379.5  1.010481119155884
6382.1  1.011716365814209
6384.7  1.013188242912293
6387.3  1.014376282691956
6389.9  1.014692187309265
6392.5  1.013829588890076
6395.1  1.011917948722839
6397.7  1.009353756904602
6400.3  1.006506085395813
6402.9  1.003658890724182
6405.5  1.001257181167603
6408.1  0.9998798966407775
6410.7  0.9996519088745117
6413.3  1.00005853176117
6415.9  1.000442266464234
6418.5  0.9998238086700439
6421.1  0.9956054091453552
6423.7  0.983915090560913
6426.3  0.9638270139694213
6428.9  0.9420037865638732
6431.5  0.9303696751594543
6434.1  0.9361082911491394
6436.7  0.9547075629234313
6439.3  0.9745391607284545
6441.9  0.9868394136428833
6444.5  0.9902594685554504
6447.1  0.9884265065193176
6449.7  0.9855883717536926
6452.3  0.984103500843048
6454.9  0.9845424890518188
6457.5  0.9868952631950378
6460.1  0.9909309744834899
6462.7  0.9957800507545471
6465.3  1.00020432472229
6467.9  1.003253221511841
6470.5  1.004356622695923
6473.1  1.003021001815796
6475.7  0.998867392539978
6478.3  0.9923712611198425
6480.9  0.9856383204460144
6483.5  0.981558620929718
6486.1  0.9811078906059265
6488.7  0.9820185899734497
6491.3  0.9813886880874633
6493.9  0.9793270230293273
6496.5  0.9787867069244384
6499.1  0.9817669987678527
6501.7  0.9869069457054138
6504.3  0.9912556409835815
6506.9  0.9933698773384094
6509.5  0.9939572215080261
6512.1  0.9942375421524047
6514.7  0.9945589900016784
6517.3  0.9944987893104553
6519.9  0.9936301112174987
6522.5  0.9920198917388916
6525.1  0.9903162121772766
6527.7  0.9893792271614074
6530.3  0.9895355701446533
6532.9  0.9901309013366699
6535.5  0.9900130629539489
6538.1  0.9883610606193542
6540.7  0.9848546385765075
6543.3  0.9791812300682067
6545.9  0.9705374836921691
6548.5  0.957306683063507
6551.1  0.9369972944259643
6553.7  0.9068984985351562
6556.3  0.8665190339088439
6558.9  0.8217456340789794
6561.5  0.786750853061676
6564.1  0.7776368856430053
6566.7  0.7999440431594848
6569.3  0.843165099620819
6571.9  0.8895027637481689
6574.5  0.926630675792694
6577.1  0.9517356157302856
6579.7  0.9674413800239562
6582.3  0.9772688746452331
6584.9  0.9839411973953247
6587.5  0.9892352819442749
6590.1  0.9940221309661865
6592.7  0.9984322786331176
6595.3  1.002225399017334
6597.9  1.005239009857178
6600.5  1.007582664489746
6603.1  1.009553909301758
6605.7  1.011431217193604
6608.3  1.013284921646118
6610.9  1.014937520027161
6613.5  1.016119599342346
6616.1  1.016708135604858
6618.7  1.016737103462219
6621.3  1.016102433204651
6623.9  1.014307379722595
6626.5  1.010764241218567
6629.1  1.005721688270569
6631.7  1.00096070766449
6634.3  0.9990193843841552
6636.9  1.001144409179688
6639.5  1.006153583526611
6642.1  1.011608362197876
6644.7  1.015772342681885
6647.3  1.018259763717651
6649.9  1.019430279731751
6652.5  1.019785404205322
6655.1  1.019790291786194
6657.7  1.019770860671997
6660.3  1.019794225692749
6662.9  1.019745349884033
6665.5  1.019514918327332
6668.1  1.018926620483398
6670.7  1.01756763458252
6673.3  1.015248417854309
6675.9  1.012885808944702
6678.5  1.012307524681091
6681.1  1.014463186264038
6683.7  1.018041133880615
6686.3  1.020263075828552
6688.9  1.018909811973572
6691.5  1.013826251029968
6694.1  1.007280468940735
6696.7  1.002851843833923
6699.3  1.002944350242615
6701.9  1.006917834281921
6704.5  1.011916041374207
6707.1  1.015399932861328
6709.7  1.016555547714233
6712.3  1.015674352645874
6714.9  1.013072490692139
6717.5  1.009180426597595
6720.1  1.00538170337677
6722.7  1.00375771522522
6725.3  1.005370974540711
6727.9  1.009184718132019
6730.5  1.013123035430908
6733.1  1.01581621170044
6735.7  1.017091035842896
6738.3  1.017383098602295
6740.9  1.017199635505676
6743.5  1.016945958137512
6746.1  1.016853332519531
6748.7  1.016908884048462
6751.3  1.016883850097656
6753.9  1.016518473625183
6756.5  1.015774369239807
6759.1  1.014941215515137
6761.7  1.014439225196838
6764.3  1.014435768127441
6766.9  1.014666438102722
6769.5  1.01468825340271
6772.1  1.014201760292053
6774.7  1.013020396232605
6777.3  1.010887145996094
6779.9  1.007697701454163
6782.5  1.004084944725037
6785.1  1.001527428627014
6787.7  1.001386761665344
6790.3  1.00364899635315
6792.9  1.006847143173218
6795.5  1.00930118560791
6798.1  1.010143160820007
6800.7  1.009083390235901
6803.3  1.005848288536072
6805.9  1.000678062438965
6808.5  0.9953885674476623
6811.1  0.9929138422012329
6813.7  0.9947385191917419
6816.3  0.9989497661590576
6818.9  1.001293420791626
6821.5  0.9982468485832214
6824.1  0.989757478237152
6826.7  0.9800519347190856
6829.3  0.9750370979309082
6831.9  0.9772632718086242
6834.5  0.9837720990180969
6837.1  0.9898105263710021
6839.7  0.9935670495033264
6842.3  0.9962289333343505
6844.9  0.9988861680030822
6847.5  1.0008944272995
6850.1  1.000770688056946
6852.7  0.9970986247062683
6855.3  0.9877881407737731
6857.9  0.9676812887191772
6860.5  0.9278642535209655
6863.1  0.8614416122436523
6865.7  0.7748381495475769
6868.3  0.6927652359008789
6870.9  0.6457854509353637
6873.5  0.6480782032012939
6876.1  0.6857861876487731
6878.7  0.7277220487594604
6881.3  0.7505678534507751
6883.9  0.7574626803398132
6886.5  0.7714020609855651
6889.1  0.8079679012298583
6891.7  0.8575950860977172
6894.3  0.8967639207839965
6896.9  0.9109977483749389
6899.5  0.9040161371231079
6902.1  0.8915829062461853
6904.7  0.8899808526039123
6907.3  0.9053468108177185
6909.9  0.9305652379989624
6912.5  0.953737735748291
6915.1  0.9690256118774414
6917.7  0.9781656861305236
6920.3  0.9848151803016662
6922.9  0.9904629588127136
6925.5  0.9947353601455688
6928.1  0.9971143007278442
6930.7  0.9977334737777709
6933.3  0.9971991777420043
6935.9  0.9959501028060913
6938.5  0.9940159916877746
6941.1  0.9914308786392211
6943.7  0.988770306110382
6946.3  0.9870680570602416
6948.9  0.9870367050170898
6951.5  0.9884354472160339
6954.1  0.9903652667999267
6956.7  0.9921514987945556
6959.3  0.9937223196029663
6961.9  0.9952145814895629
6964.5  0.9965472221374511
6967.1  0.9974238276481628
6969.7  0.9975364208221435
6972.3  0.996818721294403
6974.9  0.9957484602928161
6977.5  0.9952649474143981
6980.1  0.9960305094718933
6982.7  0.9977593421936035
6985.3  0.9994428753852844
6987.9  1.000179052352905
6990.5  0.9997264742851257
6993.1  0.9984364509582519
6995.7  0.996759295463562
6998.3  0.9946882128715515
7000.9  0.9917147755622863
7003.5  0.9876314401626586
7006.1  0.9834913611412048
7008.7  0.9812005758285522
7011.3  0.9816702008247375
7013.9  0.9837480187416076
7016.5  0.9854312539100646
7019.1  0.9858027100563049
7021.7  0.9854569435119628
7024.3  0.9854141473770141
7026.9  0.985921561717987
7029.5  0.9862794876098632
7032.1  0.9858182072639465
7034.7  0.9849222302436828
7037.3  0.9847570657730102
7039.9  0.9859238266944885
7042.5  0.9878199696540832
7045.1  0.9894681572914123
7047.7  0.9905386567115783
7050.3  0.9913219213485717
7052.9  0.9920793771743774
7055.5  0.9927490949630737
7058.1  0.9931932091712951
7060.7  0.9935292601585388
7063.3  0.9941048622131347
7065.9  0.995116114616394
7068.5  0.9962511658668518
7071.1  0.996769905090332
7073.7  0.9958912730216979
7076.3  0.993204116821289
7078.9  0.9890986680984497
7081.5  0.9850651025772094
7084.1  0.9830850958824157
7086.7  0.9840646982192993
7089.3  0.9869628548622131
7091.9  0.9898350238800048
7094.5  0.9915226697921752
7097.1  0.9921026825904846
7099.7  0.9920998215675354
7102.3  0.9916507601737976
7104.9  0.990302562713623
7107.5  0.9872764945030212
7110.1  0.9818641543388366
7112.7  0.9737348556518554
7115.3  0.9632750749588012
7117.9  0.9520954489707946
7120.5  0.9431897401809692
7123.1  0.9398290514945983
7125.7  0.9435222148895263
7128.3  0.9529452323913574
7130.9  0.9648751020431518
7133.5  0.9759501814842224
7136.1  0.9837868213653564
7138.7  0.9871111512184143
7141.3  0.9856216311454772
7143.9  0.9804113507270812
7146.5  0.9745063185691833
7149.1  0.9717717170715332
7151.7  0.974049687385559
7154.3  0.9795171618461608
7156.9  0.9844422340393066
7159.5  0.9860910773277282
7162.1  0.9835515022277832
7164.7  0.9768503308296203
7167.3  0.9666864275932312
7169.9  0.9551485776901245
7172.5  0.9452649354934692
7175.1  0.9385030269622802
7177.7  0.9321849346160888
7180.3  0.9202486276626586
7182.9  0.8985934257507324
7185.5  0.8713058829307556
7188.1  0.8505428433418273
7190.7  0.8478903770446777
7193.3  0.8651203513145446
7195.9  0.8933385014533996
7198.5  0.9203503131866455
7201.1  0.9389426708221435
7203.7  0.949456512928009
7206.3  0.9559894204139709
7208.9  0.9609430432319641
7211.5  0.9628742337226867
7214.1  0.9584910869598388
7216.7  0.9464881420135498
7219.3  0.93014657497406
7221.9  0.9167307019233703
7224.5  0.9133659601211547
7227.1  0.9222242832183837
7229.7  0.9391274452209472
7232.3  0.956863522529602
7234.9  0.9698764681816101
7237.5  0.9763899445533752
7240.1  0.9776337146759033
7242.7  0.9761175513267517
7245.3  0.9741560220718383
7247.9  0.9730130434036254
7250.5  0.9729843735694885
7253.1  0.974053680896759
7255.7  0.9761067032814025
7258.3  0.9786474704742431
7260.9  0.9808311462402343
7263.5  0.9818884134292602
7266.1  0.9813997745513916
7268.7  0.9793038964271545
7271.3  0.9759444594383239
7273.9  0.9720134735107421
7276.5  0.9679003357887268
7279.1  0.9625993967056274
7281.7  0.9538205862045288
7284.3  0.9406248331069946
7286.9  0.9265292286872863
7289.5  0.9185902476310729
7292.1  0.9217047691345214
7294.7  0.9340162873268127
7297.3  0.9488088488578796
7299.9  0.9603202939033508
7302.5  0.9669204354286193
7305.1  0.9697422385215759
7307.7  0.9701400995254516
7310.3  0.969028890132904
7312.9  0.9676195979118347
7315.5  0.9675924777984619
7318.1  0.9701126217842102
7320.7  0.9746554493904113
7323.3  0.9791824221611022
7325.9  0.9818688631057739
7328.5  0.9825775027275085
7331.1  0.9824309349060058
7333.7  0.9822596907615661
7336.3  0.9817838072776794
7338.9  0.980055809020996
7341.5  0.9762530922889709
7344.1  0.9701765775680541
7346.7  0.9627213478088378
7349.3  0.9561883807182312
7351.9  0.9532082676887512
7354.5  0.9543193578720092
7357.1  0.957142949104309
7359.7  0.9589697122573852
7362.3  0.9597251415252685
7364.9  0.9615031480789184
7367.5  0.9656228423118591
7370.1  0.9711178541183471
7372.7  0.9759164452552795
7375.3  0.9785597920417785
7377.9  0.9785946607589721
7380.5  0.9761335253715515
7383.1  0.9718649387359619
7385.7  0.9674826264381408
7388.3  0.9652695655822753
7390.9  0.9663611054420471
7393.5  0.969290554523468
7396.1  0.9704000353813171
7398.7  0.9660395979881286
7401.3  0.9555162191390991
7403.9  0.9428651332855224
7406.5  0.9344255328178405
7409.1  0.9328521490097045
7411.7  0.9346436262130737
7414.3  0.9353795051574707
7416.9  0.9358479380607604
7419.5  0.9405771493911743
7422.1  0.9513286352157592
7424.7  0.9645930528640747
7427.3  0.9754021167755126
7429.9  0.9816293716430664
7432.5  0.9842303991317749
7435.1  0.9848781824111938
7437.7  0.9842068552970886
7440.3  0.9819744229316711
7442.9  0.9783341884613037
7445.5  0.9747604131698608
7448.1  0.9733754396438598
7450.7  0.9750487208366394
7453.3  0.9784793853759765
7455.9  0.9814732074737548
7458.5  0.9827998876571655
7461.1  0.9826189875602722
7463.7  0.9816438555717468
7466.3  0.9804083108901977
7468.9  0.9792308211326599
7471.5  0.9784576296806335
7474.1  0.9784466624259948
7476.7  0.97923344373703
7479.3  0.980258822441101
7481.9  0.9804977178573608
7484.5  0.9790402650833129
7487.1  0.9759809970855712
7489.7  0.9730091094970703
7492.3  0.9725748300552368
7494.9  0.9756882786750793
7497.5  0.9806297421455383
7500.1  0.9843738079071044
7502.7  0.9852654933929443
7505.3  0.9841721057891845
7507.9  0.9831683635711669
7510.5  0.9830942749977111
7513.1  0.9821879863739013
7515.7  0.9773195385932922
7518.3  0.9673150777816772
7520.9  0.9556635022163391
7523.5  0.9491072297096252
7526.1  0.9520980715751647
7528.7  0.9627159833908081
7531.3  0.9747914671897888
7533.9  0.9831854104995727
7536.5  0.98618084192276
7539.1  0.9843356013298034
7541.7  0.9793124794960021
7544.3  0.9739216566085815
7546.9  0.9714308977127075
7549.5  0.973389446735382
7552.1  0.9784287214279174
7554.7  0.9837291836738586
7557.3  0.9872913360595703
7559.9  0.9886060953140258
7562.5  0.9880616664886474
7565.1  0.9865080714225769
7567.7  0.9851155877113342
7570.3  0.9848946332931518
7572.9  0.9859735369682312
7575.5  0.9874933362007141
7578.1  0.9877489805221557
7580.7  0.9831671118736267
7583.3  0.9657918214797973
7585.9  0.92266446352005
7588.5  0.8421764969825744
7591.1  0.7253333926200866
7593.7  0.5894509553909301
7596.3  0.4572116732597351
7598.9  0.3445863723754883
7601.5  0.2619662582874298
7604.1  0.2200543135404587
7606.7  0.2279542684555054
7609.3  0.2884342670440674
7611.9  0.3954662978649139
7614.5  0.5296692252159118
7617.1  0.6571050882339477
7619.7  0.7432169318199157
7622.3  0.773996889591217
7624.9  0.7618200778961181
7627.5  0.730838656425476
7630.1  0.6982937455177307
7632.7  0.668902575969696
7635.3  0.6440235376358032
7637.9  0.6321375370025634
7640.5  0.64619642496109
7643.1  0.6891618967056274
7645.7  0.7468253374099731
7648.3  0.799301266670227
7650.9  0.8372020125389099
7653.5  0.8642928600311279
7656.1  0.8883320093154907
7658.7  0.91289883852005
7661.3  0.9363320469856262
7663.9  0.9551421403884887
7666.5  0.9674057960510253
7669.1  0.9740986824035644
7671.7  0.9779697656631469
7674.3  0.9811710119247436
7676.9  0.9831221103668212
7679.5  0.9798306822776794
7682.1  0.9658873677253723
7684.7  0.9398751854896545
7687.3  0.9101611375808715
7689.9  0.8929159045219421
7692.5  0.8997771143913269
7695.1  0.9271939396858215
7697.7  0.9603024125099182
7700.3  0.9859424829483032
7702.9  0.9998752474784851
7705.5  1.004385709762573
7708.1  1.00340723991394
7710.7  1.000257968902588
7713.3  0.9972973465919494
7715.9  0.9957203269004821
7718.5  0.9955058097839355
7721.1  0.9959735870361328
7723.7  0.9966175556182861
7726.3  0.9973336458206176
7728.9  0.9980816841125488
7731.5  0.9987068176269531
7734.1  0.9989073872566223
7736.7  0.9979057312011718
7739.3  0.9939204454421997
7741.9  0.9847535490989685
7744.5  0.9704826474189758
7747.1  0.9561327099800109
7749.7  0.9496732354164123
7752.3  0.9551782608032226
7754.9  0.9687805771827697
7757.5  0.9827462434768676
7760.1  0.9922404289245605
7762.7  0.9971040487289428
7765.3  0.9991098642349243
7767.9  0.9996671080589294
7770.5  0.9997309446334838
7773.1  1.000288605690003
7775.7  1.002103805541992
7778.3  1.005211114883423
7780.9  1.008935570716858
7783.5  1.012443542480469
7786.1  1.015187859535217
7788.7  1.016978859901428
7791.3  1.017838358879089
7793.9  1.017906785011292
7796.5  1.017405390739441
7799.1  1.01647675037384
7801.7  1.014933347702026
7804.3  1.012313008308411
7806.9  1.008536458015442
7809.5  1.004599928855896
7812.1  1.002161622047424
7814.7  1.002053737640381
7817.3  1.003278255462647
7819.9  1.003542184829712
7822.5  1.000382423400879
7825.1  0.9922279119491577
7827.7  0.9800060391426086
7830.3  0.9684396982192993
7832.9  0.9639925360679626
7835.5  0.9695381522178649
7838.1  0.9814932942390441
7840.7  0.9931541085243225
7843.3  1.000005125999451
7845.9  1.001393795013428
7848.5  0.9989290237426757
7851.1  0.9949227571487426
7853.7  0.9917805194854736
7856.3  0.9913007020950317
7858.9  0.9937525987625122
7861.5  0.9978733658790588
7864.1  1.002002954483032
7866.7  1.005178809165955
7869.3  1.00726854801178
7871.9  1.008585214614868
7874.5  1.009592533111572
7877.1  1.010756969451904
7879.7  1.01239800453186
7882.3  1.014487743377686
7884.9  1.016512155532837
7887.5  1.017666578292847
7890.1  1.01740550994873
7892.7  1.015886783599854
7895.3  1.013920783996582
7897.9  1.01246976852417
7900.5  1.012014269828796
7903.1  1.012224197387695
7905.7  1.012268662452698
7908.3  1.011554956436157
7910.9  1.010186910629272
7913.5  1.008709192276001
7916.1  1.007399201393127
7918.7  1.005802154541016
7921.3  1.002965450286865
7923.9  0.9982790946960449
7926.5  0.9923700094223022
7929.1  0.9871413111686706
7931.7  0.9842733144760131
7934.3  0.9830012321472167
7936.9  0.9800511598587036
7939.5  0.9732416272163391
7942.1  0.965274691581726
7944.7  0.9623610973358154
7947.3  0.968158483505249
7949.9  0.9800352454185485
7952.5  0.9918731451034545
7955.1  0.9993914365768432
7957.7  1.002313017845154
7960.3  1.002869606018066
7962.9  1.003373622894287
7965.5  1.004870772361755
7968.1  1.007247805595398
7970.7  1.010055065155029
7973.3  1.013045191764832
7975.9  1.01610279083252
7978.5  1.019043922424316
7981.1  1.0215904712677
7983.7  1.023483991622925
7986.3  1.024574995040894
7988.9  1.02476954460144
7991.5  1.02391242980957
7994.1  1.021845936775208
7996.7  1.018600821495056
7999.3  1.014464020729065
8001.9  1.00996744632721
8004.5  1.005970001220703
8007.1  1.003483295440674
8009.7  1.002979159355164
8012.3  1.003917574882507
8014.9  1.005088806152344
8017.5  1.005201935768127
8020.1  1.003419876098633
8022.7  1.000175952911377
8025.3  0.9975178837776184
8027.9  0.9977251887321472
8030.5  1.001134157180786
8033.1  1.005751013755798
8035.7  1.009110450744629
8038.3  1.0100257396698
8040.9  1.008717894554138
8043.5  1.006198167800903
8046.1  1.00386393070221
8048.7  1.003023505210876
8051.3  1.004186868667603
8053.9  1.006799340248108
8056.5  1.009744048118591
8059.1  1.011957049369812
8061.7  1.012657999992371
8064.3  1.011490702629089
8066.9  1.008880734443665
8069.5  1.006184220314026
8072.1  1.004996180534363
8074.7  1.005898833274841
8077.3  1.007986545562744
8079.9  1.009857058525086
8082.5  1.010957717895508
8085.1  1.011825084686279
8087.7  1.013237714767456
8090.3  1.015369892120361
8092.9  1.017674446105957
8095.5  1.019424796104431
8098.1  1.020326972007752
8100.7  1.02060329914093
8103.3  1.020482778549194
8105.9  1.019827008247376
8108.5  1.018453001976013
8111.1  1.016740441322327
8113.7  1.015612483024597
8116.3  1.015711784362793
8118.9  1.016726136207581
8121.5  1.017643094062805
8124.1  1.017570495605469
8126.7  1.016269445419312
8129.3  1.014166355133057
8131.9  1.012052893638611
8134.5  1.010615468025208
8137.1  1.009986877441406
8139.7  1.009718060493469
8142.3  1.009269952774048
8144.9  1.008496642112732
8147.5  1.007546663284302
8150.1  1.006413340568542
8152.7  1.00491726398468
8155.3  1.003219485282898
8157.9  1.001932382583618
8160.5  1.001436948776245
8163.1  1.001188516616821
8165.7  0.9997117519378662
8168.3  0.9947462677955627
8170.9  0.9837304353713989
8173.5  0.9658451676368713
8176.1  0.9447979927062988
8178.7  0.9281854629516601
8181.3  0.9221819043159484
8183.9  0.9271853566169738
8186.5  0.9393748641014099
8189.1  0.9549170732498168
8191.7  0.9713407754898071
8194.3  0.9865718483924865
8196.9  0.9990010857582092
8199.5  1.008304834365845
8202.1  1.014873147010803
8204.7  1.018434643745422
8207.3  1.017821311950684
8209.9  1.012094616889954
8212.5  1.002090215682983
8215.1  0.9908974170684814
8217.7  0.9816847443580627
8220.3  0.9742515087127685
8222.9  0.965377390384674
8225.5  0.9541612267494201
8228.1  0.9454296827316284
8230.7  0.9457921385765075
8233.3  0.9569783210754394
8235.9  0.9740164875984191
8238.5  0.9889583587646484
8241.1  0.995985209941864
8243.7  0.9944396018981933
8246.3  0.9884127974510192
8248.9  0.9830039143562316
8251.5  0.9801686406135559
8254.1  0.9785459637641906
8256.7  0.9774044156074523
8259.3  0.9787822365760803
8261.9  0.984586477279663
8264.5  0.9933701753616333
8267.1  1.001641869544983
8269.7  1.007255911827087
8272.3  1.010402202606201
8274.9  1.012096524238586
8277.5  1.012658357620239
8280.1  1.011508464813233
8282.7  1.008224844932556
8285.3  1.003775000572205
8287.9  1.000418186187744
8290.5  0.9999262690544128
8293.1  1.002082943916321
8295.7  1.005132913589478
8298.3  1.007364988327026
8300.9  1.007964372634888
8303.5  1.006953477859497
8306.1  1.005192875862122
8308.7  1.004429459571838
8311.3  1.00640881061554
8313.9  1.011244297027588
8316.5  1.017012476921082
8319.1  1.021336793899536
8321.7  1.023072719573975
8324.3  1.022491097450256
8326.9  1.020596265792847
8329.5  1.018505334854126
8332.1  1.016939043998718
8334.7  1.015993714332581
8337.3  1.015437483787537
8339.9  1.015105605125427
8342.5  1.014929294586182
8345.1  1.0149245262146
8347.7  1.015258193016052
8350.3  1.016040802001953
8352.9  1.017006039619446
8355.5  1.017688274383545
8358.1  1.017911076545715
8360.7  1.017829298973084
8363.3  1.017532467842102
8365.9  1.016860127449036
8368.5  1.015658617019653
8371.1  1.014151811599731
8373.7  1.013009071350098
8376.3  1.012957096099854
8378.9  1.014195442199707
8381.5  1.016168117523193
8384.1  1.01797354221344
8386.7  1.018988490104675
8389.3  1.019070863723755
8391.9  1.018255591392517
8394.5  1.01651930809021
8397.1  1.014117121696472
8399.7  1.012101650238037
8402.3  1.012001037597656
8404.9  1.01444947719574
8407.5  1.018250942230225
8410.1  1.021246910095215
8412.7  1.022146940231323
8415.3  1.021421194076538
8417.9  1.020719051361084
8420.5  1.021604299545288
8423.1  1.024485349655151
8425.7  1.028234958648682
8428.3  1.030829071998596
8430.9  1.030806303024292
8433.5  1.028552889823914
8436.1  1.026155948638916
8438.7  1.025619149208069
8441.3  1.027122974395752
8443.9  1.029161214828491
8446.5  1.030174016952515
8449.1  1.02978253364563
8451.7  1.02863359451294
8454.3  1.027449250221253
8456.9  1.026315569877625
8459.5  1.024696350097656
8462.1  1.021929502487183
8464.7  1.017844796180725
8467.3  1.013236999511719
8469.9  1.009719014167786
8472.5  1.008535504341126
8475.1  1.00931715965271
8477.7  1.010523915290833
8480.3  1.011316657066345
8482.9  1.011979460716248
8485.5  1.011794567108154
8488.1  1.007137894630432
8490.7  0.9932972192764282
8493.3  0.9699133038520812
8495.9  0.945139467716217
8498.5  0.9320803880691528
8501.1  0.9382130503654479
8503.7  0.9587185978889465
8506.3  0.9816076755523681
8508.9  0.9978055357933044
8511.5  1.005292892456055
8514.1  1.006584167480469
8516.7  1.005326271057129
8519.3  1.004392266273499
8521.9  1.004547715187073
8524.5  1.003265619277954
8527.1  0.9937813282012939
8529.7  0.9633724689483642
8532.3  0.8933396935462951
8534.9  0.7674823403358459
8537.5  0.5892207622528076
8540.1  0.3907944858074188
8542.7  0.2177764624357224
8545.3  0.0998464748263359
8547.9  0.03709232434630394
8550.5  0.01104157976806164
8553.1  0.002609401475638151
8555.7  4.819610039703548E-4
8558.3  6.373988435370847E-5
8560.9  0.
8563.5  0.
8566.1  0.
8568.7  0.
8571.3  0.
8573.9  0.
8576.5  0.
8579.1  0.
8581.7  0.
8584.3  0.
8586.9  0.
8589.5  0.
8592.1  0.
8594.7  0.
8597.3  0.
8599.9  0.
8602.5  0.
8605.1  0.
8607.7  0.
8610.3  0.
8612.9  0.
8615.5  0.
8618.1  0.
8620.7  0.
8623.3  0.
8625.9  0.
8628.5  0.
8631.1  0.
8633.7  0.
8636.3  0.
8638.9  0.
8641.5  4.328492650529370E-5
8644.1  3.382572904229164E-4
8646.7  0.001865105703473091
8649.3  0.00802756380289793
8651.9  0.02752193063497543
8654.5  0.0759916678071022
8657.1  0.1710419058799744
8659.7  0.3187757432460785
8662.3  0.5019950866699218
8664.9  0.684902012348175
8667.5  0.8334659934043884
8670.1  0.9327483177185058
8672.7  0.987743854522705
8675.3  1.013060331344605
8677.9  1.02338719367981
8680.5  1.029107451438904
8683.1  1.035116076469421
8685.7  1.041730403900147
8688.3  1.047513842582703
8690.9  1.051730871200562
8693.5  1.054581642150879
8696.1  1.056277275085449
8698.7  1.05677318572998
8701.3  1.056107878684998
8703.9  1.054430246353149
8706.5  1.05175256729126
8709.1  1.048156380653381
8711.7  1.044355750083923
8714.3  1.041594862937927
8716.9  1.040600895881653
8719.5  1.040814876556397
8722.1  1.040905952453613
8724.7  1.039990663528442
8727.3  1.038309931755066
8729.9  1.036779999732971
8732.5  1.03595232963562
8735.1  1.035578370094299
8737.7  1.035089612007141
8740.3  1.034061074256897
8742.9  1.032196044921875
8745.5  1.029460072517395
8748.1  1.026570081710816
8750.7  1.025004863739014
8753.3  1.02606213092804
8755.9  1.029769659042358
8758.5  1.03483247756958
8761.1  1.039592742919922
8763.7  1.042904615402222
8766.3  1.044369578361511
8768.9  1.044359922409058
8771.5  1.043909907341003
8774.1  1.043995261192322
8776.7  1.044676899909973
8779.3  1.045406579971314
8781.9  1.046243667602539
8784.5  1.048097848892212
8787.1  1.051432132720947
8789.7  1.055205225944519
8792.3  1.057399272918701
8794.9  1.05617618560791
8797.5  1.049883365631104
8800.1  1.03681743144989
8802.7  1.017573952674866
8805.3  0.998621642589569
8807.9  0.9903910160064697
8810.5  0.9984820485115051
8813.1  1.017908096313477
8815.7  1.038017868995667
8818.3  1.051590204238892
8820.9  1.057941794395447
8823.5  1.059675216674805
8826.1  1.059019207954407
8828.7  1.056856393814087
8831.3  1.05354630947113
8833.9  1.049780488014221
8836.5  1.046682953834534
8839.1  1.045145869255066
8841.7  1.045080900192261
8844.3  1.045370578765869
8846.9  1.044676899909973
8849.5  1.042228579521179
8852.1  1.03774356842041
8854.7  1.030895352363586
8857.3  1.02117645740509
8859.9  1.008646965026856
8862.5  0.9953818917274475
8865.1  0.9860763549804687
8867.7  0.9856283664703369
8870.3  0.9948142766952514
8872.9  1.009145498275757
8875.5  1.022782325744629
8878.1  1.032644152641296
8880.7  1.038512468338013
8883.3  1.040674924850464
8885.9  1.038697004318237
8888.5  1.032681226730347
8891.1  1.0253826379776
8893.7  1.021687865257263
8896.3  1.024663805961609
8898.9  1.032623887062073
8901.5  1.041027069091797
8904.1  1.046517372131348
8906.7  1.048429965972901
8909.3  1.047612428665161
8911.9  1.045356154441834
8914.5  1.043323278427124
8917.1  1.043044567108154
8919.7  1.044532060623169
8922.3  1.045961856842041
8924.9  1.045681715011597
8927.5  1.044519662857056
8930.1  1.045253872871399
8932.7  1.049496412277222
8935.3  1.055652379989624
8937.9  1.060165524482727
8940.5  1.060366988182068
8943.1  1.056320190429688
8945.7  1.050759911537171
8948.3  1.047245621681213
8950.9  1.047515511512756
8953.5  1.050343632698059
8956.1  1.053115963935852
8958.7  1.054015159606934
8961.3  1.052413582801819
8963.9  1.048058748245239
8966.5  1.041051983833313
8969.1  1.032851219177246
8971.7  1.026137471199036
8974.3  1.022144198417664
8976.9  1.017163395881653
8979.5  1.003440737724304
8982.1  0.9772913455963134
8984.7  0.947299838066101
8987.3  0.9301943778991699
8989.9  0.934481143951416
8992.5  0.9507918953895568
8995.1  0.9625338315963745
8997.7  0.9637751579284667
9000.3  0.9620209336280822
9002.9  0.9650084972381591
9005.5  0.9708285331726074
9008.1  0.9730006456375122
9010.7  0.9705603718757629
9013.3  0.9692857265472412
9015.9  0.974866509437561
9018.5  0.9874792098999023
9021.1  1.002594947814941
9023.7  1.015371203422546
9026.3  1.023943424224854
9028.9  1.029310584068298
9031.5  1.032815933227539
9034.1  1.034351348876953
9036.7  1.032835006713867
9039.3  1.027880907058716
9041.9  1.020602345466614
9044.5  1.013135433197022
9047.1  1.007635474205017
9049.7  1.00488018989563
9052.3  1.003087282180786
9054.9  0.9994069337844848
9057.5  0.9943471550941467
9060.1  0.9934635758399963
9062.7  1.001962184906006
9065.3  1.017922043800354
9067.9  1.032722234725952
9070.5  1.036904692649841
9073.1  1.024896383285523
9075.7  0.9981479048728942
9078.3  0.967400848865509
9080.9  0.9487949609756469
9083.5  0.9523988962173461
9086.1  0.9742172360420227
9088.7  1.000829339027405
9091.3  1.020314693450928
9093.9  1.028501272201538
9096.5  1.028095602989197
9099.1  1.02457320690155
9101.7  1.02243983745575
9104.3  1.023467659950256
9106.9  1.026598930358887
9109.5  1.028580546379089
9112.1  1.025755763053894
9114.7  1.017397403717041
9117.3  1.007301211357117
9119.9  0.9997619986534118
9122.5  0.9936534762382507
9125.1  0.9837844967842102
9127.7  0.969711422920227
9130.3  0.9595494270324707
9132.9  0.9621166586875915
9135.5  0.9777100682258605
9138.1  0.9986778497695922
9140.7  1.016769289970398
9143.3  1.028268933296204
9145.9  1.034039258956909
9148.5  1.036949396133423
9151.1  1.039455652236939
9153.7  1.042655825614929
9156.3  1.046447157859802
9158.9  1.049933671951294
9161.5  1.051709890365601
9164.1  1.050303101539612
9166.7  1.044017791748047
9169.3  1.030182719230652
9171.9  1.004096984863281
9174.5  0.960508644580841
9177.1  0.9015488624572753
9179.7  0.8461782336235046
9182.3  0.8241993784904479
9184.9  0.8511006236076354
9187.5  0.911289095878601
9190.1  0.9725633263587951
9192.7  1.013346672058106
9195.3  1.031993269920349
9197.9  1.036820769309998
9200.5  1.034807801246643
9203.1  1.028439044952393
9205.7  1.018338441848755
9208.3  1.006641268730164
9210.9  0.9976427555084228
9213.5  0.9945954084396362
9216.1  0.9961669445037841
9218.7  0.9961543083190917
9221.3  0.9872248172760009
9223.9  0.966946005821228
9226.5  0.9421997666358947
9229.1  0.9262731075286865
9231.7  0.9286491870880126
9234.3  0.9476407766342163
9236.9  0.9735734462738037
9239.5  0.9971364736557006
9242.1  1.013960361480713
9244.7  1.024160146713257
9247.3  1.02998411655426
9249.9  1.033503651618958
9252.5  1.035533666610718
9255.1  1.036337614059448
9257.7  1.036860942840576
9260.3  1.038552641868591
9262.9  1.041694164276123
9265.5  1.044006586074829
9268.1  1.040865778923035
9270.7  1.027649164199829
9273.3  1.004277110099792
9275.9  0.9788515567779541
9278.5  0.9639192819595336
9281.1  0.9654340147972106
9283.7  0.9763111472129821
9286.3  0.9834532141685485
9288.9  0.9806243777275085
9291.5  0.9735143184661865
9294.1  0.9730783104896545
9296.7  0.9844903349876403
9299.3  1.00234580039978
9301.9  1.015847086906433
9304.5  1.016958594322205
9307.1  1.003330588340759
9309.7  0.9757568836212158
9312.3  0.9340431690216064
9314.9  0.8746286630630493
9317.5  0.7953417897224426
9320.1  0.707725167274475
9322.7  0.6390184164047241
9325.3  0.6093910932540893
9327.9  0.6101756691932678
9330.5  0.6188636422157287
9333.1  0.6308879852294921
9335.7  0.659355342388153
9338.3  0.7073795199394226
9340.9  0.7589340209960937
9343.5  0.7950239777565002
9346.1  0.8055759668350219
9348.7  0.791195809841156
9351.3  0.7671981453895568
9353.9  0.7589786648750305
9356.5  0.7789797186851501
9359.1  0.8123062252998352
9361.7  0.8345144391059875
9364.3  0.837135910987854
9366.9  0.827061116695404
9369.5  0.8092580437660217
9372.1  0.7843600511550903
9374.7  0.7628918886184692
9377.3  0.7673919796943664
9379.9  0.8107482194900512
9382.5  0.8791306614875793
9385.1  0.9442785382270812
9387.7  0.9879108071327209
9390.3  1.008881092071533
9392.9  1.013312458992004
9395.5  1.005661845207214
9398.1  0.9883158206939697
9400.7  0.9646954536437988
9403.3  0.940072476863861
9405.9  0.9188325405120849
9408.5  0.901572823524475
9411.1  0.88484787940979
9413.7  0.8630317449569702
9416.3  0.8317959308624267
9418.9  0.7936805486679077
9421.5  0.7612922191619873
9424.1  0.7513921856880187
9426.7  0.7713339328765869
9429.3  0.8094788193702697
9431.9  0.8419345021247863
9434.5  0.8534861803054809
9437.1  0.8515981435775756
9439.7  0.8561370968818664
9442.3  0.8772647976875305
9444.9  0.9073079824447631
9447.5  0.9315097332000732
9450.1  0.94016695022583
9452.7  0.9293035864830017
9455.3  0.8948363065719604
9457.9  0.8310661315917968
9460.5  0.7396137118339538
9463.1  0.6430705785751342
9465.7  0.584070861339569
9468.3  0.5960381627082824
9470.9  0.667970061302185
9473.5  0.7480460405349731
9476.1  0.7904914021492004
9478.7  0.7952701449394226
9481.3  0.7975533008575439
9483.9  0.8228493332862854
9486.5  0.8598412871360778
9489.1  0.87769615650177
9491.7  0.8626948595046997
9494.3  0.8338729739189147
9496.9  0.8247032761573791
9499.5  0.8521430492401123
9502.1  0.9045059084892272
9504.7  0.9567528367042541
9507.3  0.9918441176414489
9509.9  1.007108449935913
9512.5  1.007127523422241
9515.1  0.9963177442550659
9517.7  0.9757914543151855
9520.3  0.943664014339447
9522.9  0.9003570675849914
9525.5  0.8562260270118713
9528.1  0.8289834260940551
9530.7  0.8274189233779907
9533.3  0.8397741317749023
9535.9  0.8432316184043884
9538.5  0.824772834777832
9541.1  0.792860984802246
9543.7  0.7694867849349975
9546.3  0.7686624526977539
9548.9  0.7839249372482299
9551.5  0.8004359006881713
9554.1  0.8137908577919006
9556.7  0.8297867774963378
9559.3  0.8514297604560852
9561.9  0.8761370182037353
9564.5  0.9026165604591369
9567.1  0.931633174419403
9569.7  0.9607524871826171
9572.3  0.9841904640197753
9574.9  0.9977564215660095
9577.5  1.00140643119812
9580.1  0.9977844357490539
9582.7  0.9904844164848327
9585.3  0.9835567474365234
9587.9  0.9803450107574462
9590.5  0.9811373949050903
9593.1  0.983070433139801
9595.7  0.9838252067565917
9598.3  0.9835922718048095
9600.9  0.9802724123001098
9603.5  0.9618771076202392
9606.1  0.9063706398010253
9608.7  0.7959418296813964
9611.3  0.6409785747528076
9613.9  0.4919849336147308
9616.5  0.416719913482666
9619.1  0.452835738658905
9621.7  0.5793307423591613
9624.3  0.7345266938209533
9626.9  0.8599434494972229
9629.5  0.9291247725486755
9632.1  0.9467031955718994
9634.7  0.9326592683792114
9637.3  0.9082067608833312
9639.9  0.8883648514747619
9642.5  0.8817639946937561
9645.1  0.8929647803306579
9647.7  0.9203730225563049
9650.3  0.9535136222839355
9652.9  0.9790976643562316
9655.5  0.9914721250534057
9658.1  0.9951016306877136
9660.7  0.9978352189064025
9663.3  1.003878235816956
9665.9  1.012404799461365
9668.5  1.020353078842163
9671.1  1.025302290916443
9673.7  1.026572823524475
9676.3  1.025094270706177
9678.9  1.022755742073059
9681.5  1.020974159240723
9684.1  1.019382476806641
9686.7  1.016367673873901
9689.3  1.011142730712891
9691.9  1.004894375801086
9694.5  0.9998431801795959
9697.1  0.997767686843872
9699.7  0.9993889927864074
9702.3  1.004217386245728
9704.9  1.010517001152039
9707.5  1.015977382659912
9710.1  1.019131898880005
9712.7  1.020270109176636
9715.3  1.020766139030457
9717.9  1.021449685096741
9720.5  1.021843075752258
9723.1  1.020803213119507
9725.7  1.017191886901856
9728.3  1.010077357292175
9730.9  0.9995281100273132
9733.5  0.9878563284873962
9736.1  0.9790079593658447
9738.7  0.9751725196838378
9741.3  0.9742330312728881
9743.9  0.9720222353935241
9746.5  0.9671558737754821
9749.1  0.9615077376365661
9751.7  0.9540609717369079
9754.3  0.9335690736770629
9756.9  0.878117024898529
9759.5  0.7675346136093139
9762.1  0.6059155464172363
9764.7  0.4361621141433716
9767.3  0.3251824676990509
9769.9  0.3238340020179749
9772.5  0.433099776506424
9775.1  0.6041339039802551
9777.7  0.771334946155548
9780.3  0.890492558479309
9782.9  0.952860414981842
9785.5  0.9731812477111816
9788.1  0.9720371961593627
9790.7  0.9657792448997497
9793.3  0.9627671241760253
9795.9  0.9637221097946166
9798.5  0.9665359854698181
9801.1  0.9710991978645324
9803.7  0.9788023829460144
9806.3  0.9891549944877624
9808.9  0.9991652965545654
9811.5  1.005862712860108
9814.1  1.008153676986694
9816.7  1.006510734558106
9819.3  1.00217342376709
9821.9  0.9970319271087646
9824.5  0.9933835268020629
9827.1  0.9926961660385131
9829.7  0.9944843649864196
9832.3  0.9969507455825805
9834.9  0.9988013505935668
9837.5  0.9998984932899475
9840.1  1.00027322769165
9842.7  0.9993427395820617
9845.3  0.9962806701660156
9847.9  0.9907491207122802
9850.5  0.9835239648818969
9853.1  0.9768797159194946
9855.7  0.9737089276313781
9858.3  0.9751879572868347
9860.9  0.9794801473617553
9863.5  0.983389675617218
9866.1  0.9850744605064392
9868.7  0.9848954081535339
9871.3  0.9841989874839782
9873.9  0.9838328957557678
9876.5  0.9836578369140625
9879.1  0.9830512404441833
9881.7  0.9816049933433532
9884.3  0.9793859124183654
9886.9  0.9768125414848327
9889.5  0.9745045900344848
9892.1  0.9730507731437683
9894.7  0.9727118015289306
9897.3  0.9734157919883728
9899.9  0.9750555753707885
9902.5  0.9774772524833679
9905.1  0.980017066001892
9907.7  0.9805707335472106
9910.3  0.9737834334373474
9912.9  0.9480368494987487
9915.5  0.8846478462219238
9918.1  0.7668572068214416
9920.7  0.5995106697082519
9923.3  0.4226854741573334
9925.9  0.2986927926540375
9928.5  0.2768123149871826
9931.1  0.3637927174568176
9933.7  0.5215848684310913
9936.3  0.6914564967155456
9938.9  0.8265905380249023
9941.5  0.910459816455841
9944.1  0.9518535733222961
9946.7  0.9683457612991333
9949.3  0.9742593169212341
9951.9  0.977382481098175
9954.5  0.9800724387168884
9957.1  0.9816151857376098
9959.7  0.9808334112167358
9962.3  0.9778363108634948
9964.9  0.9741984605789184
9967.5  0.9719434976577758
9970.1  0.9721525311470031
9972.7  0.9739990830421447
9975.3  0.9752156734466552
9977.9  0.9739260077476501
9980.5  0.9699981808662414
9983.1  0.9639005661010742
9985.7  0.9530140757560729
9988.3  0.9268238544464111
9990.9  0.8655802011489868
9993.5  0.7497881650924682
9996.1  0.5797235965728759
