3501.3  0.202102392911911
3503.9  0.2607960999011993
3506.5  0.2998986840248108
3509.1  0.3191154599189758
3511.7  0.3256173133850098
3514.3  0.3271414041519165
3516.9  0.3279478251934052
3519.5  0.3289769887924194
3522.1  0.3299468159675598
3524.7  0.3308092355728149
3527.3  0.3317863643169403
3529.9  0.3329208791255951
3532.5  0.3341257274150848
3535.1  0.3354582190513611
3537.7  0.3370699882507324
3540.3  0.3389719426631928
3542.9  0.3409925103187561
3545.5  0.3428437411785126
3548.1  0.344109445810318
3550.7  0.344329833984375
3553.3  0.3433671891689301
3555.9  0.3415853381156921
3558.5  0.3394089341163635
3561.1  0.3368334174156189
3563.7  0.3337512016296387
3566.3  0.3306283950805664
3568.9  0.328336626291275
3571.5  0.3272438943386078
3574.1  0.3267778158187866
3576.7  0.3258925974369049
3579.3  0.323894590139389
3581.9  0.3211182653903961
3584.5  0.3189955055713654
3587.1  0.3191857933998108
3589.7  0.322258859872818
3592.3  0.3270703852176666
3594.9  0.3314728140830994
3597.5  0.3337820172309876
3600.1  0.3337880074977875
3602.7  0.332501232624054
3605.3  0.3310411274433136
3607.9  0.3298441171646118
3610.5  0.3288556039333344
3613.1  0.3281550109386444
3615.7  0.3281871676445007
3618.3  0.3294470310211182
3620.9  0.3318228721618652
3623.5  0.3342097401618958
3626.1  0.3352664113044739
3628.7  0.334944099187851
3631.3  0.3347699344158173
3633.9  0.3360509872436523
3636.5  0.3382304906845093
3639.1  0.3396401107311249
3641.7  0.3395169973373413
3644.3  0.338674932718277
3646.9  0.3384796977043152
3649.5  0.3396810293197632
3652.1  0.3420637845993042
3654.7  0.3447886407375336
3657.3  0.3470847010612488
3659.9  0.3488078415393829
3662.5  0.3502717018127441
3665.1  0.3515498340129852
3667.7  0.3521189391613007
3670.3  0.3512184321880341
3672.9  0.348506361246109
3675.5  0.3444874882698059
3678.1  0.3404226303100586
3680.7  0.3377099633216858
3683.3  0.3372547030448914
3685.9  0.3392833769321442
3688.5  0.3433822989463806
3691.1  0.3484946191310883
3693.7  0.3530471920967102
3696.3  0.3553426265716553
3698.9  0.3542813956737518
3701.5  0.3502693474292755
3704.1  0.3455359935760498
3706.7  0.3431289494037628
3709.3  0.3451531827449799
3711.9  0.3512681424617767
3714.5  0.3584752380847931
3717.1  0.3635010719299316
3719.7  0.3664126098155975
3722.3  0.3702631294727325
3724.9  0.3758650720119476
3727.5  0.3793613910675049
3730.1  0.3776573538780212
3732.7  0.3745503723621368
3735.3  0.3776698410511017
3737.9  0.3886839747428894
3740.5  0.3994705379009247
3743.1  0.400337278842926
3745.7  0.3914457857608795
3748.3  0.3843265771865845
3750.9  0.3913964033126831
3753.5  0.4142383635044098
3756.1  0.4421424269676209
3758.7  0.4607398509979248
3761.3  0.4612583816051483
3763.9  0.4444697201251984
3766.5  0.420681893825531
3769.1  0.4064391255378723
3771.7  0.4164016842842102
3774.3  0.4539318382740021
3776.9  0.5083100199699401
3779.5  0.5610637068748474
3782.1  0.5954096913337707
3784.7  0.6020886898040771
3787.3  0.5802160501480102
3789.9  0.5359736084938049
3792.5  0.4820253252983093
3795.1  0.4366422891616821
3797.7  0.4183374643325806
3800.3  0.4362750947475433
3802.9  0.4845611751079559
3805.5  0.5466233491897583
3808.1  0.6053792834281921
3810.7  0.6503574252128601
3813.3  0.6781136989593505
3815.9  0.6884502172470092
3818.5  0.6810936331748962
3821.1  0.6555650830268859
3823.7  0.6128782629966735
3826.3  0.5568653345108032
3828.9  0.4954336583614349
3831.5  0.4416621625423431
3834.1  0.4116052091121674
3836.7  0.4171923696994782
3839.3  0.4588221609592438
3841.9  0.5247744917869567
3844.5  0.5984269380569458
3847.1  0.6666381359100341
3849.7  0.7227808237075805
3852.3  0.7647638916969299
3854.9  0.7928929328918457
3857.5  0.8096704483032226
3860.1  0.8192183971405029
3862.7  0.8245521187782287
3865.3  0.8249385952949523
3867.9  0.8163807988166809
3870.5  0.7949053049087524
3873.1  0.7592495083808898
3875.7  0.7106087803840637
3878.3  0.650841474533081
3880.9  0.5826817154884338
3883.5  0.5132755041122436
3886.1  0.4568090438842773
3888.7  0.4300563037395477
3891.3  0.442064493894577
3893.9  0.4879465103149414
3896.5  0.5531914830207824
3899.1  0.6232285499572753
3901.7  0.6893181800842285
3904.3  0.7481714487075805
3906.9  0.798499584197998
3909.5  0.8383845090866088
3912.1  0.8657299280166625
3914.7  0.8806096911430358
3917.3  0.8853982090950012
3919.9  0.8810104131698608
3922.5  0.8632749915122985
3925.1  0.8256526589393615
3927.7  0.7692779898643493
3930.3  0.7115043401718139
3932.9  0.679935336112976
3935.5  0.6917417049407958
3938.1  0.7381638288497924
3940.7  0.7918858528137207
3943.3  0.8284531831741333
3945.9  0.8389980792999267
3948.5  0.8268966674804687
3951.1  0.7985613942146301
3953.7  0.758057415485382
3956.3  0.7065102458000183
3958.9  0.6437504291534423
3961.5  0.5715271234512329
3964.1  0.4978805780410767
3966.7  0.439049631357193
3969.3  0.4138745367527008
3971.9  0.4323217272758484
3974.5  0.4882372915744782
3977.1  0.5638006329536437
3979.7  0.6409301161766052
3982.3  0.7092819809913635
3984.9  0.7665780782699584
3987.5  0.8143931627273559
3990.1  0.8542960286140441
3992.7  0.8869288563728332
3995.3  0.9131829142570495
3997.9  0.9348075985908508
4000.5  0.9536436200141906
4003.1  0.9711624979972839
4005.7  0.9885276556015014
4008.3  1.005821228027344
4010.9  1.021435737609863
4013.5  1.03323757648468
4016.1  1.040087103843689
4018.7  1.042017459869385
4021.3  1.039763569831848
4023.9  1.034511208534241
4026.5  1.027995228767395
4029.1  1.022844314575195
4031.7  1.0219966173172
4034.3  1.026299476623535
4036.9  1.032922267913818
4039.5  1.037615895271301
4042.1  1.038445830345154
4044.7  1.03608238697052
4047.3  1.030780076980591
4049.9  1.021141052246094
4052.5  1.006503701210022
4055.1  0.9888974428176879
4057.7  0.9715661406517028
4060.3  0.9563660621643066
4062.9  0.9432120323181152
4065.5  0.9311625957489013
4068.1  0.919137418270111
4070.7  0.9059165716171264
4073.3  0.8903411030769348
4075.9  0.8718948364257812
4078.5  0.8506447076797485
4081.1  0.8260149955749511
4083.7  0.7958928942680358
4086.3  0.7572746276855468
4088.9  0.707618772983551
4091.5  0.64622563123703
4094.1  0.5763536691665649
4096.7  0.5078127384185791
4099.3  0.4566936790943146
4101.9  0.4390014708042145
4104.5  0.4610732793807983
4107.1  0.5153207778930664
4109.7  0.5856175422668457
4112.3  0.6566287279129028
4114.9  0.719070017337799
4117.5  0.7694267034530639
4120.1  0.8076899051666259
4122.7  0.8357895016670227
4125.3  0.8569563031196594
4127.9  0.8751100301742553
4130.5  0.893653929233551
4133.1  0.9138694405555725
4135.7  0.9342488050460815
4138.3  0.9519523382186889
4140.9  0.9655889868736267
4143.5  0.976327359676361
4146.1  0.985914409160614
4148.7  0.9944602251052856
4151.3  1.001027464866638
4153.9  1.005484819412232
4156.5  1.008476257324219
4159.1  1.01000714302063
4161.7  1.00917387008667
4164.3  1.005231022834778
4166.9  0.9984399080276489
4169.5  0.9903269410133361
4172.1  0.9835860729217529
4174.7  0.9809914231300354
4177.3  0.9835708737373352
4179.9  0.9900741577148437
4182.5  0.99859219789505
4185.1  1.008215427398682
4187.7  1.018369317054749
4190.3  1.026947736740112
4192.9  1.030902981758118
4195.5  1.029650092124939
4198.1  1.026491165161133
4200.7  1.025379300117493
4203.3  1.027106404304505
4205.9  1.029374241828918
4208.5  1.029557347297669
4211.1  1.026722073554993
4213.7  1.021786212921143
4216.3  1.016350746154785
4218.9  1.011353373527527
4221.5  1.007235765457153
4224.1  1.00533664226532
4226.7  1.00740909576416
4229.3  1.012787699699402
4231.9  1.017783880233765
4234.5  1.019041419029236
4237.1  1.016098141670227
4239.7  1.010111927986145
4242.3  1.002029657363892
4244.9  0.9932807087898254
4247.5  0.9868659973144531
4250.1  0.9856665134429931
4252.7  0.9895851016044616
4255.3  0.9958356022834777
4257.9  1.002071738243103
4260.5  1.007656455039978
4263.1  1.01179575920105
4265.7  1.0127272605896
4268.3  1.010020971298218
4270.9  1.006103157997131
4273.5  1.003772974014282
4276.1  1.002841353416443
4278.7  1.000276803970337
4281.3  0.9933364391326904
4283.9  0.9819713830947875
4286.5  0.968557596206665
4289.1  0.955623984336853
4291.7  0.9436220526695251
4294.3  0.9312799572944641
4296.9  0.9185357093811035
4299.5  0.9081236720085144
4302.1  0.9028655886650085
4304.7  0.9016913175582885
4307.3  0.899587869644165
4309.9  0.8916093111038208
4312.5  0.8763992190361022
4315.1  0.8558430671691894
4317.7  0.8318760991096496
4320.3  0.8042065501213073
4322.9  0.7711470127105712
4325.5  0.7313911318778991
4328.1  0.684125006198883
4330.7  0.6287898421287536
4333.3  0.5675023198127746
4335.9  0.5089742541313171
4338.5  0.4683924615383148
4341.1  0.4599373042583466
4343.7  0.4869354963302612
4346.3  0.5394824743270874
4348.9  0.6022987961769104
4351.5  0.6641578674316406
4354.1  0.7202509045600891
4356.7  0.7688949108123779
4359.3  0.808916687965393
4361.9  0.8397493958473205
4364.5  0.8622094392776489
4367.1  0.8785455822944641
4369.7  0.8917696475982666
4372.3  0.9044986367225646
4374.9  0.9176418185234069
4377.5  0.9299548268318176
4380.1  0.9396785497665405
4382.7  0.9470337629318237
4385.3  0.9541214704513549
4387.9  0.9620028138160705
4390.5  0.9691661596298217
4393.1  0.9735182523727416
4395.7  0.974952220916748
4398.3  0.9753997325897216
4400.9  0.9768644571304321
4403.5  0.9796469807624816
4406.1  0.9821046590805053
4408.7  0.9821972250938415
4411.3  0.9797480106353759
4413.9  0.9774397015571594
4416.5  0.9790958166122436
4419.1  0.9863696694374084
4421.7  0.9971987009048461
4424.3  1.007643699645996
4426.9  1.014693975448608
4429.5  1.017423748970032
4432.1  1.016493916511536
4434.7  1.013001322746277
4437.3  1.007529616355896
4439.9  1.000434041023254
4442.5  0.9928638339042663
4445.1  0.9864017367362976
4447.7  0.9814964532852172
4450.3  0.9773643612861633
4452.9  0.9737213850021362
4455.5  0.971644103527069
4458.1  0.9720954298973083
4460.7  0.9743242859840393
4463.3  0.9768151044845581
4465.9  0.9793403148651123
4468.5  0.9825004339218139
4471.1  0.9849061369895935
4473.7  0.9827213883399963
4476.3  0.9738640189170837
4478.9  0.9621031284332275
4481.5  0.9548229575157165
4484.1  0.9560277462005615
4486.7  0.9631403684616088
4489.3  0.9712119102478027
4491.9  0.9779502749443054
4494.5  0.9836983680725097
4497.1  0.9889712929725646
4499.7  0.9938294887542724
4502.3  0.99858820438385
4504.9  1.003689169883728
4507.5  1.008862257003784
4510.1  1.012935996055603
4512.7  1.014495372772217
4515.3  1.012732744216919
4517.9  1.007781982421875
4520.5  1.000604271888733
4523.1  0.9926673173904418
4525.7  0.9854727387428283
4528.3  0.9803516268730163
4530.9  0.9785912036895751
4533.5  0.9808666110038757
4536.1  0.9859381318092346
4538.7  0.9904512166976928
4541.3  0.990983247756958
4543.9  0.9866307973861694
4546.5  0.9798636436462402
4549.1  0.9749618768692016
4551.7  0.9751629829406738
4554.3  0.9808838963508605
4556.9  0.9901894927024841
4559.5  1.00024688243866
4562.1  1.008476972579956
4564.7  1.013198018074036
4567.3  1.013752937316895
4569.9  1.010403275489807
4572.5  1.004144430160523
4575.1  0.9961124658584594
4577.7  0.9871993660926818
4580.3  0.9786784648895263
4582.9  0.9726635217666625
4585.5  0.9709987044334411
4588.1  0.9739929437637329
4590.7  0.9805765748023986
4593.3  0.9891536831855773
4595.9  0.9980806112289428
4598.5  1.006003737449646
4601.1  1.012121438980103
4603.7  1.015958547592163
4606.3  1.016934871673584
4608.9  1.014403223991394
4611.5  1.008289933204651
4614.1  0.9997535347938537
4616.7  0.9911260604858398
4619.3  0.9846182465553283
4621.9  0.9806235432624816
4624.5  0.9775840044021606
4627.1  0.9739340543746948
4629.7  0.9699289798736572
4632.3  0.9673491716384887
4634.9  0.9677785634994506
4637.5  0.9712951779365539
4640.1  0.9764971733093261
4642.7  0.9816259145736694
4645.3  0.9856874942779541
4647.9  0.9884992837905883
4650.5  0.9899943470954895
4653.1  0.9899367094039916
4655.7  0.9880875349044799
4658.3  0.9842038750648498
4660.9  0.9782044887542724
4663.5  0.9709835052490234
4666.1  0.9647701978683471
4668.7  0.9618424177169799
4671.3  0.962694227695465
4673.9  0.9658542871475219
4676.5  0.9695803523063659
4679.1  0.9734060764312744
4681.7  0.9779167771339416
4684.3  0.9834644198417663
4686.9  0.9895409345626831
4689.5  0.9951950311660766
4692.1  0.9994381070137023
4694.7  1.001314759254456
4697.3  1.000394463539124
4699.9  0.9976189136505126
4702.5  0.9950901865959167
4705.1  0.9944542050361633
4707.7  0.995697796344757
4710.3  0.9977084994316101
4712.9  0.9996103048324584
4715.5  1.001246333122254
4718.1  1.002612471580505
4720.7  1.003220319747925
4723.3  1.00236451625824
4725.9  1.000158786773682
4728.5  0.9981055855751037
4731.1  0.9982831478118896
4733.7  1.001802206039429
4736.3  1.008119106292725
4738.9  1.015601754188538
4741.5  1.02243983745575
4744.1  1.027238130569458
4746.7  1.029329776763916
4749.3  1.028820157051087
4751.9  1.026254892349243
4754.5  1.022149443626404
4757.1  1.016849637031555
4759.7  1.010881304740906
4762.3  1.005283236503601
4764.9  1.001226782798767
4767.5  0.9991979598999023
4770.1  0.9988466501235961
4772.7  0.9995881915092468
4775.3  1.001012086868286
4777.9  1.002865552902222
4780.5  1.005147337913513
4783.1  1.00819742679596
4785.7  1.012307643890381
4788.3  1.017077803611755
4790.9  1.021177530288696
4793.5  1.022851824760437
4796.1  1.020926356315613
4798.7  1.015571355819702
4801.3  1.008189678192139
4803.9  1.000550866127014
4806.5  0.9938616752624511
4809.1  0.9883404374122619
4811.7  0.9833163022994995
4814.3  0.9775654077529907
4816.9  0.9697993993759155
4819.5  0.9594499468803405
4822.1  0.9473321437835693
4824.7  0.9352359771728515
4827.3  0.9244320392608642
4829.9  0.9145802855491638
4832.5  0.9041128754615783
4835.1  0.8913083672523498
4837.7  0.8747714757919311
4840.3  0.8532488346099853
4842.9  0.8254844546318054
4845.5  0.7902749776840209
4848.1  0.7464836835861206
4850.7  0.6933967471122741
4853.3  0.6325876712799072
4855.9  0.5710339546203613
4858.5  0.522061288356781
4861.1  0.5002389550209045
4863.7  0.5122215747833251
4866.3  0.5519270300865173
4868.9  0.6052819490432739
4871.5  0.6594964861869812
4874.1  0.7082175016403198
4876.7  0.7503893971443176
4879.3  0.7867758870124816
4881.9  0.8179057240486145
4884.5  0.8441699743270874
4887.1  0.8666669726371765
4889.7  0.8871080875396728
4892.3  0.9065029621124267
4894.9  0.9241725206375122
4897.5  0.93849778175354
4900.1  0.9486008882522583
4902.7  0.9549166560173034
4905.3  0.9584027528762817
4907.9  0.9597668051719665
4910.5  0.9592583775520324
4913.1  0.9566646814346313
4915.7  0.9519569873809814
4918.3  0.9466347098350524
4920.9  0.9438346624374389
4923.5  0.9459519386291503
4926.1  0.9522547721862792
4928.7  0.9597631692886352
4931.3  0.9664976596832275
4933.9  0.9730620980262756
4936.5  0.9810544848442077
4939.1  0.9908073544502258
4941.7  1.000795245170593
4944.3  1.008680462837219
4946.9  1.012691855430603
4949.5  1.01238763332367
4952.1  1.008830189704895
4954.7  1.004387855529785
4957.3  1.001636624336243
4959.9  1.001481294631958
4962.5  1.002592325210571
4965.1  1.003206610679626
4967.7  1.002912163734436
4970.3  1.002142071723938
4972.9  1.000632166862488
4975.5  0.9972997903823852
4978.1  0.9918122291564941
4980.7  0.9858748912811279
4983.3  0.9823441505432128
4985.9  0.9827355742454528
4988.5  0.9858657717704772
4991.1  0.9889972805976867
4993.7  0.9897438287734985
4996.3  0.9870107173919677
4998.9  0.981318175792694
5001.5  0.9747444987297058
5004.1  0.9697158336639404
5006.7  0.9670786261558532
5009.3  0.9654058218002319
5011.9  0.9626668095588684
5014.5  0.9588544368743896
5017.1  0.9567029476165771
5019.7  0.9592521786689758
5022.3  0.9666823744773864
5024.9  0.9759268760681152
5027.5  0.9831970930099487
5030.1  0.9862955212593078
5032.7  0.9849568605422973
5035.3  0.9804446101188659
5037.9  0.9752519130706787
5040.5  0.9720072746276855
5043.1  0.9715926051139831
5045.7  0.9726521968841552
5048.3  0.9735604524612426
5050.9  0.9744757413864135
5053.5  0.9769214391708374
5056.1  0.981673777103424
5058.7  0.9875750541687011
5061.3  0.9924122691154479
5063.9  0.9946991801261901
5066.5  0.9945201277732849
5069.1  0.9929298162460327
5071.7  0.9908831119537353
5074.3  0.9888015389442443
5076.9  0.9869247674942016
5079.5  0.9857657551765441
5082.1  0.9859123229980468
5084.7  0.9873650670051574
5087.3  0.989280343055725
5089.9  0.990456223487854
5092.5  0.9901826381683349
5095.1  0.9890011548995971
5097.7  0.9886264204978942
5100.3  0.9905248880386352
5102.9  0.9944291114807128
5105.5  0.9986882209777832
5108.1  1.00198233127594
5110.7  1.004054069519043
5113.3  1.00488805770874
5115.9  1.003996968269348
5118.5  1.000833034515381
5121.1  0.9956229329109191
5123.7  0.9895490407943725
5126.3  0.9840628504753112
5128.9  0.9799522161483764
5131.5  0.9770824313163757
5134.1  0.9750949144363403
5136.7  0.9741941690444946
5139.3  0.9749519824981689
5141.9  0.9773707389831542
5144.5  0.9805272817611694
5147.1  0.9833125472068786
5149.7  0.9852576851844787
5152.3  0.986368179321289
5154.9  0.9862070679664611
5157.5  0.9831759929656982
5160.1  0.9750728011131286
5162.7  0.9612576365470886
5165.3  0.9449400305747985
5167.9  0.932682991027832
5170.5  0.9301274418830871
5173.1  0.9372602105140686
5175.7  0.9480448961257934
5178.3  0.9552266597747802
5180.9  0.9558882117271423
5183.5  0.9525669813156127
5186.1  0.9495633840560913
5188.7  0.9491116404533386
5191.3  0.9509875774383544
5193.9  0.954185664653778
5196.5  0.9578621983528137
5199.1  0.9611372351646423
5201.7  0.9631767272949218
5204.3  0.9639348983764648
5206.9  0.9643716812133789
5209.5  0.9654871821403503
5212.1  0.9673888087272644
5214.7  0.9693752527236938
5217.3  0.9702875018119812
5219.9  0.9686769843101501
5222.5  0.9637405276298522
5225.1  0.9567586779594421
5227.7  0.9508522748947143
5230.3  0.9487745761871337
5232.9  0.9513132572174072
5235.5  0.9576134085655212
5238.1  0.9659916758537292
5240.7  0.974318504333496
5243.3  0.9805850982666015
5245.9  0.9837087988853454
5248.5  0.9838118553161621
5251.1  0.9816816449165344
5253.7  0.9778037667274475
5256.3  0.9718104600906372
5258.9  0.9630277156829833
5261.5  0.95184326171875
5264.1  0.9404552578926086
5266.7  0.9320400357246398
5269.3  0.9290024638175964
5271.9  0.9317423105239868
5274.5  0.9386942982673645
5277.1  0.9474499821662902
5279.7  0.9561839699745178
5282.3  0.9644157290458679
5284.9  0.9724219441413879
5287.5  0.9798822999000549
5290.1  0.9854691624641418
5292.7  0.9879370927810668
5295.3  0.9872516393661499
5297.9  0.9845156669616699
5300.5  0.9810618162155151
5303.1  0.9777303338050842
5305.7  0.9746028184890747
5308.3  0.9711735248565673
5310.9  0.9671438336372375
5313.5  0.9632824659347534
5316.1  0.9609098434448242
5318.7  0.9601358771324157
5321.3  0.9594825506210327
5323.9  0.957954466342926
5326.5  0.9566351175308227
5329.1  0.9573113918304443
5331.7  0.9601077437400817
5334.3  0.9635016918182373
5336.9  0.9664402604103088
5339.5  0.9693301320075988
5342.1  0.9728052020072937
5344.7  0.9765634536743164
5347.3  0.9798417091369628
5349.9  0.9822664260864257
5352.5  0.983629286289215
5355.1  0.9832286238670349
5357.7  0.9801413416862487
5360.3  0.9743291735649108
5362.9  0.9673482775688171
5365.5  0.961854875087738
5368.1  0.9602683186531066
5370.7  0.963323950767517
5373.3  0.9693133831024169
5375.9  0.975039005279541
5378.5  0.978282868862152
5381.1  0.9793388843536376
5383.7  0.9798003435134887
5386.3  0.9802896976470947
5388.9  0.9799534678459167
5391.5  0.9778310656547546
5394.1  0.973942756652832
5396.7  0.9690477848052978
5399.3  0.9639943838119506
5401.9  0.9596568942070007
5404.5  0.9570347666740417
5407.1  0.9567497968673706
5409.7  0.9585122466087341
5412.3  0.961457073688507
5414.9  0.9647462964057922
5417.5  0.9676132798194885
5420.1  0.9694064259529113
5422.7  0.9700887203216552
5425.3  0.9703628420829772
5427.9  0.9710596203804016
5430.5  0.9726419448852539
5433.1  0.9751346707344055
5435.7  0.977938950061798
5438.3  0.9797967076301574
5440.9  0.9796449542045593
5443.5  0.9777400493621826
5446.1  0.9754549264907836
5448.7  0.9738156199455261
5451.3  0.9727633595466613
5453.9  0.9719682335853576
5456.5  0.9716249704360961
5459.1  0.9721896052360534
5461.7  0.9738959670066833
5464.3  0.9766484498977661
5466.9  0.9798203110694885
5469.5  0.9822108149528503
5472.1  0.9829158186912536
5474.7  0.982451856136322
5477.3  0.9824663996696472
5479.9  0.9840320348739624
5482.5  0.9865599274635314
5485.1  0.9886118173599243
5487.7  0.9893350601196289
5490.3  0.9887797832489013
5492.9  0.9872391819953918
5495.5  0.9848661422729492
5498.1  0.9819412231445312
5500.7  0.9791351556777954
5503.3  0.9772951602935791
5505.9  0.9770387411117553
5508.5  0.9785749316215515
5511.1  0.9817090630531311
5513.7  0.9857300519943237
5516.3  0.9893062710762023
5518.9  0.9908353090286254
5521.5  0.9893917441368103
5524.1  0.9856501817703247
5526.7  0.981777548789978
5529.3  0.9799988865852355
5531.9  0.9810391068458557
5534.5  0.9839000105857849
5537.1  0.98687344789505
5539.7  0.9886791706085205
5542.3  0.9890554547309875
5544.9  0.9886054396629333
5547.5  0.9880501627922058
5550.1  0.9876344799995422
5552.7  0.9872133731842041
5555.3  0.9866409301757812
5557.9  0.9859120845794677
5560.5  0.985119342803955
5563.1  0.9844726920127868
5565.7  0.9842811226844787
5568.3  0.9848246574401855
5570.9  0.9862294197082519
5573.5  0.9883331656455993
5576.1  0.9904557466506958
5578.7  0.9913579821586608
5581.3  0.9898555874824523
5583.9  0.9858381748199462
5586.5  0.9806240797042846
5589.1  0.9759988188743591
5591.7  0.9728384613990783
5594.3  0.9708839654922485
5596.9  0.9697853922843933
5599.5  0.9698945879936218
5602.1  0.9717436432838439
5604.7  0.9749168753623962
5607.3  0.9779192805290222
5609.9  0.9794662594795227
5612.5  0.979743480682373
5615.1  0.9800857901573181
5617.7  0.9814759492874145
5620.3  0.9837320446968078
5622.9  0.986141562461853
5625.5  0.9882639646530151
5628.1  0.9898402094841003
5630.7  0.9904355406761169
5633.3  0.9896883368492126
5635.9  0.9877979159355163
5638.5  0.9854558110237121
5641.1  0.9832562208175659
5643.7  0.9812157750129699
5646.3  0.9787973165512084
5648.9  0.9753674864768981
5651.5  0.9707894921302795
5654.1  0.9657915830612182
5656.7  0.9617807865142822
5659.3  0.960076093673706
5661.9  0.9611046314239501
5664.5  0.9642661809921264
5667.1  0.9684865474700927
5669.7  0.9727526903152465
5672.3  0.9762096405029296
5674.9  0.9781495928764343
5677.5  0.9782032966613769
5680.1  0.9766091704368591
5682.7  0.974260926246643
5685.3  0.9723157882690429
5687.9  0.9714793562889099
5690.5  0.9715378880500793
5693.1  0.9716246724128723
5695.7  0.9709323644638061
5698.3  0.9691517949104309
5700.9  0.9664187431335449
5703.5  0.96315598487854
5706.1  0.9600794315338134
5708.7  0.9580937623977661
5711.3  0.9578502774238586
5713.9  0.9593353271484375
5716.5  0.9620147943496704
5719.1  0.9653293490409851
5721.7  0.9689095616340637
5724.3  0.9724355340003967
5726.9  0.9756046533584594
5729.5  0.978297472000122
5732.1  0.9805662035942077
5734.7  0.9823976159095764
5737.3  0.9835848212242126
5739.9  0.9838495254516601
5742.5  0.9830317497253417
5745.1  0.9812526702880859
5747.7  0.9789836406707763
5750.3  0.9768344759941101
5752.9  0.9750097393989562
5755.5  0.9721549749374389
5758.1  0.9633194208145141
5760.7  0.9369656443595886
5763.3  0.8741799592971801
5765.9  0.7569444775581359
5768.5  0.5859952569007873
5771.1  0.3917133510112763
5773.7  0.2197824269533157
5776.3  0.1013393253087997
5778.9  0.037820253521204
5781.5  0.01129998546093702
5784.1  0.002678690012544394
5786.7  4.963881219737232E-4
5789.3  6.603840301977470E-5
5791.9  0.
5794.5  0.
5797.1  0.
5799.7  0.
5802.3  0.
5804.9  0.
5807.5  0.
5810.1  0.
5812.7  0.
5815.3  0.
5817.9  0.
5820.5  6.866508920211344E-5
5823.1  5.172238452360033E-4
5825.7  0.002797738648951054
5828.3  0.0118281664326787
5830.9  0.03967848792672157
5833.5  0.1065720543265343
5836.1  0.2316992282867432
5838.7  0.4139520823955536
5841.3  0.6205759048461914
5843.9  0.8026959300041198
5846.5  0.9270156025886535
5849.1  0.9918871521949768
5851.7  1.016574144363403
5854.3  1.022187352180481
5856.9  1.022062420845032
5859.5  1.021907210350037
5862.1  1.02294921875
5864.7  1.024548888206482
5867.3  1.025846242904663
5869.9  1.026423335075379
5872.5  1.02633273601532
5875.1  1.025695443153381
5877.7  1.024269223213196
5880.3  1.02131724357605
5882.9  1.016086578369141
5885.5  1.008795380592346
5888.1  1.001375317573547
5890.7  0.9969395995140075
5893.3  0.9979781508445739
5895.9  1.004695653915405
5898.5  1.014833211898804
5901.1  1.025038957595825
5903.7  1.032689929008484
5906.3  1.036839485168457
5908.9  1.037929534912109
5911.5  1.037054777145386
5914.1  1.035419940948486
5916.7  1.033912181854248
5919.3  1.03278398513794
5921.9  1.031726360321045
5924.5  1.0303635597229
5927.1  1.028717756271362
5929.7  1.027220249176026
5932.3  1.026276826858521
5934.9  1.025906443595886
5937.5  1.025849938392639
5940.1  1.025943875312805
5942.7  1.026276111602783
5945.3  1.026993751525879
5947.9  1.02803361415863
5950.5  1.029085397720337
5953.1  1.029837727546692
5955.7  1.030226230621338
5958.3  1.03037166595459
5960.9  1.03031587600708
5963.5  1.029961824417114
5966.1  1.02924907207489
5968.7  1.02817976474762
5971.3  1.02665650844574
5973.9  1.024497866630554
5976.5  1.021700739860535
5979.1  1.018591046333313
5981.7  1.015718936920166
5984.3  1.013659834861755
5986.9  1.012782216072083
5989.5  1.012991309165955
5992.1  1.013664245605469
5994.7  1.013981699943543
5997.3  1.013485908508301
5999.9  1.012399911880493
6002.5  1.011360764503479
6005.1  1.010841727256775
6007.7  1.010841965675354
6010.3  1.011042594909668
6012.9  1.011101365089417
6015.5  1.010817527770996
6018.1  1.010238170623779
6020.7  1.009746193885803
6023.3  1.0098717212677
6025.9  1.010785341262817
6028.5  1.012001991271973
6031.1  1.012717962265015
6033.7  1.012433648109436
6036.3  1.011220574378967
6038.9  1.009500026702881
6041.5  1.007684111595154
6044.1  1.006002306938171
6046.7  1.004552602767944
6049.3  1.003460168838501
6051.9  1.002935171127319
6054.5  1.003079533576965
6057.1  1.003575801849365
6059.7  1.003809213638306
6062.3  1.00360631942749
6064.9  1.003765106201172
6067.5  1.005378603935242
6070.1  1.00850236415863
6072.7  1.011881589889526
6075.3  1.014171838760376
6077.9  1.015070199966431
6080.5  1.015159130096436
6083.1  1.015089988708496
6085.7  1.015124917030335
6088.3  1.015155911445618
6090.9  1.014855146408081
6093.5  1.01383650302887
6096.1  1.011946320533752
6098.7  1.009625434875488
6101.3  1.007936835289001
6103.9  1.007879853248596
6106.5  1.009471893310547
6109.1  1.011636972427368
6111.7  1.013062119483948
6114.3  1.013115882873535
6116.9  1.012143850326538
6119.5  1.01121199131012
6122.1  1.011454701423645
6124.7  1.013214826583862
6127.3  1.015648484230042
6129.9  1.017352223396301
6132.5  1.017494916915894
6135.1  1.016416668891907
6137.7  1.015195250511169
6140.3  1.014619112014771
6142.9  1.014555096626282
6145.5  1.01425564289093
6148.1  1.013047337532043
6150.7  1.01066267490387
6153.3  1.007364153862
6155.9  1.004158735275269
6158.5  1.002543926239014
6161.1  1.003509998321533
6163.7  1.006755471229553
6166.3  1.011018991470337
6168.9  1.015106558799744
6171.5  1.018530011177063
6174.1  1.021343111991882
6176.7  1.023681879043579
6179.3  1.025545477867127
6181.9  1.026899933815002
6184.5  1.027876138687134
6187.1  1.028830051422119
6189.7  1.030187249183655
6192.3  1.032185554504395
6194.9  1.034706830978394
6197.5  1.037317872047424
6200.1  1.039472699165344
6202.7  1.040723562240601
6205.3  1.040858149528503
6207.9  1.039967298507691
6210.5  1.038418650627136
6213.1  1.036709308624268
6215.7  1.035232186317444
6218.3  1.034054398536682
6220.9  1.032835483551025
6223.5  1.031002402305603
6226.1  1.028178334236145
6228.7  1.024556159973145
6231.3  1.020817279815674
6233.9  1.017657160758972
6236.5  1.01540207862854
6239.1  1.013982772827149
6241.7  1.013172149658203
6244.3  1.012964963912964
6246.9  1.013788104057312
6249.5  1.016154527664185
6252.1  1.020066142082214
6254.7  1.024858236312866
6257.3  1.029571890830994
6259.9  1.033409595489502
6262.5  1.035958886146546
6265.1  1.037143588066101
6267.7  1.036968350410461
6270.3  1.03535270690918
6272.9  1.032440662384033
6275.5  1.029165506362915
6278.1  1.02711808681488
6280.7  1.027351140975952
6283.3  1.029341101646423
6285.9  1.03141975402832
6288.5  1.032096862792969
6291.1  1.030822277069092
6293.7  1.027958273887634
6296.3  1.024617552757263
6298.9  1.02233350276947
6301.5  1.022140741348267
6304.1  1.023673295974732
6306.7  1.025408267974854
6309.3  1.025910496711731
6311.9  1.024887561798096
6314.5  1.023307204246521
6317.1  1.022675514221191
6319.7  1.023929119110107
6322.3  1.026696801185608
6324.9  1.029581069946289
6327.5  1.031204462051392
6330.1  1.031033754348755
6332.7  1.029350996017456
6335.3  1.026595592498779
6337.9  1.022822976112366
6340.5  1.017967462539673
6343.1  1.012793660163879
6345.7  1.009210586547852
6348.3  1.008944749832153
6350.9  1.011776089668274
6353.5  1.015574097633362
6356.1  1.018158316612244
6358.7  1.018785953521729
6361.3  1.017928600311279
6363.9  1.016250252723694
6366.5  1.014238715171814
6369.1  1.012566566467285
6371.7  1.012039542198181
6374.3  1.012855291366577
6376.9  1.014424681663513
6379.5  1.016274809837341
6382.1  1.018601775169373
6384.7  1.021545767784119
6387.3  1.024476647377014
6389.9  1.026481986045837
6392.5  1.027257680892944
6395.1  1.027203440666199
6397.7  1.026849150657654
6400.3  1.026390552520752
6402.9  1.025623083114624
6405.5  1.024193644523621
6408.1  1.021963119506836
6410.7  1.019166946411133
6413.3  1.016333937644958
6415.9  1.014163494110107
6418.5  1.013288140296936
6421.1  1.013799667358399
6423.7  1.01494836807251
6426.3  1.015599250793457
6428.9  1.015137195587158
6431.5  1.013825297355652
6434.1  1.01234245300293
6436.7  1.011237978935242
6439.3  1.010717034339905
6441.9  1.010476469993591
6444.5  1.009639739990234
6447.1  1.007222414016724
6449.7  1.00301194190979
6452.3  0.9981830120086669
6454.9  0.9950051307678222
6457.5  0.9954268932342529
6460.1  0.9995145201683044
6462.7  1.005363583564758
6465.3  1.010594367980957
6467.9  1.013824582099915
6470.5  1.014958381652832
6473.1  1.014528632164002
6475.7  1.012987494468689
6478.3  1.010617256164551
6480.9  1.007842063903809
6483.5  1.005098581314087
6486.1  1.002225756645203
6488.7  0.9985504746437072
6491.3  0.9941024780273437
6493.9  0.990355908870697
6496.5  0.9891042709350585
6499.1  0.9906051158905029
6501.7  0.9932130575180053
6504.3  0.9947555065155029
6506.9  0.9939420223236083
6509.5  0.9907076358795166
6512.1  0.9859220385551452
6514.7  0.98097425699234
6517.3  0.9770908951759338
6519.9  0.9745125174522399
6522.5  0.9723225235939025
6525.1  0.9692389369010925
6527.7  0.9645199179649353
6530.3  0.9580883979797363
6532.9  0.949994683265686
6535.5  0.9399451613426208
6538.1  0.9272879362106323
6540.7  0.9112895727157592
6543.3  0.8913335800170898
6545.9  0.8667482137680053
6548.5  0.8363612294197082
6551.1  0.7984506487846374
6553.7  0.7520787119865417
6556.3  0.700150728225708
6558.9  0.6521904468536376
6561.5  0.6225419044494628
6564.1  0.6224077343940734
6566.7  0.6517668366432189
6569.3  0.6995536684989929
6571.9  0.7517862915992736
6574.5  0.7990503311157226
6577.1  0.8378559350967407
6579.7  0.8682101368904113
6582.3  0.89153254032135
6584.9  0.909873604774475
6587.5  0.9253999590873718
6590.1  0.939674437046051
6592.7  0.9531759023666381
6595.3  0.9655126929283142
6597.9  0.9761234521865844
6600.5  0.9848320484161376
6603.1  0.9919060468673706
6605.7  0.9977834224700927
6608.3  1.00282895565033
6610.9  1.007239460945129
6613.5  1.011021733283997
6616.1  1.014060974121094
6618.7  1.016299724578857
6621.3  1.017870187759399
6623.9  1.019028544425964
6626.5  1.01997447013855
6629.1  1.020780920982361
6631.7  1.021491408348084
6634.3  1.022231101989746
6636.9  1.023181796073914
6639.5  1.024450540542603
6642.1  1.025982737541199
6644.7  1.027602791786194
6647.3  1.029126644134522
6649.9  1.030438184738159
6652.5  1.031496047973633
6655.1  1.032320380210876
6657.7  1.033039808273315
6660.3  1.03395414352417
6662.9  1.035412192344666
6665.5  1.037448883056641
6668.1  1.039596199989319
6670.7  1.041203379631042
6673.3  1.042004346847534
6675.9  1.042345643043518
6678.5  1.04286003112793
6681.1  1.043907165527344
6683.7  1.04529881477356
6686.3  1.046505689620972
6688.9  1.047062277793884
6691.5  1.046811699867249
6694.1  1.045902609825134
6696.7  1.044622778892517
6699.3  1.043195247650147
6701.9  1.04169237613678
6704.5  1.040103912353516
6707.1  1.038469791412354
6709.7  1.036930322647095
6712.3  1.035666704177856
6714.9  1.034821271896362
6717.5  1.034468293190003
6720.1  1.034582257270813
6722.7  1.035005450248718
6725.3  1.035495162010193
6727.9  1.035864591598511
6730.5  1.036115884780884
6733.1  1.036431074142456
6735.7  1.036954164505005
6738.3  1.037561297416687
6740.9  1.037938952445984
6743.5  1.037913680076599
6746.1  1.037611842155457
6748.7  1.037253618240357
6751.3  1.036906719207764
6753.9  1.036544322967529
6756.5  1.036230444908142
6759.1  1.036039471626282
6761.7  1.035826444625854
6764.3  1.035320401191711
6766.9  1.034494280815125
6769.5  1.033651828765869
6772.1  1.033095359802246
6774.7  1.032797694206238
6777.3  1.032444477081299
6779.9  1.031773686408997
6782.5  1.030882239341736
6785.1  1.030175566673279
6787.7  1.02997088432312
6790.3  1.030191898345947
6792.9  1.030501842498779
6795.5  1.030675172805786
6798.1  1.030747532844543
6800.7  1.030868172645569
6803.3  1.03114914894104
6805.9  1.031702280044556
6808.5  1.032723069190979
6811.1  1.034405946731567
6813.7  1.036689519882202
6816.3  1.039088368415833
6818.9  1.040899038314819
6821.5  1.041742205619812
6824.1  1.041940212249756
6826.7  1.042177796363831
6829.3  1.042645692825317
6831.9  1.042646646499634
6834.5  1.041261196136475
6837.1  1.038303017616272
6839.7  1.034433603286743
6842.3  1.03051495552063
6844.9  1.027167797088623
6847.5  1.024748206138611
6850.1  1.023221731185913
6852.7  1.021271467208862
6855.3  1.014855980873108
6857.9  0.9954308271408081
6860.5  0.9507862329483032
6863.1  0.8728202581405639
6865.7  0.770532488822937
6868.3  0.6744970679283142
6870.9  0.6208937764167785
6873.5  0.6255003213882446
6876.1  0.671639084815979
6878.7  0.7233920693397521
6881.3  0.7533845901489257
6883.9  0.7631047368049621
6886.5  0.7769041657447814
6889.1  0.8128639459609985
6891.7  0.8619446754455566
6894.3  0.898529827594757
6896.9  0.9061475396156311
6899.5  0.8897035121917724
6902.1  0.8698939085006713
6904.7  0.8687664866447448
6907.3  0.8942814469337463
6909.9  0.9350948333740234
6912.5  0.9722695350646972
6915.1  0.9952496290206909
6917.7  1.005518317222595
6920.3  1.009474039077759
6922.9  1.011590719223023
6925.5  1.012962818145752
6928.1  1.013215661048889
6930.7  1.012441992759705
6933.3  1.011454582214355
6935.9  1.01056706905365
6938.5  1.009080052375793
6941.1  1.006381750106812
6943.7  1.003284811973572
6946.3  1.001755595207214
6948.9  1.003083467483521
6951.5  1.006554841995239
6954.1  1.010215759277344
6956.7  1.012807965278626
6959.3  1.014622449874878
6961.9  1.016622662544251
6964.5  1.019273638725281
6967.1  1.022342681884766
6969.7  1.025371193885803
6972.3  1.028014898300171
6974.9  1.030122756958008
6977.5  1.031700134277344
6980.1  1.03280246257782
6982.7  1.033469438552857
6985.3  1.033753752708435
6987.9  1.033601999282837
6990.5  1.032594561576843
6993.1  1.030102014541626
6995.7  1.025968074798584
6998.3  1.020985007286072
7000.9  1.016567349433899
7003.5  1.013849496841431
7006.1  1.012916088104248
7008.7  1.012756705284119
7011.3  1.012060403823853
7013.9  1.010297775268555
7016.5  1.008172273635864
7019.1  1.006944298744202
7021.7  1.007193565368652
7024.3  1.00825297832489
7026.9  1.008786559104919
7029.5  1.007791638374329
7032.1  1.005369663238525
7034.7  1.00297749042511
7037.3  1.002629399299622
7039.9  1.00517475605011
7042.5  1.009464859962463
7045.1  1.013617873191834
7047.7  1.016804456710816
7050.3  1.019426822662354
7052.9  1.021990060806274
7055.5  1.024401545524597
7058.1  1.026305556297302
7060.7  1.027639031410217
7063.3  1.028648614883423
7065.9  1.029498934745789
7068.5  1.02997887134552
7071.1  1.02964460849762
7073.7  1.028228521347046
7076.3  1.025851249694824
7078.9  1.022829532623291
7081.5  1.019423365592957
7084.1  1.015890836715698
7086.7  1.012643098831177
7089.3  1.010142803192139
7091.9  1.00860857963562
7094.5  1.007894992828369
7097.1  1.007629990577698
7099.7  1.007345676422119
7102.3  1.006407260894775
7104.9  1.0040123462677
7107.5  0.9996666312217712
7110.1  0.9939261674880981
7112.7  0.9885773658752441
7115.3  0.9857661724090576
7117.9  0.9866465926170349
7120.5  0.9907086491584777
7123.1  0.9963154196739196
7125.7  1.001862525939941
7128.3  1.00662624835968
7130.9  1.01082170009613
7133.5  1.014922380447388
7136.1  1.018808364868164
7138.7  1.021632432937622
7141.3  1.022666215896606
7143.9  1.022198438644409
7146.5  1.021392464637756
7149.1  1.02119791507721
7151.7  1.021486639976501
7154.3  1.021241903305054
7156.9  1.019305348396301
7159.5  1.014814734458923
7162.1  1.007251381874084
7164.7  0.9966843724250793
7167.3  0.9845429062843322
7169.9  0.9741569757461547
7172.5  0.969407320022583
7175.1  0.9715485572814941
7177.7  0.977370798587799
7180.3  0.9810959100723266
7182.9  0.9776864647865295
7185.5  0.9648665785789489
7188.1  0.9447070956230163
7190.7  0.9246674180030822
7193.3  0.9141916036605834
7195.9  0.9169932603836059
7198.5  0.9279050230979919
7201.1  0.9393313527107238
7203.7  0.9488604068756103
7206.3  0.9588150382041931
7208.9  0.9706690311431884
7211.5  0.9825053811073303
7214.1  0.991326093673706
7216.7  0.995814025402069
7219.3  0.996511697769165
7221.9  0.9948258996009826
7224.5  0.9926644563674926
7227.1  0.9920799136161804
7229.7  0.9939267039299011
7232.3  0.9969347715377807
7234.9  0.9986610412597656
7237.5  0.997382640838623
7240.1  0.993265151977539
7242.7  0.9881665706634521
7245.3  0.9843010306358337
7247.9  0.982734739780426
7250.5  0.9831309914588928
7253.1  0.9847641587257385
7255.7  0.9872323870658874
7258.3  0.9901935458183288
7260.9  0.9930083751678466
7263.5  0.9948028326034545
7266.1  0.994664192199707
7268.7  0.9920023083686828
7271.3  0.987260103225708
7273.9  0.9822499155998229
7276.5  0.9790209531784057
7279.1  0.9778799414634704
7281.7  0.9769439101219177
7284.3  0.9741202592849731
7286.9  0.9693612456321716
7289.5  0.9648436903953552
7292.1  0.9632856845855712
7294.7  0.9660106897354125
7297.3  0.9720442295074462
7299.9  0.9788801670074462
7302.5  0.9842523336410522
7305.1  0.9872151017189025
7307.7  0.9879187941551208
7310.3  0.987183928489685
7312.9  0.9864317774772644
7315.5  0.9873908162117004
7318.1  0.9911845922470092
7320.7  0.9973200559616088
7323.3  1.003747820854187
7325.9  1.008306860923767
7328.5  1.010165572166443
7331.1  1.009857416152954
7333.7  1.008334398269653
7336.3  1.006226778030396
7338.9  1.003692984580994
7341.5  1.000661611557007
7344.1  0.9972384572029113
7346.7  0.9939696192741394
7349.3  0.9915922880172729
7351.9  0.990442156791687
7354.5  0.9902401566505432
7357.1  0.9905562400817871
7359.7  0.9912756085395812
7362.3  0.9924455881118774
7364.9  0.9938476085662841
7367.5  0.9949821233749389
7370.1  0.99550461769104
7372.7  0.9954867362976074
7375.3  0.9951318502426147
7377.9  0.9943538904190063
7380.5  0.9928488135337829
7383.1  0.9906725287437438
7385.7  0.9886707067489624
7388.3  0.9881936907768249
7390.9  0.990204632282257
7393.5  0.9945064187049865
7396.1  0.9997882843017578
7398.7  1.004446744918823
7401.3  1.007484912872314
7403.9  1.008848786354065
7406.5  1.009085655212402
7409.1  1.008743643760681
7411.7  1.008067965507507
7414.3  1.007108449935913
7416.9  1.005926966667175
7419.5  1.004700064659119
7422.1  1.003734111785889
7424.7  1.003255844116211
7427.3  1.003081560134888
7429.9  1.002659797668457
7432.5  1.001532435417175
7435.1  0.9996349215507507
7437.7  0.9972057938575744
7440.3  0.9946456551551818
7442.9  0.9924572706222534
7445.5  0.9910969734191894
7448.1  0.9907261729240417
7450.7  0.9910502433776855
7453.3  0.9913966059684753
7455.9  0.9911192655563354
7458.5  0.9901135563850402
7461.1  0.9889395833015441
7463.7  0.9883198142051696
7466.3  0.9884807467460632
7468.9  0.9890424013137817
7471.5  0.9894957542419433
7474.1  0.989723265171051
7476.7  0.9901248812675476
7479.3  0.9913606643676757
7481.9  0.9939318895339965
7484.5  0.9977959394454956
7487.1  1.00225031375885
7489.7  1.00633692741394
7492.3  1.009551525115967
7494.9  1.012054443359375
7497.5  1.014060974121094
7500.1  1.01522171497345
7502.7  1.014862775802612
7505.3  1.012773156166077
7507.9  1.009600162506104
7510.5  1.006473541259766
7513.1  1.004256248474121
7515.7  1.003083229064941
7518.3  1.002551198005676
7520.9  1.002219080924988
7523.5  1.001796007156372
7526.1  1.000988721847534
7528.7  0.9995149374008178
7531.3  0.9974522590637207
7533.9  0.9954514503479003
7536.5  0.9943616986274719
7539.1  0.9944854974746704
7541.7  0.9952443242073059
7544.3  0.9957204461097717
7546.9  0.9955075979232788
7549.5  0.99494469165802
7552.1  0.9946181774139404
7554.7  0.9947660565376281
7557.3  0.9951308965682983
7559.9  0.9952755570411682
7562.5  0.9950299859046936
7565.1  0.9946730732917785
7567.7  0.9946814179420471
7570.3  0.9952995777130126
7572.9  0.9963487386703491
7575.5  0.9973766803741455
7578.1  0.997262954711914
7580.7  0.9924727082252502
7583.3  0.9743292331695556
7585.9  0.9285234212875366
7588.5  0.8418019413948059
7591.1  0.7143308520317077
7593.7  0.5649041533470153
7596.3  0.4198741018772125
7598.9  0.2981560230255127
7601.5  0.2094739973545075
7604.1  0.1613344550132752
7606.7  0.1613051444292069
7609.3  0.2143141627311707
7611.9  0.3177807927131653
7614.5  0.4533707499504089
7617.1  0.5843284726142883
7619.7  0.6711423397064208
7622.3  0.6964804530143737
7624.9  0.6738049387931823
7627.5  0.6321099400520324
7630.1  0.5941101312637329
7632.7  0.5677591562271118
7635.3  0.5539195537567138
7637.9  0.5567761659622192
7640.5  0.5834051370620727
7643.1  0.6332150697708129
7645.7  0.6928415298461914
7648.3  0.7459498047828674
7650.9  0.7863110303878784
7653.5  0.818830668926239
7656.1  0.8504208326339721
7658.7  0.882799208164215
7661.3  0.9129369854927062
7663.9  0.9373741745948791
7666.5  0.9549967050552368
7669.1  0.9671237468719482
7671.7  0.9760022759437561
7674.3  0.983022928237915
7676.9  0.9873399138450622
7679.5  0.9854659438133239
7682.1  0.9732067584991455
7684.7  0.9507234096527099
7687.3  0.9272786378860473
7689.9  0.9175816774368286
7692.5  0.9293253421783447
7695.1  0.9555709958076477
7697.7  0.9819439649581909
7700.3  0.9990633130073547
7702.9  1.00621509552002
7705.5  1.006788015365601
7708.1  1.00405490398407
7710.7  1.000422716140747
7713.3  0.9976890683174133
7715.9  0.9966072440147399
7718.5  0.9966914653778076
7721.1  0.9969719052314758
7723.7  0.9970253705978393
7726.3  0.9970810413360595
7728.9  0.9973564743995666
7731.5  0.9976143836975097
7734.1  0.9973874688148498
7736.7  0.9964354038238525
7739.3  0.9949505925178527
7741.9  0.9934839010238647
7744.5  0.9926701784133911
7747.1  0.9928653836250305
7749.7  0.9939717650413513
7752.3  0.9955849051475524
7754.9  0.9971901178359985
7757.5  0.998092234134674
7760.1  0.9970407485961914
7762.7  0.9920380115509033
7765.3  0.9813252687454223
7767.9  0.9658701419830322
7770.5  0.9512026906013488
7773.1  0.9452245235443115
7775.7  0.9523535370826721
7778.3  0.9697242975234985
7780.9  0.9897350668907165
7783.5  1.005853176116943
7786.1  1.015700340270996
7788.7  1.020064234733582
7791.3  1.020691156387329
7793.9  1.019074559211731
7796.5  1.016295194625854
7799.1  1.013180136680603
7801.7  1.010324001312256
7804.3  1.008023977279663
7806.9  1.006323933601379
7809.5  1.005137443542481
7812.1  1.004307627677918
7814.7  1.003643155097962
7817.3  1.002956867218018
7819.9  1.002067565917969
7822.5  1.000785827636719
7825.1  0.9990054965019226
7827.7  0.9969314336776733
7830.3  0.9952170252799987
7832.9  0.9946439862251281
7835.5  0.9954348802566528
7838.1  0.9969125390052795
7840.7  0.9979729652404785
7843.3  0.9979202151298522
7845.9  0.996923804283142
7848.5  0.9957910180091857
7851.1  0.9952732324600219
7853.7  0.9954478740692138
7856.3  0.9957377314567565
7858.9  0.9955790638923645
7861.5  0.9949627518653869
7864.1  0.9942401647567749
7866.7  0.9936216473579406
7869.3  0.9932490587234497
7871.9  0.993731677532196
7874.5  0.9961100816726684
7877.1  1.000924944877625
7879.7  1.00730562210083
7882.3  1.013133764266968
7884.9  1.016162991523743
7887.5  1.015120148658752
7890.1  1.010229825973511
7892.7  1.003320693969727
7895.3  0.9973376393318176
7897.9  0.9948315620422363
7900.5  0.9962538480758666
7903.1  0.9997925162315368
7905.7  1.002984285354614
7908.3  1.004364371299744
7910.9  1.003736138343811
7913.5  1.0014967918396
7916.1  0.9981455206871032
7918.7  0.9942221045494079
7921.3  0.9902675747871398
7923.9  0.9867214560508728
7926.5  0.9839320182800292
7929.1  0.9822582602500915
7931.7  0.9819304943084716
7934.3  0.9826105237007141
7936.9  0.9832818508148193
7939.5  0.9829785823822021
7942.1  0.9817734956741333
7944.7  0.9808618426322937
7947.3  0.9815015792846679
7949.9  0.9838601350784301
7952.5  0.9868679642677307
7955.1  0.9891301989555358
7957.7  0.9900159835815429
7960.3  0.9900153279304504
7962.9  0.9901441931724548
7965.5  0.9910523295402526
7968.1  0.9927147626876831
7970.7  0.9948458671569824
7973.3  0.9973900318145751
7975.9  1.000553488731384
7978.5  1.004438877105713
7981.1  1.008742690086365
7983.7  1.012797713279724
7986.3  1.015828609466553
7988.9  1.017227053642273
7991.5  1.016733884811401
7994.1  1.014440536499024
7996.7  1.010580778121948
7999.3  1.005415916442871
8001.9  0.9995253086090087
8004.5  0.99419766664505
8007.1  0.9909916520118713
8009.7  0.9904394745826721
8012.3  0.9914740920066833
8014.9  0.9924907684326171
8017.5  0.9927185177803039
8020.1  0.9924632310867309
8022.7  0.9924396276473999
8025.3  0.9930430054664611
8027.9  0.9940375685691833
8030.5  0.9947723746299743
8033.1  0.9946604371070861
8035.7  0.9934709668159484
8038.3  0.9913123846054077
8040.9  0.9885981678962707
8043.5  0.9860575199127197
8046.1  0.98451828956604
8048.7  0.9844110012054443
8051.3  0.9854502081871032
8053.9  0.9868594408035278
8056.5  0.9879559874534606
8059.1  0.988550841808319
8061.7  0.9888378977775573
8064.3  0.9890486598014831
8066.9  0.9893355369567871
8069.5  0.9897880554199218
8072.1  0.9902441501617431
8074.7  0.9901371598243713
8077.3  0.9889584779739379
8079.9  0.987130582332611
8082.5  0.9862486720085144
8085.1  0.9880029559135437
8087.7  0.9925736188888549
8090.3  0.9982703328132629
8092.9  1.002944707870483
8095.5  1.005626082420349
8098.1  1.006730079650879
8100.7  1.007016181945801
8103.3  1.006661772727966
8105.9  1.005294322967529
8108.5  1.00271999835968
8111.1  0.9995261430740356
8113.7  0.9968447089195251
8116.3  0.995365560054779
8118.9  0.9946579933166503
8121.5  0.9935919046401977
8124.1  0.9913306832313537
8126.7  0.9878900051116943
8129.3  0.9840206503868103
8131.9  0.9807229042053222
8134.5  0.9786348938941955
8137.1  0.9776288866996765
8139.7  0.9770393967628479
8142.3  0.9763425588607788
8144.9  0.9754636287689208
8147.5  0.9744622707366943
8150.1  0.9732545614242553
8152.7  0.971833050251007
8155.3  0.9705734252929687
8157.9  0.9699668884277343
8160.5  0.9699479937553405
8163.1  0.9694992899894714
8165.7  0.9667055010795593
8168.3  0.9586141705513
8170.9  0.9418526887893676
8173.5  0.916159451007843
8176.1  0.8887869715690612
8178.7  0.872249960899353
8181.3  0.8739888668060302
8183.9  0.8895497322082519
8186.5  0.9083839654922485
8189.1  0.9240500926971435
8191.7  0.936499536037445
8194.3  0.9476451873779296
8196.9  0.9583945870399475
8199.5  0.968683898448944
8202.1  0.9774088263511657
8204.7  0.9820637702941894
8207.3  0.9797610640525817
8209.9  0.9692844152450561
8212.5  0.952740728855133
8215.1  0.9354664683341979
8217.7  0.9227575659751892
8220.3  0.9151545763015747
8222.9  0.9087463617324829
8225.5  0.9020444154739379
8228.1  0.8999980092048645
8230.7  0.9082502722740173
8233.3  0.9254716038703918
8235.9  0.9440921545028686
8238.5  0.957099974155426
8241.1  0.9623439311981201
8243.7  0.9616943597793579
8246.3  0.958020806312561
8248.9  0.9526262879371643
8251.5  0.944883108139038
8254.1  0.9347683787345886
8256.7  0.9258748292922973
8259.3  0.9241169095039367
8261.9  0.9321454167366027
8264.5  0.9462856650352478
8267.1  0.9601427912712097
8269.7  0.9699195623397827
8272.3  0.9754502177238464
8274.9  0.9778215885162353
8277.5  0.9775375723838806
8280.1  0.9746793508529663
8282.7  0.9700786471366882
8285.3  0.9659578800201416
8287.9  0.9649447798728942
8290.5  0.9679455757141113
8293.1  0.9732833504676818
8295.7  0.9782315492630004
8298.3  0.9811840653419494
8300.9  0.9824015498161315
8303.5  0.9832821488380432
8306.1  0.9851265549659729
8308.7  0.9882690906524658
8311.3  0.9920708537101745
8313.9  0.9954527616500854
8316.5  0.9973784089088439
8319.1  0.9970926642417907
8321.7  0.9942396879196166
8324.3  0.988969087600708
8326.9  0.9821217656135559
8329.5  0.9752614498138427
8332.1  0.970226764678955
8334.7  0.9682567119598388
8337.3  0.9692221283912658
8339.9  0.971672773361206
8342.5  0.973909854888916
8345.1  0.975174069404602
8347.7  0.9757401943206787
8350.3  0.9761123061180114
8352.9  0.9764699935913085
8355.5  0.976758062839508
8358.1  0.9768977761268615
8360.7  0.9767776131629943
8363.3  0.9762653112411499
8365.9  0.9753218293190002
8368.5  0.9740441441535949
8371.1  0.9726321101188659
8373.7  0.9713899493217468
8376.3  0.9706112742424011
8378.9  0.9702594280242919
8381.5  0.9699085354804992
8384.1  0.9692791104316711
8386.7  0.968748390674591
8389.3  0.9690901041030883
8391.9  0.9707648754119873
8394.5  0.9735678434371948
8397.1  0.9767557382583618
8399.7  0.9793782830238342
8402.3  0.9807395935058593
8404.9  0.9807110428810119
8407.5  0.9795358180999755
8410.1  0.9775999784469604
8412.7  0.9757004976272583
8415.3  0.9751852750778198
8417.9  0.9772399067878723
8420.5  0.9818328022956848
8423.1  0.9874343872070312
8425.7  0.9917656779289245
8428.3  0.992975890636444
8430.9  0.9904934763908386
8433.5  0.9850996732711791
8436.1  0.9781229496002197
8438.7  0.9704868793487548
8441.3  0.9629220962524414
8443.9  0.95712810754776
8446.5  0.9555900692939758
8449.1  0.959263265132904
8451.7  0.9659467935562133
8454.3  0.9717442393302917
8456.9  0.9739313125610351
8459.5  0.9722194075584411
8462.1  0.9680619239807128
8464.7  0.9635587334632873
8467.3  0.9607298970222473
8469.9  0.9608585834503173
8472.5  0.9639071822166442
8475.1  0.9686053395271301
8477.7  0.9732528328895568
8480.3  0.9764816164970397
8482.9  0.977323293685913
8485.5  0.9747710227966308
8488.1  0.9676014780998229
8490.7  0.9552238583564758
8493.3  0.9394284486770629
8495.9  0.9251500368118286
8498.5  0.9181545376777648
8501.1  0.9208706021308898
8503.7  0.930646002292633
8506.3  0.9423856735229492
8508.9  0.9524721503257751
8511.5  0.9600680470466613
8514.1  0.9657033085823059
8516.7  0.9697689414024353
8519.3  0.9722804427146911
8521.9  0.9730570316314697
8524.5  0.9708615541458129
8527.1  0.961091935634613
8529.7  0.9325037598609924
8532.3  0.8667014837265014
8534.9  0.7468970417976379
8537.5  0.5753194093704223
8540.1  0.3828001320362091
8542.7  0.2139480412006378
8545.3  0.09834562987089157
8547.9  0.0366162471473217
8550.5  0.01092053391039372
8553.1  0.002584951231256127
8555.7  4.782062605954707E-4
8558.3  6.351039337459951E-5
8560.9  0.
8563.5  0.
8566.1  0.
8568.7  0.
8571.3  0.
8573.9  0.
8576.5  0.
8579.1  0.
8581.7  0.
8584.3  0.
8586.9  0.
8589.5  0.
8592.1  0.
8594.7  0.
8597.3  0.
8599.9  0.
8602.5  0.
8605.1  0.
8607.7  0.
8610.3  0.
8612.9  0.
8615.5  0.
8618.1  0.
8620.7  0.
8623.3  0.
8625.9  0.
8628.5  0.
8631.1  0.
8633.7  0.
8636.3  0.
8638.9  0.
8641.5  4.974451076122932E-5
8644.1  3.795358934439719E-4
8646.7  0.002067045774310827
8649.3  0.008796833455562591
8651.9  0.02975465543568134
8654.5  0.08079209923744201
8657.1  0.1781939119100571
8659.7  0.3244003355503082
8662.3  0.4981400370597839
8664.9  0.6635411977767944
8667.5  0.7925139665603637
8670.1  0.8781899809837341
8672.7  0.9297297596931457
8675.3  0.9599896669387817
8677.9  0.9786446690559387
8680.5  0.9915668964385986
8683.1  1.001990556716919
8685.7  1.011398315429688
8688.3  1.020251274108887
8690.9  1.028486251831055
8693.5  1.035765528678894
8696.1  1.041558980941773
8698.7  1.045283675193787
8701.3  1.046600937843323
8703.9  1.04572343826294
8706.5  1.04339599609375
8709.1  1.040480971336365
8711.7  1.037447929382324
8714.3  1.034172654151917
8716.9  1.030183553695679
8719.5  1.025049924850464
8722.1  1.018569350242615
8724.7  1.01073431968689
8727.3  1.00160801410675
8729.9  0.9910891056060791
8732.5  0.9786913990974426
8735.1  0.9636381864547729
8737.7  0.9452264308929443
8740.3  0.9233067035675048
8742.9  0.8990610837936401
8745.5  0.8759465813636779
8748.1  0.8595955967903137
8750.7  0.85552978515625
8753.3  0.8657611012458801
8755.9  0.887289822101593
8758.5  0.9140904545783996
8761.1  0.9406792521476745
8763.7  0.9641361832618713
8766.3  0.9837497472763061
8768.9  0.9998252391815185
8771.5  1.01294755935669
8774.1  1.023565053939819
8776.7  1.03167998790741
8779.3  1.037172913551331
8781.9  1.040749669075012
8784.5  1.044255137443542
8787.1  1.049562454223633
8789.7  1.057106137275696
8792.3  1.065582871437073
8794.9  1.072789072990417
8797.5  1.07666289806366
8800.1  1.076223850250244
8802.7  1.072388529777527
8805.3  1.067885994911194
8807.9  1.065539717674255
8810.5  1.066009879112244
8813.1  1.067370414733887
8815.7  1.067056059837341
8818.3  1.064043045043945
8820.9  1.059202075004578
8823.5  1.053993701934815
8826.1  1.049096822738647
8828.7  1.044075727462769
8831.3  1.038010954856873
8833.9  1.030263423919678
8836.5  1.020669102668762
8839.1  1.00920832157135
8841.7  0.9956202507019042
8844.3  0.9792823791503906
8846.9  0.9593399763107299
8849.5  0.9349907040596008
8852.1  0.9060649871826171
8854.7  0.8740478157997131
8857.3  0.8431019186973571
8859.9  0.8198229670524597
8862.5  0.810771882534027
8865.1  0.8188405036926269
8867.7  0.8413217067718505
8870.3  0.8715664744377136
8872.9  0.9027886390686035
8875.5  0.9308193325996398
8878.1  0.9543738961219787
8880.7  0.9738479256629943
8883.3  0.9901062250137329
8885.9  1.003815531730652
8888.5  1.015326142311096
8891.1  1.024904608726502
8893.7  1.032920598983765
8896.3  1.039681792259216
8898.9  1.0450359582901
8901.5  1.048077821731567
8904.1  1.047469258308411
8906.7  1.042679786682129
8909.3  1.035494565963745
8911.9  1.029997944831848
8914.5  1.030030846595764
8917.1  1.036014914512634
8919.7  1.044541716575623
8922.3  1.051672577857971
8924.9  1.056668639183045
8927.5  1.062000036239624
8930.1  1.069767355918884
8932.7  1.078926682472229
8935.3  1.086201786994934
8937.9  1.088778495788574
8940.5  1.085884690284729
8943.1  1.078979015350342
8945.7  1.071267604827881
8948.3  1.066175818443298
8950.9  1.065072774887085
8953.5  1.066438794136047
8956.1  1.067631363868713
8958.7  1.067020535469055
8961.3  1.064070820808411
8963.9  1.057908892631531
8966.5  1.04699432849884
8969.1  1.031245470046997
8971.7  1.013970494270325
8974.3  0.9993790984153747
8976.9  0.9861321449279785
8979.5  0.9656227827072143
8982.1  0.9315535426139831
8984.7  0.8918598294258117
8987.3  0.8654722571372985
8989.9  0.8628289103507995
8992.5  0.8734200000762939
8995.1  0.8774878978729248
8997.7  0.8668532967567443
9000.3  0.8490558862686157
9002.9  0.8334773778915405
9005.5  0.8200364112854003
9008.1  0.8033037185668945
9010.7  0.7833040952682495
9013.3  0.7685627341270446
9015.9  0.7691309452056884
9018.5  0.7879675030708312
9021.1  0.8191913962364196
9023.7  0.8536751270294189
9026.3  0.8855031132698059
9028.9  0.9133810997009277
9031.5  0.937311828136444
9034.1  0.9557476043701171
9036.7  0.9665260314941406
9039.3  0.9699624180793762
9041.9  0.9701238870620727
9044.5  0.9724273085594177
9047.1  0.9794700145721435
9049.7  0.9882663488388061
9052.3  0.9914995431900024
9054.9  0.9838380217552185
9057.5  0.9694956541061401
9060.1  0.9618635773658752
9062.7  0.9718895554542541
9065.3  0.9965323209762573
9067.9  1.020453691482544
9070.5  1.027218103408814
9073.1  1.008346080780029
9075.7  0.9674606919288635
9078.3  0.9207797646522521
9080.9  0.8898974061012268
9083.5  0.8877577781677246
9086.1  0.9109348654747009
9088.7  0.9457677602767944
9091.3  0.9793007373809814
9093.9  1.004997491836548
9096.5  1.022270679473877
9099.1  1.032829642295838
9101.7  1.037665128707886
9104.3  1.037699341773987
9106.9  1.035871028900147
9109.5  1.036254644393921
9112.1  1.040831804275513
9114.7  1.048130869865418
9117.3  1.054198861122131
9119.9  1.053488492965698
9122.5  1.040315747261047
9125.1  1.013260364532471
9127.7  0.9800951480865478
9130.3  0.9557849764823913
9132.9  0.9521689414978027
9135.5  0.9693084359169006
9138.1  0.9971985816955566
9140.7  1.024175763130188
9143.3  1.043315172195435
9145.9  1.053511738777161
9148.5  1.057202100753784
9151.1  1.057717084884644
9153.7  1.057785987854004
9156.3  1.058895945549011
9158.9  1.060954928398132
9161.5  1.06242311000824
9164.1  1.06134033203125
9166.7  1.056506037712097
9169.3  1.048374056816101
9171.9  1.039219737052917
9174.5  1.031789779663086
9177.1  1.027135848999023
9179.7  1.02434253692627
9182.3  1.022671341896057
9184.9  1.022647738456726
9187.5  1.024331450462341
9190.1  1.025924444198609
9192.7  1.025174379348755
9195.3  1.021232724189758
9197.9  1.014198660850525
9200.5  1.00367271900177
9203.1  0.9888839125633239
9205.7  0.9699646234512329
9208.3  0.9483260512351989
9210.9  0.9256083965301513
9213.5  0.9023728370666503
9216.1  0.8776667118072509
9218.7  0.8497224450111389
9221.3  0.8177465200424194
9223.9  0.7842087745666503
9226.5  0.755604088306427
9229.1  0.7398501634597778
9231.7  0.7417935729026794
9234.3  0.7607766389846801
9236.9  0.7918399572372436
9239.5  0.8285542726516723
9242.1  0.8653029203414916
9244.7  0.8982195854187011
9247.3  0.9248770475387573
9249.9  0.9436911940574645
9252.5  0.9540967941284179
9255.1  0.9574049115180969
9257.7  0.9572867155075073
9260.3  0.9588822126388549
9262.9  0.9659574627876281
9265.5  0.9775121808052062
9268.1  0.9866647124290466
9270.7  0.9843087196350097
9273.3  0.9671955704689025
9275.9  0.9443283081054687
9278.5  0.9323287606239318
9281.1  0.9406384229660034
9283.7  0.9623630046844482
9286.3  0.9816169738769531
9288.9  0.9882739782333374
9291.5  0.9853187203407287
9294.1  0.9842183589935302
9296.7  0.993383765220642
9299.3  1.0100417137146
9301.9  1.023204445838928
9304.5  1.023110270500183
9307.1  1.006715416908264
9309.7  0.9762884378433227
9312.3  0.9350228905677795
9314.9  0.8829547762870788
9317.5  0.817979872226715
9320.1  0.7451686859130859
9322.7  0.6817285418510437
9325.3  0.6423365473747253
9327.9  0.6219287514686584
9330.5  0.6069439649581909
9333.1  0.6003692150115966
9335.7  0.6183140873908996
9338.3  0.6634727120399475
9340.9  0.7191157937049865
9343.5  0.7668161988258361
9346.1  0.795586347579956
9348.7  0.8000639081001281
9351.3  0.7866818904876708
9353.9  0.7756645083427429
9356.5  0.7809321880340576
9359.1  0.7927373647689819
9361.7  0.7924604415893554
9364.3  0.7777380943298339
9366.9  0.7603980302810668
9369.5  0.7460559010505676
9372.1  0.7313734292984008
9374.7  0.7218886017799377
9377.3  0.7374639511108398
9379.9  0.790554940700531
9382.5  0.8673241734504699
9385.1  0.9392527341842651
9387.7  0.9880968332290649
9390.3  1.012805700302124
9392.9  1.018292665481567
9395.5  1.006378650665283
9398.1  0.977997601032257
9400.7  0.939302384853363
9403.3  0.9019196033477783
9405.9  0.8756777048110961
9408.5  0.8617379069328308
9411.1  0.8527269959449768
9413.7  0.8379121422767639
9416.3  0.8093746304512023
9418.9  0.7689531445503234
9421.5  0.7317246198654174
9424.1  0.7183830738067626
9426.7  0.7385365366935729
9429.3  0.7797324061393737
9431.9  0.8162940740585327
9434.5  0.8334174156188964
9437.1  0.8409928679466247
9439.7  0.8592584133148193
9442.3  0.8942264318466186
9444.9  0.9324115514755249
9447.5  0.9563862681388854
9450.1  0.9582279920578002
9452.7  0.9378461837768554
9455.3  0.8952511548995971
9457.9  0.8296730518341064
9460.5  0.7479207515716552
9463.1  0.6728127598762512
9465.7  0.6376165151596069
9468.3  0.661676287651062
9470.9  0.7274829149246215
9473.5  0.7897645831108093
9476.1  0.814523160457611
9478.7  0.8081436157226562
9481.3  0.8047400116920471
9483.9  0.8254580497741699
9486.5  0.8546954989433288
9489.1  0.8589579463005065
9491.7  0.8253784775733947
9494.3  0.7785525321960449
9496.9  0.7593147158622741
9499.5  0.7878587245941162
9502.1  0.8488103151321411
9504.7  0.9101511240005493
9507.3  0.950063407421112
9509.9  0.9650220274925231
9512.5  0.9608280062675476
9515.1  0.9432284235954284
9517.7  0.9143846631050109
9520.3  0.8735681772232055
9522.9  0.8221012949943542
9525.5  0.7695499658584594
9528.1  0.7307199835777282
9530.7  0.7118416428565979
9533.3  0.7023547291755676
9535.9  0.6845535039901733
9538.5  0.6505558490753173
9541.1  0.6100406646728515
9543.7  0.5823988318443298
9546.3  0.5788644552230834
9548.9  0.5928220152854919
9551.5  0.6111489534378051
9554.1  0.6305386424064636
9556.7  0.6561277508735656
9559.3  0.6895120739936828
9561.9  0.727767527103424
9564.5  0.770671010017395
9567.1  0.8194862008094787
9569.7  0.8699285387992858
9572.3  0.9128007888793945
9574.9  0.9410189986228942
9577.5  0.9532375931739807
9580.1  0.9524801969528198
9582.7  0.9442817568778991
9585.3  0.9357388615608215
9587.9  0.932904839515686
9590.5  0.9364789128303527
9593.1  0.9416078329086303
9595.7  0.9443809390068054
9598.3  0.9463526606559753
9600.9  0.948586106300354
9603.5  0.9413493871688842
9606.1  0.903975486755371
9608.7  0.8221645951271057
9611.3  0.7123221158981323
9613.9  0.6253470182418823
9616.5  0.6124505400657653
9619.1  0.6812961101531982
9621.7  0.7915405631065368
9624.3  0.8920196890830993
9626.9  0.9540966749191284
9629.5  0.9742428064346313
9632.1  0.9616943001747131
9634.7  0.9306788444519042
9637.3  0.8966317772865295
9639.9  0.8717244267463684
9642.5  0.8638837933540344
9645.1  0.878279685974121
9647.7  0.9132139086723327
9650.3  0.9555067420005798
9652.9  0.9880554676055908
9655.5  1.003809094429016
9658.1  1.009165406227112
9660.7  1.014803051948547
9663.3  1.026015162467957
9665.9  1.040848016738892
9668.5  1.054237246513367
9671.1  1.062386870384216
9673.7  1.064390897750855
9676.3  1.061810970306397
9678.9  1.057603597640991
9681.5  1.05423104763031
9684.1  1.051860928535462
9686.7  1.048735857009888
9689.3  1.043598055839539
9691.9  1.037283182144165
9694.5  1.032003879547119
9697.1  1.029927015304566
9699.7  1.032378196716309
9702.3  1.039193749427795
9704.9  1.048295259475708
9707.5  1.056522965431213
9710.1  1.06154477596283
9712.7  1.063181281089783
9715.3  1.062967419624329
9717.9  1.062448382377625
9720.5  1.061934113502503
9723.1  1.060564398765564
9725.7  1.056776404380798
9728.3  1.048850774765015
9730.9  1.03638231754303
9733.5  1.022052764892578
9736.1  1.010845184326172
9738.7  1.005707979202271
9741.3  1.004331946372986
9743.9  1.002082824707031
9746.5  0.9980514645576477
9749.1  0.9952632784843444
9751.7  0.9925834536552429
9754.3  0.9763574004173278
9756.9  0.9224523305892944
9759.5  0.81290203332901
9762.1  0.6606215834617614
9764.7  0.5199719071388244
9767.3  0.4601341485977173
9769.9  0.5140593647956848
9772.5  0.6520490050315856
9775.1  0.8082388043403625
9777.7  0.9299822449684143
9780.3  1.001435399055481
9782.9  1.032135963439941
9785.5  1.037498831748962
9788.1  1.03097665309906
9790.7  1.023467302322388
9793.3  1.021159052848816
9795.9  1.023781776428223
9798.5  1.028282999992371
9801.1  1.033737182617188
9803.7  1.041156053543091
9806.3  1.050039768218994
9808.9  1.057746171951294
9811.5  1.061962127685547
9814.1  1.062273263931274
9816.7  1.059520363807678
9819.3  1.05503261089325
9821.9  1.05077862739563
9824.5  1.04908287525177
9827.1  1.051023125648499
9829.7  1.055246949195862
9832.3  1.059046864509583
9834.9  1.060667037963867
9837.5  1.06016206741333
9840.1  1.058285355567932
9842.7  1.055363893508911
9845.3  1.05149507522583
9847.9  1.04718017578125
9850.5  1.043317675590515
9853.1  1.040775299072266
9855.7  1.040012121200562
9858.3  1.040809988975525
9860.9  1.04230010509491
9863.5  1.043512582778931
9866.1  1.044085741043091
9868.7  1.044372916221619
9871.3  1.044878005981445
9873.9  1.045641899108887
9876.5  1.046087741851807
9879.1  1.045269966125488
9881.7  1.042241811752319
9884.3  1.036722540855408
9886.9  1.030104041099548
9889.5  1.025542378425598
9892.1  1.025940418243408
9894.7  1.031414270401001
9897.3  1.039193630218506
9899.9  1.046027302742005
9902.5  1.050179600715637
9905.1  1.051385521888733
9907.7  1.049070477485657
9910.3  1.039408445358276
9912.9  1.01140034198761
9915.5  0.9463071823120117
9918.1  0.8289058208465576
9920.7  0.6708537340164184
9923.3  0.5240145325660705
9925.9  0.4566978514194489
9928.5  0.5031557083129882
9931.1  0.6357004046440124
9933.7  0.7894760370254516
9936.3  0.9117127656936645
9938.9  0.9868484735488891
9941.5  1.025758028030396
9944.1  1.044388890266419
9946.7  1.053524732589722
9949.3  1.059049963951111
9951.9  1.063891768455505
9954.5  1.068371772766113
9957.1  1.070977449417114
9959.7  1.070214629173279
9962.3  1.066186666488647
9964.9  1.060485482215881
9967.5  1.054940223693848
9970.1  1.050550103187561
9972.7  1.047116637229919
9975.3  1.043660640716553
9977.9  1.039456367492676
9980.5  1.034632921218872
9983.1  1.028758764266968
9985.7  1.017480611801147
9988.3  0.9885872602462768
9990.9  0.9214649200439453
9993.5  0.7966905236244201
9996.1  0.6153826117515563
