3501.3  0.4063440561294556
3503.9  0.5106817483901977
3506.5  0.5710718631744384
3509.1  0.5892926454544067
3511.7  0.5800719857215881
3514.3  0.5586868524551391
3516.9  0.5333500504493713
3519.5  0.5069026350975036
3522.1  0.4858931005001068
3524.7  0.4825275242328644
3527.3  0.5033391118049621
3529.9  0.5403106808662414
3532.5  0.5758547186851501
3535.1  0.592994213104248
3537.7  0.5817548036575317
3540.3  0.5442014932632446
3542.9  0.498228907585144
3545.5  0.4714711308479309
3548.1  0.4827247858047485
3550.7  0.5259881615638732
3553.3  0.5750894546508789
3555.9  0.6047237515449523
3558.5  0.6061583161354064
3561.1  0.5847783088684082
3563.7  0.5480582118034362
3566.3  0.4997565150260925
3568.9  0.4448201656341553
3571.5  0.3949610590934753
3574.1  0.3646706640720367
3576.7  0.3606089651584625
3579.3  0.3762942254543304
3581.9  0.39698725938797
3584.5  0.4088456332683563
3587.1  0.4077394604682922
3589.7  0.4042404592037201
3592.3  0.4170017540454865
3594.9  0.4545691013336182
3597.5  0.5036193132400512
3600.1  0.5395681858062744
3602.7  0.5480974912643432
3605.3  0.5340280532836914
3607.9  0.5137016773223876
3610.5  0.5035526752471923
3613.1  0.5110027194023132
3615.7  0.530724823474884
3618.3  0.5514879822731018
3620.9  0.5671865940093994
3623.5  0.5779109001159667
3626.1  0.5818436741828918
3628.7  0.5744045972824096
3631.3  0.5573999881744384
3633.9  0.542068064212799
3636.5  0.5384986400604248
3639.1  0.5451384186744689
3641.7  0.5508380532264709
3644.3  0.5460134148597717
3646.9  0.531722605228424
3649.5  0.5192601084709167
3652.1  0.5198349952697753
3654.7  0.5326699614524841
3657.3  0.546000063419342
3659.9  0.5518453121185302
3662.5  0.5547041893005371
3665.1  0.562585175037384
3667.7  0.5748041868209838
3670.3  0.5823643803596496
3672.9  0.5757923126220703
3675.5  0.5527725219726562
3678.1  0.5230705738067626
3680.7  0.504682719707489
3683.3  0.5097144246101379
3685.9  0.5339820384979248
3688.5  0.5611753463745117
3691.1  0.5755894184112548
3693.7  0.5711272954940795
3696.3  0.5527888536453247
3698.9  0.5326625108718872
3701.5  0.5231497883796691
3704.1  0.5317071080207824
3706.7  0.559603214263916
3709.3  0.6014401316642761
3711.9  0.6430387496948242
3714.5  0.663939893245697
3717.1  0.6507830023765563
3719.7  0.6095647811889648
3722.3  0.5581843256950378
3724.9  0.5063563585281372
3727.5  0.4519032835960388
3730.1  0.3981204330921173
3732.7  0.3633227348327637
3735.3  0.3648690283298492
3737.9  0.3983565866947174
3740.5  0.4393401741981506
3743.1  0.4665200710296631
3745.7  0.481249213218689
3748.3  0.5013760328292846
3750.9  0.5360705852508544
3753.5  0.572410762310028
3756.1  0.5908142328262329
3758.7  0.5887576341629028
3761.3  0.5831978917121887
3763.9  0.5921580791473388
3766.5  0.6192578673362731
3769.1  0.6554065942764282
3771.7  0.6908171772956848
3774.3  0.7236729264259338
3776.9  0.7585060000419616
3779.5  0.7963879108428955
3782.1  0.8260870575904846
3784.7  0.8278142213821411
3787.3  0.7902311086654663
3789.9  0.724035620689392
3792.5  0.657907485961914
3795.1  0.6214426159858703
3797.7  0.6292406916618347
3800.3  0.6737909913063049
3802.9  0.7279719114303588
3805.5  0.7566266655921936
3808.1  0.7349162101745605
3810.7  0.6651306748390197
3813.3  0.5778762102127075
3815.9  0.5103734731674194
3818.5  0.4793870151042938
3821.1  0.4758163392543793
3823.7  0.4818395376205444
3826.3  0.4868572056293488
3828.9  0.4885750710964203
3831.5  0.488305389881134
3834.1  0.4897942245006561
3836.7  0.4965928792953491
3839.3  0.5063084959983825
3841.9  0.5135905742645263
3844.5  0.5212011933326721
3847.1  0.5395535826683044
3849.7  0.5701380372047424
3852.3  0.5982014536857604
3854.9  0.6092836856842041
3857.5  0.6061208248138427
3860.1  0.6020649671554565
3862.7  0.6020561456680297
3865.3  0.5979996919631958
3867.9  0.581880509853363
3870.5  0.5564140677452087
3873.1  0.5308262705802917
3875.7  0.5114327073097229
3878.3  0.499130129814148
3880.9  0.4935376346111298
3883.5  0.4984771609306336
3886.1  0.5229458212852478
3888.7  0.5740514397621154
3891.3  0.6472068428993225
3893.9  0.7252786755561828
3896.5  0.7878050804138183
3899.1  0.8209454417228698
3901.7  0.8229604959487915
3904.3  0.8039142489433288
3906.9  0.7781192064285278
3909.5  0.7557179331779479
3912.1  0.7430078983306884
3914.7  0.7440969944000244
3917.3  0.7537832260131835
3919.9  0.7523070573806762
3922.5  0.7161741256713867
3925.1  0.6369521617889404
3927.7  0.530444324016571
3930.3  0.4306658208370209
3932.9  0.373729407787323
3935.5  0.3802576065063477
3938.1  0.4457293152809143
3940.7  0.5445497035980224
3943.3  0.6446292996406555
3945.9  0.7215874791145324
3948.5  0.7639978528022766
3951.1  0.7702819108963012
3953.7  0.7441180944442749
3956.3  0.6917458772659301
3958.9  0.6203393936157226
3961.5  0.5386332869529724
3964.1  0.4603913426399231
3966.7  0.405265748500824
3969.3  0.3917572498321533
3971.9  0.4252764880657196
3974.5  0.491759866476059
3977.1  0.5643665790557861
3979.7  0.6189363598823547
3982.3  0.6465498208999633
3984.9  0.6562361121177673
3987.5  0.6692442893981933
3990.1  0.7060251832008361
3992.7  0.7689073085784912
3995.3  0.8354241251945495
3997.9  0.8741558194160461
4000.5  0.8697854876518249
4003.1  0.8348211646080017
4005.7  0.8012608289718627
4008.3  0.7994607686996459
4010.9  0.837598443031311
4013.5  0.8973262906074523
4016.1  0.9500730633735656
4018.7  0.977933645248413
4021.3  0.9805175065994262
4023.9  0.9685062766075134
4026.5  0.956066608428955
4029.1  0.9553301334381103
4031.7  0.9704595208168029
4034.3  0.9952062964439392
4036.9  1.01747453212738
4039.5  1.026377201080322
4042.1  1.016024947166443
4044.7  0.9854561686515808
4047.3  0.9366547465324401
4049.9  0.8747860193252563
4052.5  0.8127732276916503
4055.1  0.7723543643951416
4057.7  0.7714186310768127
4060.3  0.8074567317962646
4062.9  0.8595479726791381
4065.5  0.9080608487129211
4068.1  0.9470880627632141
4070.7  0.9783304929733276
4073.3  1.000738263130188
4075.9  1.008969306945801
4078.5  0.997810959815979
4081.1  0.9668142199516296
4083.7  0.9247094392776489
4086.3  0.8886183500289916
4088.9  0.8712226152420043
4091.5  0.8653301000595092
4094.1  0.847229778766632
4096.7  0.8015688061714172
4099.3  0.7422319650650024
4101.9  0.7050719857215881
4104.5  0.7177450060844421
4107.1  0.7770488858222961
4109.7  0.855262279510498
4112.3  0.9234557747840881
4114.9  0.9661367535591125
4117.5  0.9798425436019897
4120.1  0.9670923948287963
4122.7  0.9353932738304138
4125.3  0.8997491598129272
4127.9  0.8791403174400329
4130.5  0.883887767791748
4133.1  0.9071465730667114
4135.7  0.9317569732666015
4138.3  0.9437472224235534
4140.9  0.9389740824699401
4143.5  0.9220046401023864
4146.1  0.900923728942871
4148.7  0.8802964091300964
4151.3  0.8583950400352478
4153.9  0.8339964151382446
4156.5  0.8160063624382019
4159.1  0.820967674255371
4161.7  0.8560744524002075
4164.3  0.9065781235694885
4166.9  0.9457826614379882
4169.5  0.9582884311676025
4172.1  0.9512287974357604
4174.7  0.9436286687850952
4177.3  0.9475264549255371
4179.9  0.959904670715332
4182.5  0.9692075252532958
4185.1  0.9667013883590698
4187.7  0.9536295533180236
4190.3  0.9407635927200317
4192.9  0.9396233558654785
4195.5  0.9505268335342407
4198.1  0.9610113501548767
4200.7  0.9597037434577941
4203.3  0.9500354528427124
4205.9  0.9453114867210388
4208.5  0.9512263536453247
4211.1  0.9598463177680969
4213.7  0.9620832204818725
4216.3  0.9572038054466247
4218.9  0.9464502334594726
4221.5  0.9276466369628906
4224.1  0.9031041860580444
4226.7  0.8838918805122375
4229.3  0.8779059052467346
4231.9  0.8806264996528625
4234.5  0.885160744190216
4237.1  0.8953996300697326
4239.7  0.9202889800071716
4242.3  0.9566919803619384
4244.9  0.9852749705314636
4247.5  0.9854904413223266
4250.1  0.9523979425430297
4252.7  0.9002442955970764
4255.3  0.8533787727355957
4257.9  0.832278549671173
4260.5  0.8431021571159362
4263.1  0.8766428232192993
4265.7  0.9167379736900329
4268.3  0.9507364034652709
4270.9  0.9725124239921569
4273.5  0.9786244630813598
4276.1  0.9665011167526245
4278.7  0.9370904564857482
4281.3  0.8958716988563537
4283.9  0.8497448563575744
4286.5  0.802775502204895
4289.1  0.7531595826148986
4291.7  0.6950151324272155
4294.3  0.6288986206054687
4296.9  0.5711436867713928
4299.5  0.5451307296752929
4302.1  0.5594061613082885
4304.7  0.598469853401184
4307.3  0.6386062502861022
4309.9  0.6714228987693786
4312.5  0.7083910703659057
4315.1  0.7610471248626708
4317.7  0.8207806348800659
4320.3  0.8640429377555847
4322.9  0.8766177296638488
4325.5  0.8662681579589843
4328.1  0.8501914739608764
4330.7  0.8359216451644897
4333.3  0.8185166716575622
4335.9  0.7941376566886901
4338.5  0.7726354002952575
4341.1  0.7731499075889587
4343.7  0.8052456378936767
4346.3  0.8567709922790527
4348.9  0.9032736420631408
4351.5  0.9280030131340026
4354.1  0.9313549399375915
4356.7  0.9238067269325256
4359.3  0.9136039614677429
4361.9  0.9026455879211425
4364.5  0.8913901448249816
4367.1  0.882011592388153
4369.7  0.8749411106109619
4372.3  0.8668644428253173
4374.9  0.8546527028083801
4377.5  0.8385131955146789
4380.1  0.8212096691131591
4382.7  0.8086700439453125
4385.3  0.8104318976402282
4387.9  0.8312667608261108
4390.5  0.8603298068046569
4393.1  0.8756498098373413
4395.7  0.8633729219436645
4398.3  0.8298835754394531
4400.9  0.7945125102996826
4403.5  0.7740787267684936
4406.1  0.7754252552986145
4408.7  0.7978964447975158
4411.3  0.8369410037994384
4413.9  0.8850685954093933
4416.5  0.9334765076637268
4419.1  0.9752707481384277
4421.7  1.006350755691528
4424.3  1.023110508918762
4426.9  1.021126985549927
4429.5  0.998653769493103
4432.1  0.9628024101257324
4434.7  0.930935263633728
4437.3  0.9214535951614379
4439.9  0.9394713044166564
4442.5  0.9726535081863403
4445.1  1.002043962478638
4447.7  1.015372753143311
4450.3  1.01086163520813
4452.9  0.9934935569763183
4455.5  0.97121262550354
4458.1  0.9535583853721618
4460.7  0.9489142298698425
4463.3  0.9583314657211303
4465.9  0.9719053506851196
4468.5  0.9747779369354248
4471.1  0.9583685398101806
4473.7  0.9262126088142395
4476.3  0.8916190266609191
4478.9  0.8705334067344665
4481.5  0.8725508451461791
4484.1  0.8945212960243225
4486.7  0.9234034419059753
4489.3  0.9475643038749694
4491.9  0.9649564623832702
4494.5  0.9804610013961791
4497.1  0.9976955652236938
4499.7  1.014236927032471
4502.3  1.023432970046997
4504.9  1.020286440849304
4507.5  1.004727125167847
4510.1  0.9784421324729919
4512.7  0.9405625462532043
4515.3  0.8922197222709655
4517.9  0.8463414907455444
4520.5  0.8251208066940307
4523.1  0.8407684564590454
4525.7  0.8804748654365539
4528.3  0.9161107540130615
4530.9  0.9305436611175537
4533.5  0.9316885471343994
4536.1  0.9390385150909423
4538.7  0.9586578011512756
4541.3  0.975451111793518
4543.9  0.9700952172279357
4546.5  0.9405365586280822
4549.1  0.9059536457061767
4551.7  0.8916350007057189
4554.3  0.9097290635108947
4556.9  0.9508290290832519
4559.5  0.9912781715393066
4562.1  1.01034951210022
4564.7  1.003290176391602
4567.3  0.9804186820983886
4569.9  0.9567809700965881
4572.5  0.943526804447174
4575.1  0.9452800750732421
4577.7  0.9605258703231811
4580.3  0.9829634428024291
4582.9  1.004361748695374
4585.5  1.016952276229858
4588.1  1.013463735580444
4590.7  0.9869849681854248
4593.3  0.9361689686775207
4595.9  0.8744035959243774
4598.5  0.8297023773193359
4601.1  0.8260637521743774
4603.7  0.8618460893630981
4606.3  0.9116137027740478
4608.9  0.9512343406677246
4611.5  0.9760807156562805
4614.1  0.9938371777534484
4616.7  1.007546424865723
4619.3  1.010524034500122
4621.9  0.9943867325782775
4624.5  0.9597371816635131
4627.1  0.920923113822937
4629.7  0.8985134363174438
4632.3  0.9027767181396484
4634.9  0.9258789420127868
4637.5  0.9519276022911071
4640.1  0.970776081085205
4642.7  0.9812457561492919
4645.3  0.9872840046882629
4647.9  0.9938984513282775
4650.5  1.00326406955719
4653.1  1.0123370885849
4655.7  1.015118956565857
4658.3  1.008204936981201
4660.9  0.9944815039634704
4663.5  0.9817711114883422
4666.1  0.976895272731781
4668.7  0.9799316525459289
4671.3  0.9845735430717468
4673.9  0.984868586063385
4676.5  0.9815431237220764
4679.1  0.9809961915016174
4681.7  0.9880775213241577
4684.3  1.000928044319153
4686.9  1.013098835945129
4689.5  1.019374847412109
4692.1  1.018868803977966
4694.7  1.013689160346985
4697.3  1.005454897880554
4699.9  0.9932921528816223
4702.5  0.9762974977493286
4705.1  0.9586926698684692
4707.7  0.9499933719635009
4710.3  0.9570959210395812
4712.9  0.9774443507194519
4715.5  1.001549959182739
4718.1  1.019899249076843
4720.7  1.026179313659668
4723.3  1.018030405044556
4725.9  0.9991514086723327
4728.5  0.9800951480865478
4731.1  0.9729253053665161
4733.7  0.9826040267944335
4736.3  1.004194617271423
4738.9  1.028358578681946
4741.5  1.04801070690155
4744.1  1.059626698493958
4746.7  1.061434984207153
4749.3  1.053371787071228
4751.9  1.038658261299133
4754.5  1.022563219070435
4757.1  1.008303880691528
4759.7  0.9961742758750915
4762.3  0.9879093170166015
4764.9  0.9888809919357299
4767.5  1.002853155136108
4770.1  1.026284456253052
4772.7  1.050407886505127
4775.3  1.068059682846069
4777.9  1.077278017997742
4780.5  1.079959988594055
4783.1  1.07908833026886
4785.7  1.077167391777039
4788.3  1.07568359375
4790.9  1.074368476867676
4793.5  1.071277379989624
4796.1  1.065147280693054
4798.7  1.05767297744751
4801.3  1.051661133766174
4803.9  1.047376871109009
4806.5  1.043242573738098
4809.1  1.039897203445435
4811.7  1.040515780448914
4814.3  1.046534538269043
4816.9  1.05525815486908
4819.5  1.06222140789032
4822.1  1.064722418785095
4824.7  1.063172101974487
4827.3  1.060120105743408
4829.9  1.057950615882874
4832.5  1.056981205940247
4835.1  1.055867075920105
4837.7  1.053757071495056
4840.3  1.051061511039734
4842.9  1.047497868537903
4845.5  1.039766907691956
4848.1  1.021963000297546
4850.7  0.9892044067382812
4853.3  0.9428099989891052
4855.9  0.8932796120643615
4858.5  0.8568525314331054
4861.1  0.8457610011100769
4863.7  0.8593531847000122
4866.3  0.8845568895339965
4868.9  0.9063833355903625
4871.5  0.9183809161186218
4874.1  0.923616886138916
4876.7  0.928453505039215
4879.3  0.9377228617668151
4881.9  0.953738510608673
4884.5  0.9757576584815979
4887.1  0.9995376467704772
4889.7  1.019691467285156
4892.3  1.033415794372559
4894.9  1.041499853134155
4897.5  1.046189188957214
4900.1  1.048882842063904
4902.7  1.049427032470703
4905.3  1.046269297599793
4907.9  1.036333322525024
4910.5  1.014286994934082
4913.1  0.9741241931915283
4915.7  0.9174211621284484
4918.3  0.8620420694351196
4920.9  0.8352606892585754
4923.5  0.851062536239624
4926.1  0.8972699046134948
4928.7  0.94794362783432
4931.3  0.9837037324905395
4933.9  0.9998624324798583
4936.5  1.003502488136292
4939.1  1.006370186805725
4941.7  1.016116380691528
4944.3  1.031832456588745
4946.9  1.047931909561157
4949.5  1.060246467590332
4952.1  1.067565321922302
4954.7  1.070129632949829
4957.3  1.067951917648315
4959.9  1.05913245677948
4962.5  1.040504455566406
4965.1  1.012746334075928
4967.7  0.9848920702934265
4970.3  0.9690824747085571
4972.9  0.9677279591560363
4975.5  0.9684088230133056
4978.1  0.9552159905433654
4980.7  0.925266146659851
4983.3  0.893036663532257
4985.9  0.8780716061592102
4988.5  0.888040542602539
4991.1  0.9146916270256042
4993.7  0.9443797469139099
4996.3  0.967431902885437
4998.9  0.9793035387992858
5001.5  0.9807773828506469
5004.1  0.9777737259864807
5006.7  0.9756308197975158
5009.3  0.974287986755371
5011.9  0.9719759821891784
5014.5  0.9698372483253479
5017.1  0.967741847038269
5019.7  0.9597021341323852
5022.3  0.9409500956535339
5024.9  0.9193089008331298
5027.5  0.9128408432006835
5030.1  0.9324477314949035
5032.7  0.9698806405067443
5035.3  1.0056072473526
5037.9  1.025386691093445
5040.5  1.027391076087952
5043.1  1.018535375595093
5045.7  1.008754849433899
5048.3  1.00648307800293
5050.9  1.0146404504776
5053.5  1.029170036315918
5056.1  1.041754961013794
5058.7  1.04321813583374
5061.3  1.026551365852356
5063.9  0.9922850131988525
5066.5  0.9533430933952331
5069.1  0.9288396835327148
5071.7  0.9275586009025573
5074.3  0.9410412311553955
5076.9  0.9566218256950378
5079.5  0.9714208245277404
5082.1  0.9890482425689697
5084.7  1.00860857963562
5087.3  1.022587060928345
5089.9  1.022174119949341
5092.5  1.002242803573608
5095.1  0.9655137062072753
5097.7  0.9244087934494018
5100.3  0.8933733105659484
5102.9  0.8764159679412841
5105.5  0.8675419688224792
5108.1  0.8653619885444641
5110.7  0.8782458901405334
5113.3  0.9104546904563903
5115.9  0.9515118598937988
5118.5  0.9846999049186706
5121.1  1.000655770301819
5123.7  0.9988324642181396
5126.3  0.9813635349273681
5128.9  0.9527038931846618
5131.5  0.9249284863471984
5134.1  0.9154679179191589
5136.7  0.9324711561203002
5139.3  0.964371919631958
5141.9  0.9881345629692077
5144.5  0.9873603582382202
5147.1  0.9626958966255187
5149.7  0.9294219613075256
5152.3  0.9044917821884155
5154.9  0.8907599449157714
5157.5  0.8735498785972595
5160.1  0.8367354869842529
5162.7  0.7811304926872253
5165.3  0.725069522857666
5167.9  0.6908406615257263
5170.5  0.6928074955940246
5173.1  0.731551170349121
5175.7  0.7917531132698059
5178.3  0.8494223356246948
5180.9  0.8895558714866638
5183.5  0.9152463674545288
5186.1  0.9351491332054138
5188.7  0.9468762874603271
5191.3  0.9401831626892089
5193.9  0.9149088263511657
5196.5  0.8893723487854003
5199.1  0.8867435455322265
5201.7  0.9140058159828186
5204.3  0.9572843313217163
5206.9  0.9972860813140869
5209.5  1.024415254592896
5212.1  1.039277195930481
5214.7  1.04486358165741
5217.3  1.041232466697693
5219.9  1.025159239768982
5222.5  0.993977665901184
5225.1  0.9520373940467834
5227.7  0.9137400984764099
5230.3  0.8965213894844055
5232.9  0.9080724120140075
5235.5  0.9406466484069824
5238.1  0.9778050184249877
5240.7  1.005184650421143
5243.3  1.016083836555481
5245.9  1.011906623840332
5248.5  1.000849485397339
5251.1  0.9937809109687805
5253.7  0.9964222908020019
5256.3  1.004310369491577
5258.9  1.007477879524231
5261.5  1.000930070877075
5264.1  0.9898707270622253
5266.7  0.9845350980758666
5269.3  0.9904230833053588
5271.9  1.003618478775024
5274.5  1.014870762825012
5277.1  1.017555356025696
5279.7  1.012603282928467
5282.3  1.007107615470886
5284.9  1.008161902427673
5287.5  1.017096638679504
5290.1  1.029162287712097
5292.7  1.038357377052307
5295.3  1.04221785068512
5297.9  1.042469501495361
5300.5  1.042097330093384
5303.1  1.042324542999268
5305.7  1.042099475860596
5308.3  1.039569139480591
5310.9  1.033507466316223
5313.5  1.023898601531983
5316.1  1.011873841285706
5318.7  0.9990222454071044
5321.3  0.9869915843009948
5323.9  0.978564441204071
5326.5  0.9780272245407104
5329.1  0.9877233505249023
5331.7  1.00421667098999
5334.3  1.01991879940033
5336.9  1.028368473052979
5339.5  1.026331424713135
5342.1  1.012566566467285
5344.7  0.9890753030776977
5347.3  0.9648270010948181
5349.9  0.9535077214241027
5352.5  0.9627528190612792
5355.1  0.9865637421607971
5357.7  1.010921716690064
5360.3  1.025516629219055
5362.9  1.028931736946106
5365.5  1.025794863700867
5368.1  1.021523356437683
5370.7  1.017980575561523
5373.3  1.011178612709045
5375.9  0.9939532876014709
5378.5  0.9646395444869995
5381.1  0.9342871904373168
5383.7  0.9211832284927368
5386.3  0.9342465996742248
5388.9  0.9634619355201721
5391.5  0.9885808825492858
5394.1  0.9937772750854492
5396.7  0.9735617041587829
5399.3  0.9331614971160888
5401.9  0.8898586630821228
5404.5  0.8678186535835266
5407.1  0.8809642791748046
5409.7  0.9203206300735473
5412.3  0.9633415341377258
5414.9  0.9942418932914733
5417.5  1.012098908424377
5420.1  1.023115515708923
5422.7  1.031330347061157
5425.3  1.037022113800049
5427.9  1.03984546661377
5430.5  1.040749549865723
5433.1  1.041247606277466
5435.7  1.041836023330689
5438.3  1.04157555103302
5440.9  1.039031028747559
5443.5  1.033780813217163
5446.1  1.027372241020203
5448.7  1.022587418556213
5451.3  1.021188616752625
5453.9  1.022205948829651
5456.5  1.022591948509216
5459.1  1.019724249839783
5461.7  1.013238310813904
5464.3  1.004180312156677
5466.9  0.9913550019264221
5469.5  0.9697952270507812
5472.1  0.9374035596847534
5474.7  0.9047627449035644
5477.3  0.8920639753341674
5479.9  0.910322368144989
5482.5  0.9490785598754882
5485.1  0.9871183037757873
5487.7  1.011384963989258
5490.3  1.022054433822632
5492.9  1.024353623390198
5495.5  1.021383285522461
5498.1  1.01421582698822
5500.7  1.004734516143799
5503.3  0.9958932995796203
5505.9  0.9899686574935913
5508.5  0.9881017208099365
5511.1  0.9911851286888122
5513.7  0.9990081191062927
5516.3  1.00878381729126
5518.9  1.016517400741577
5521.5  1.02001678943634
5524.1  1.019957900047302
5526.7  1.018780827522278
5529.3  1.018749952316284
5531.9  1.020024061203003
5534.5  1.020578026771545
5537.1  1.018772840499878
5539.7  1.014982461929321
5542.3  1.009559869766235
5544.9  1.000037312507629
5547.5  0.9820063710212707
5550.1  0.9539889097213745
5552.7  0.9215345382690429
5555.3  0.8950626254081726
5557.9  0.882577896118164
5560.5  0.8855953216552734
5563.1  0.9006902575492858
5565.7  0.9210476875305175
5568.3  0.9385229349136352
5570.9  0.9499173164367675
5573.5  0.9597752094268798
5576.1  0.9723535776138305
5578.7  0.9823748469352722
5581.3  0.978270411491394
5583.9  0.9556870460510253
5586.5  0.9264430403709411
5589.1  0.9116559624671936
5591.7  0.9233916401863098
5594.3  0.9541588425636291
5596.9  0.9861075282096862
5599.5  1.007305264472962
5602.1  1.016932845115662
5604.7  1.018902063369751
5607.3  1.015596747398377
5609.9  1.007973790168762
5612.5  0.9988743066787719
5615.1  0.9934810996055603
5617.7  0.9953579306602478
5620.3  1.002795219421387
5622.9  1.010671257972717
5625.5  1.015605449676514
5628.1  1.018028497695923
5630.7  1.019655466079712
5633.3  1.020876049995422
5635.9  1.021148204803467
5638.5  1.020341992378235
5641.1  1.018703699111939
5643.7  1.016239404678345
5646.3  1.01259446144104
5648.9  1.006638050079346
5651.5  0.9961934685707092
5654.1  0.9800925850868225
5656.7  0.9614303112030029
5659.3  0.947072684764862
5661.9  0.9425315260887145
5664.5  0.9483569264411926
5667.1  0.9615917801856994
5669.7  0.9783092141151428
5672.3  0.994159460067749
5674.9  1.005066752433777
5677.5  1.009309530258179
5680.1  1.008843898773193
5682.7  1.007869124412537
5685.3  1.00943911075592
5687.9  1.013308763504028
5690.5  1.016912460327148
5693.1  1.017845988273621
5695.7  1.015135526657105
5698.3  1.008644342422485
5700.9  0.9982409477233886
5703.5  0.9846547245979309
5706.1  0.9715242981910705
5708.7  0.9648874998092651
5711.3  0.9685004353523254
5713.9  0.9799920916557312
5716.5  0.9929161071777343
5719.1  1.001849889755249
5721.7  1.004408359527588
5724.3  1.000066161155701
5726.9  0.9901347160339355
5729.5  0.9793887734413146
5732.1  0.9747723340988159
5734.7  0.9799559712409973
5737.3  0.9920840263366699
5739.9  1.005084037780762
5742.5  1.014872074127197
5745.1  1.020541429519653
5747.7  1.022236704826355
5750.3  1.019166350364685
5752.9  1.00907576084137
5755.5  0.9890966415405273
5758.1  0.95713871717453
5760.7  0.9103280305862426
5763.3  0.8393220901489257
5765.9  0.7282577753067016
5768.5  0.5706055164337158
5771.1  0.3874216973781586
5773.7  0.2205649167299271
5776.3  0.1028824970126152
5778.9  0.03871602192521095
5781.5  0.01163172908127308
5784.1  0.002767529804259539
5786.7  5.161550361663103E-4
5789.3  6.862088048364967E-5
5791.9  0.
5794.5  0.
5797.1  0.
5799.7  0.
5802.3  0.
5804.9  0.
5807.5  0.
5810.1  0.
5812.7  0.
5815.3  0.
5817.9  0.
5820.5  7.017800817266106E-5
5823.1  5.281427875161170E-4
5825.7  0.002854108810424805
5828.3  0.01205621100962162
5830.9  0.04040676355361939
5833.5  0.1084261834621429
5836.1  0.2355020940303803
5838.7  0.4203360974788666
5841.3  0.6295723915100097
5843.9  0.8137587904930114
5846.5  0.9395639300346374
5849.1  1.005839943885803
5851.7  1.032268881797791
5854.3  1.039596319198608
5856.9  1.040015578269959
5859.5  1.038315176963806
5862.1  1.03613018989563
5864.7  1.034432888031006
5867.3  1.033812761306763
5869.9  1.033964514732361
5872.5  1.033880591392517
5875.1  1.032375812530518
5877.7  1.027903079986572
5880.3  1.017509341239929
5882.9  0.996636152267456
5885.5  0.9624977707862854
5888.1  0.9206173419952392
5890.7  0.8873107433319091
5893.3  0.8805928230285644
5895.9  0.9051516652107238
5898.5  0.9478658437728881
5901.1  0.9891530275344848
5903.7  1.016546964645386
5906.3  1.027396082878113
5908.9  1.023825883865357
5911.5  1.010103583335877
5914.1  0.9941012263298034
5916.7  0.9858749508857727
5919.3  0.9907538294792175
5921.9  1.004762411117554
5924.5  1.018925189971924
5927.1  1.027199268341064
5929.7  1.029417395591736
5932.3  1.028695821762085
5934.9  1.027912974357605
5937.5  1.027760028839111
5940.1  1.026541829109192
5942.7  1.021332740783691
5945.3  1.01018226146698
5947.9  0.994667649269104
5950.5  0.9809823036193847
5953.1  0.9767716526985168
5955.7  0.9847737550735473
5958.3  1.00002384185791
5960.9  1.014524102210999
5963.5  1.023785591125488
5966.1  1.028180122375488
5968.7  1.029772520065308
5971.3  1.029707431793213
5973.9  1.028204083442688
5976.5  1.025541543960571
5979.1  1.022377848625183
5981.7  1.019524931907654
5984.3  1.017648816108704
5986.9  1.017025470733643
5989.5  1.0173659324646
5992.1  1.017918825149536
5994.7  1.017792940139771
5997.3  1.016101360321045
5999.9  1.012086868286133
6002.5  1.005910396575928
6005.1  0.9996111989021301
6007.7  0.9962380528450012
6010.3  0.9967886805534362
6012.9  0.9986466169357299
6015.5  0.9984789490699768
6018.1  0.9964896440505981
6020.7  0.9963676929473876
6023.3  1.000766396522522
6025.9  1.008181571960449
6028.5  1.014873266220093
6031.1  1.018580436706543
6033.7  1.019537448883057
6036.3  1.01898992061615
6038.9  1.017795085906983
6041.5  1.016164183616638
6044.1  1.013917922973633
6046.7  1.010809659957886
6049.3  1.006996154785156
6051.9  1.003427505493164
6054.5  1.001569628715515
6057.1  1.002321481704712
6059.7  1.005254507064819
6062.3  1.009142875671387
6064.9  1.013025641441345
6067.5  1.016302585601807
6070.1  1.017836570739746
6072.7  1.01535165309906
6075.3  1.006083369255066
6077.9  0.9888731837272644
6080.5  0.966959536075592
6083.1  0.9485564827919006
6085.7  0.9422592520713806
6088.3  0.9500269293785095
6090.9  0.9653500914573669
6093.5  0.9791691303253173
6096.1  0.9870373606681823
6098.7  0.9905411601066589
6101.3  0.9934616088867187
6103.9  0.9978476762771606
6106.5  1.003156304359436
6109.1  1.007707715034485
6111.7  1.010338068008423
6114.3  1.011025667190552
6116.9  1.010563731193543
6119.5  1.009930968284607
6122.1  1.009773015975952
6124.7  1.010116457939148
6127.3  1.010350346565247
6129.9  1.009310364723206
6132.5  1.005138635635376
6135.1  0.9953525066375732
6137.7  0.978377878665924
6140.3  0.9565593600273132
6142.9  0.9375826120376586
6145.5  0.9306157231330871
6148.1  0.9388680458068847
6150.7  0.9558872580528259
6153.3  0.9702962636947631
6155.9  0.9749749302864074
6158.5  0.9722222685813903
6161.1  0.9703854918479919
6163.7  0.9755584001541137
6166.3  0.9867455959320068
6168.9  0.9986136555671691
6171.5  1.007123112678528
6174.1  1.011484026908875
6176.7  1.012152194976807
6179.3  1.009052395820618
6181.9  1.00246000289917
6184.5  0.9947727918624877
6187.1  0.9899307489395141
6189.7  0.9904447197914123
6192.3  0.9957240223884582
6194.9  1.003527879714966
6197.5  1.011821627616882
6200.1  1.018965721130371
6202.7  1.023446679115296
6205.3  1.024043321609497
6207.9  1.02012038230896
6210.5  1.012251019477844
6213.1  1.003015279769897
6215.7  0.9962180852890014
6218.3  0.9939280748367309
6220.9  0.9940612316131591
6223.5  0.991651713848114
6226.1  0.9835577011108398
6228.7  0.9724722504615783
6231.3  0.9651712775230407
6233.9  0.9651294350624084
6236.5  0.9677563309669494
6239.1  0.9648932814598083
6241.7  0.9534711241722106
6244.3  0.937336266040802
6246.9  0.921030580997467
6249.5  0.906105101108551
6252.1  0.8957715034484863
6254.7  0.8980095982551574
6257.3  0.9180226325988769
6259.9  0.9499397277832031
6262.5  0.980846881866455
6265.1  1.00167727470398
6267.7  1.011499047279358
6270.3  1.013750314712524
6272.9  1.011792540550232
6275.5  1.00782835483551
6278.1  1.003803014755249
6280.7  1.00172233581543
6283.3  1.002736210823059
6285.9  1.006088495254517
6288.5  1.009478449821472
6291.1  1.010724425315857
6293.7  1.009254336357117
6296.3  1.006174445152283
6298.9  1.00300407409668
6301.5  1.00007176399231
6304.1  0.9961494803428649
6306.7  0.9901341199874877
6309.3  0.9828933477401733
6311.9  0.9767775535583496
6314.5  0.9736021161079406
6317.1  0.97416752576828
6319.7  0.9790606498718261
6322.3  0.9880056977272033
6324.9  0.9985826611518859
6327.5  1.007296800613403
6330.1  1.012080311775208
6332.7  1.013067007064819
6335.3  1.011381387710571
6337.9  1.008023500442505
6340.5  1.003791570663452
6343.1  0.999551236629486
6345.7  0.9961314797401428
6348.3  0.9938998222351074
6350.9  0.992324948310852
6353.5  0.9900763630867004
6356.1  0.9861462712287902
6358.7  0.9813233017921447
6361.3  0.9778699278831481
6363.9  0.9771029353141784
6366.5  0.9780990481376647
6369.1  0.9795517921447753
6371.7  0.9817815423011779
6374.3  0.9858052730560302
6376.9  0.9914301633834838
6379.5  0.9974167943000793
6382.1  1.002768874168396
6384.7  1.006827354431152
6387.3  1.008578777313232
6389.9  1.006615042686462
6392.5  0.9999558925628662
6395.1  0.9894671440124511
6397.7  0.9789801239967346
6400.3  0.9738527536392211
6402.9  0.9767293334007263
6405.5  0.9850684404373168
6408.1  0.9937765598297119
6410.7  0.9995396137237548
6413.3  1.002121567726135
6415.9  1.002812743186951
6418.5  1.002729773521423
6421.1  1.002161502838135
6423.7  1.000740766525269
6426.3  0.9980387091636657
6428.9  0.9941495656967163
6431.5  0.9897871017456054
6434.1  0.9859636425971984
6436.7  0.9836512207984924
6439.3  0.9833624362945556
6441.9  0.9845417737960815
6444.5  0.9857522249221801
6447.1  0.9861502051353454
6449.7  0.9864284992218017
6452.3  0.9877241253852844
6454.9  0.990148901939392
6457.5  0.9929504990577697
6460.1  0.9955703616142272
6462.7  0.9979500174522399
6465.3  1.000081539154053
6467.9  1.001678347587585
6470.5  1.002291321754456
6473.1  1.001640439033508
6475.7  0.9998646974563598
6478.3  0.9975499510765075
6480.9  0.9954864382743835
6483.5  0.9942672252655029
6486.1  0.9939416646957397
6488.7  0.994014024734497
6491.3  0.9938263297080993
6493.9  0.9929813742637634
6496.5  0.9915497303009033
6499.1  0.9900965094566345
6501.7  0.9894166588783264
6504.3  0.9899230599403381
6506.9  0.9912371635437011
6509.5  0.9924864172935485
6512.1  0.9928763508796691
6514.7  0.9918616414070129
6517.3  0.9888902306556701
6519.9  0.9834490418434143
6522.5  0.9760586619377136
6525.1  0.9693987369537353
6527.7  0.9673250317573547
6530.3  0.9715514183044433
6532.9  0.979640781879425
6535.5  0.9870516657829284
6538.1  0.9906837344169616
6540.7  0.9900901317596435
6543.3  0.9862291812896728
6545.9  0.9798294901847839
6548.5  0.9704362154006958
6551.1  0.9562389850616455
6553.7  0.9349265694618225
6556.3  0.906142234802246
6558.9  0.8747162222862243
6561.5  0.8511487245559692
6564.1  0.8460472822189331
6566.7  0.8619028329849243
6569.3  0.8909202814102172
6571.9  0.921581745147705
6574.5  0.9463697671890258
6577.1  0.9635878205299377
6579.7  0.974707007408142
6582.3  0.9818363785743713
6584.9  0.9866725802421569
6587.5  0.9900458455085754
6590.1  0.9919598698616027
6592.7  0.9924840927124023
6595.3  0.9927541613578796
6597.9  0.9946542978286743
6600.5  0.9991132020950317
6603.1  1.005102396011353
6605.7  1.010694861412048
6608.3  1.014730334281921
6610.9  1.017171025276184
6613.5  1.018402695655823
6616.1  1.018723964691162
6618.7  1.01822566986084
6621.3  1.016626834869385
6623.9  1.013046741485596
6626.5  1.006430625915527
6629.1  0.997066855430603
6631.7  0.9879734516143798
6634.3  0.9836598634719848
6636.9  0.9862946271896362
6639.5  0.9935133457183837
6642.1  1.000825047492981
6644.7  1.005606770515442
6647.3  1.008143663406372
6649.9  1.009706377983093
6652.5  1.010831356048584
6655.1  1.011375188827515
6657.7  1.011297583580017
6660.3  1.010909676551819
6662.9  1.010313749313355
6665.5  1.008478999137878
6668.1  1.002400517463684
6670.7  0.9880600571632385
6673.3  0.9651110172271728
6675.9  0.9419696331024169
6678.5  0.9326564073562622
6681.1  0.9445281028747558
6683.7  0.9705721139907836
6686.3  0.9962091445922851
6688.9  1.011565327644348
6691.5  1.015895009040833
6694.1  1.013917803764343
6696.7  1.010958671569824
6699.3  1.010119557380676
6701.9  1.011550188064575
6704.5  1.013519167900086
6707.1  1.014307737350464
6709.7  1.013189435005188
6712.3  1.010283350944519
6714.9  1.006257653236389
6717.5  1.00252640247345
6720.1  1.00103223323822
6722.7  1.002853155136108
6725.3  1.007028460502625
6727.9  1.011234521865845
6730.5  1.013553261756897
6733.1  1.013414025306702
6735.7  1.011328220367432
6738.3  1.008294224739075
6740.9  1.005424737930298
6743.5  1.003665566444397
6746.1  1.003464221954346
6748.7  1.004651546478272
6751.3  1.006733655929566
6753.9  1.009203672409058
6756.5  1.01149582862854
6759.1  1.012983918190002
6761.7  1.013365864753723
6764.3  1.012925982475281
6766.9  1.012230277061463
6769.5  1.011632323265076
6772.1  1.011111617088318
6774.7  1.010414361953735
6777.3  1.009297728538513
6779.9  1.00778865814209
6782.5  1.00631308555603
6785.1  1.005451202392578
6787.7  1.005441665649414
6790.3  1.005944490432739
6792.9  1.006350159645081
6795.5  1.006291031837463
6798.1  1.005847096443176
6800.7  1.005354642868042
6803.3  1.005141258239746
6805.9  1.005449414253235
6808.5  1.006446838378906
6811.1  1.008126735687256
6813.7  1.010196924209595
6816.3  1.012195706367493
6818.9  1.013778924942017
6821.5  1.014872312545776
6824.1  1.015533566474915
6826.7  1.015697240829468
6829.3  1.015104055404663
6831.9  1.013567090034485
6834.5  1.01136064529419
6837.1  1.009209632873535
6839.7  1.007687211036682
6842.3  1.006656885147095
6844.9  1.005322217941284
6847.5  1.002667784690857
6850.1  0.9980292320251464
6852.7  0.9912915229797363
6855.3  0.9817695021629333
6857.9  0.9650149941444396
6860.5  0.9310032725334167
6863.1  0.8691930770874023
6865.7  0.7807580232620239
6868.3  0.6871230602264404
6870.9  0.6217883825302124
6873.5  0.6079250574111938
6876.1  0.6409848928451538
6878.7  0.6932283043861389
6881.3  0.7367876768112182
6883.9  0.7648869752883911
6886.5  0.791454255580902
6889.1  0.8293948173522949
6891.7  0.8725901246070861
6894.3  0.9018878936767578
6896.9  0.9045657515525817
6899.5  0.8850407600402832
6902.1  0.8614990711212158
6904.7  0.8532140254974365
6907.3  0.8661088347434997
6909.9  0.8896034955978393
6912.5  0.9101947546005249
6915.1  0.9251073598861694
6917.7  0.9396174550056457
6920.3  0.9564191102981567
6922.9  0.9726932048797607
6925.5  0.9848402738571166
6928.1  0.9919525384902954
6930.7  0.9953486919403076
6933.3  0.9968243837356567
6935.9  0.9971845149993896
6938.5  0.9960587620735168
6941.1  0.9931580424308776
6943.7  0.9895961880683898
6946.3  0.9874649047851562
6948.9  0.9880121350288391
6951.5  0.9905421137809753
6954.1  0.9932822585105895
6956.7  0.9950426816940307
6959.3  0.9958269596099853
6961.9  0.9961919784545898
6964.5  0.9964860081672668
6967.1  0.996708333492279
6969.7  0.9967163205146789
6972.3  0.9964311122894287
6974.9  0.9961048960685729
6977.5  0.9964967966079711
6980.1  0.9984436631202697
6982.7  1.001908898353577
6985.3  1.005603909492493
6987.9  1.007827043533325
6990.5  1.007698774337769
6993.1  1.005607843399048
6995.7  1.002595543861389
6998.3  0.999420940876007
7000.9  0.9961241483688354
7003.5  0.9921920895576477
7006.1  0.9865933060646057
7008.7  0.9778581857681274
7011.3  0.9657034277915954
7013.9  0.9535289406776428
7016.5  0.9475204348564147
7019.1  0.9511336088180541
7021.7  0.9612579941749572
7024.3  0.9713730812072753
7026.9  0.9775136113166809
7029.5  0.9799860119819641
7032.1  0.980737030506134
7034.7  0.980897843837738
7037.3  0.9805637598037719
7039.9  0.9797169566154479
7042.5  0.9789961576461791
7045.1  0.9795878529548645
7047.7  0.9820590615272521
7050.3  0.9854969978332519
7052.9  0.9882159233093261
7055.5  0.9892584681510925
7058.1  0.9890702366828918
7060.7  0.9889651536941528
7063.3  0.9900745749473571
7065.9  0.9926164150238037
7068.5  0.9959075450897216
7071.1  0.9988386631011962
7073.7  1.000365257263184
7076.3  0.9999655485153198
7078.9  0.9979498386383056
7081.5  0.9952779412269592
7084.1  0.9929407835006713
7086.7  0.9913901090621948
7089.3  0.9904640316963195
7091.9  0.9897497296333312
7094.5  0.9889490604400634
7097.1  0.9879099130630493
7099.7  0.9864087104797363
7102.3  0.9839057922363281
7104.9  0.9796371459960937
7107.5  0.9734181761741638
7110.1  0.9665982723236083
7112.7  0.9616464376449584
7115.3  0.9602346420288085
7117.9  0.9619632363319396
7120.5  0.9649264216423034
7123.1  0.9666132926940917
7125.7  0.9645752906799316
7128.3  0.9582651257514953
7130.9  0.951160728931427
7133.5  0.9492831230163574
7136.1  0.9557976126670837
7138.7  0.96769779920578
7141.3  0.978910744190216
7143.9  0.9857810735702514
7146.5  0.9888079166412353
7149.1  0.9902686476707458
7151.7  0.991424024105072
7154.3  0.9917717576026916
7156.9  0.9901617765426635
7159.5  0.9862076640129089
7162.1  0.9806638360023498
7164.7  0.9747343063354492
7167.3  0.9694917201995849
7169.9  0.9660074710845947
7172.5  0.96525239944458
7175.1  0.9669293165206909
7177.7  0.9685317277908325
7180.3  0.9664448499679565
7182.9  0.9582213163375854
7185.5  0.9440253376960754
7188.1  0.927140474319458
7190.7  0.9137026071548461
7193.3  0.9098737239837646
7195.9  0.9168581366539001
7198.5  0.9294818043708801
7201.1  0.9412214159965515
7203.7  0.9495450258255004
7206.3  0.955473244190216
7208.9  0.9599643945693969
7211.5  0.9627133011817932
7214.1  0.963749885559082
7216.7  0.9642199873924255
7219.3  0.9649549126625061
7221.9  0.965474247932434
7224.5  0.9653126597404479
7227.1  0.9655497670173645
7229.7  0.9676021933555603
7232.3  0.970568835735321
7234.9  0.9706265926361083
7237.5  0.9637376070022583
7240.1  0.9498255252838134
7242.7  0.9347565174102783
7245.3  0.9268563985824584
7247.9  0.9299567937850952
7250.5  0.9405530095100402
7253.1  0.9523274302482604
7255.7  0.9617961049079895
7258.3  0.968916118144989
7260.9  0.9743512272834777
7263.5  0.9778117537498474
7266.1  0.978372037410736
7268.7  0.9753892421722412
7271.3  0.9692960977554321
7273.9  0.9619478583335876
7276.5  0.9556087851524353
7279.1  0.950776994228363
7281.7  0.9453811049461364
7284.3  0.9372454285621643
7286.9  0.9275537133216857
7289.5  0.9210996031761169
7292.1  0.9225438237190246
7294.7  0.9324355721473693
7297.3  0.9469208717346191
7299.9  0.9609362483024597
7302.5  0.9713300466537475
7305.1  0.977444589138031
7307.7  0.9799498319625854
7310.3  0.9800063371658325
7312.9  0.979233980178833
7315.5  0.9794925451278686
7318.1  0.9819011092185974
7320.7  0.9858030676841735
7323.3  0.9891440868377685
7325.9  0.9902771115303039
7328.5  0.9893302917480468
7331.1  0.9877404570579528
7333.7  0.9868044853210449
7336.3  0.9867182374000549
7338.9  0.9865558743476867
7341.5  0.984870970249176
7344.1  0.9806944727897644
7346.7  0.9745983481407165
7349.3  0.9689534306526184
7351.9  0.966536521911621
7354.5  0.9682734608650207
7357.1  0.9725193381309509
7359.7  0.9767811298370361
7362.3  0.9797370433807373
7364.9  0.9814732074737548
7367.5  0.9824241399765014
7370.1  0.9824892878532409
7372.7  0.980672001838684
7375.3  0.9749292135238647
7377.9  0.9627774953842163
7380.5  0.9437541961669921
7383.1  0.9225284457206726
7385.7  0.9083290100097656
7388.3  0.9086602330207824
7390.9  0.9229117035865783
7393.5  0.9431935548782348
7396.1  0.9608509540557861
7398.7  0.9709119796752929
7401.3  0.9714575409889221
7403.9  0.9621381759643554
7406.5  0.9455751776695251
7409.1  0.9294275641441345
7411.7  0.9234712719917297
7414.3  0.9317201972007751
7416.9  0.9486151933670043
7419.5  0.9649485349655151
7422.1  0.9759799838066101
7424.7  0.9824804067611694
7427.3  0.9865990281105041
7429.9  0.9892945289611816
7432.5  0.9906622171401977
7435.1  0.9907048940658569
7437.7  0.9894800782203674
7440.3  0.9871707558631896
7442.9  0.9841460585594177
7445.5  0.9808632135391235
7448.1  0.9776442646980285
7450.7  0.9746761918067932
7453.3  0.9722168445587158
7455.9  0.9706174135208129
7458.5  0.9699712395668029
7461.1  0.9698005318641662
7463.7  0.9691401720046997
7466.3  0.966947317123413
7468.9  0.9628292918205261
7471.5  0.957858920097351
7474.1  0.9544935226440429
7476.7  0.9548999667167663
7479.3  0.9590329527854919
7481.9  0.9646119475364685
7484.5  0.9689889550209045
7487.1  0.9709963202476501
7489.7  0.971617579460144
7492.3  0.9733151793479919
7494.9  0.9779931902885437
7497.5  0.9848183393478393
7500.1  0.9905012845993041
7502.7  0.9924768805503845
7505.3  0.9915209412574768
7507.9  0.9906397461891174
7510.5  0.9916716814041137
7513.1  0.9936513900756835
7515.7  0.9943910837173461
7518.3  0.9928090572357177
7520.9  0.9895084500312805
7523.5  0.9855918884277343
7526.1  0.9814557433128356
7528.7  0.9771398305892944
7531.3  0.973747968673706
7533.9  0.9734288454055786
7536.5  0.9770969748497009
7539.1  0.982856810092926
7541.7  0.9876405596733093
7544.3  0.9900197386741638
7546.9  0.9907955527305603
7549.5  0.9912996292114257
7552.1  0.9919182658195495
7554.7  0.9921377301216125
7557.3  0.9912763833999633
7559.9  0.9890027642250061
7562.5  0.9857696294784545
7565.1  0.9830326437950134
7567.7  0.9825749993324279
7570.3  0.9851147532463073
7572.9  0.9896305799484252
7575.5  0.9941880106925964
7578.1  0.9967202544212341
7580.7  0.9940736889839172
7583.3  0.9796831011772155
7585.9  0.9429928660392761
7588.5  0.874249517917633
7591.1  0.7728026509284973
7593.7  0.6498985886573791
7596.3  0.521863579750061
7598.9  0.4038020074367523
7601.5  0.3111953437328339
7604.1  0.2598130106925964
7606.7  0.2583734095096588
7609.3  0.3047581613063812
7611.9  0.3894237279891968
7614.5  0.4958916902542114
7617.1  0.5993010401725769
7619.7  0.6743630766868591
7622.3  0.7091625332832336
7624.9  0.7094971537590026
7627.5  0.6906718015670776
7630.1  0.6658936738967895
7632.7  0.6413162946701049
7635.3  0.6210105419158935
7637.9  0.6141443848609924
7640.5  0.632293164730072
7643.1  0.6769036650657653
7645.7  0.7337090969085693
7648.3  0.7842407822608947
7650.9  0.8208805918693542
7653.5  0.8485527634620666
7656.1  0.8750097155570983
7658.7  0.9026270508766174
7661.3  0.9283364415168762
7663.9  0.948367416858673
7666.5  0.9617656469345092
7669.1  0.9705047011375427
7671.7  0.9773457050323486
7674.3  0.9835935831069946
7676.9  0.9879202246665954
7679.5  0.9865153431892395
7682.1  0.9752373695373535
7684.7  0.95427006483078
7687.3  0.9323692321777343
7689.9  0.9234683513641357
7692.5  0.9350407719612121
7695.1  0.9606727957725524
7697.7  0.9864819645881652
7700.3  1.002847194671631
7702.9  1.00825309753418
7705.5  1.005482912063599
7708.1  0.9980261325836181
7710.7  0.9891955852508544
7713.3  0.9813370108604431
7715.9  0.9746888279914855
7718.5  0.9683504104614257
7721.1  0.9631356596946716
7723.7  0.962223470211029
7726.3  0.9676696062088012
7728.9  0.9774112105369567
7731.5  0.9869991540908813
7734.1  0.9933201074600219
7736.7  0.995663583278656
7739.3  0.9944701790809631
7741.9  0.9906644821166992
7744.5  0.9861111640930175
7747.1  0.983381450176239
7749.7  0.9840698838233947
7752.3  0.9874875545501708
7754.9  0.9914950728416442
7757.5  0.9945119619369506
7760.1  0.9963607192039489
7762.7  0.9974827766418457
7765.3  0.9978730678558349
7767.9  0.9969966411590576
7770.5  0.9945452213287353
7773.1  0.9911583662033081
7775.7  0.9885761141777038
7778.3  0.9891008138656616
7780.9  0.9942257404327392
7783.5  1.003069639205933
7786.1  1.012476563453674
7788.7  1.019266486167908
7791.3  1.022286295890808
7793.9  1.02237868309021
7796.5  1.021112203598023
7799.1  1.019747018814087
7801.7  1.018783450126648
7804.3  1.017977118492126
7806.9  1.01684844493866
7809.5  1.015352606773377
7812.1  1.013951897621155
7814.7  1.013023257255554
7817.3  1.012346982955933
7819.9  1.011224627494812
7822.5  1.008809804916382
7825.1  1.004399538040161
7827.7  0.9981441497802734
7830.3  0.9918945431709289
7832.9  0.9885492920875549
7835.5  0.9896479845046997
7838.1  0.9939002394676208
7840.7  0.9985656142234802
7843.3  1.001798391342163
7845.9  1.003357887268066
7848.5  1.003757119178772
7851.1  1.003293514251709
7853.7  1.001801729202271
7856.3  0.9991689324378967
7858.9  0.9960629343986511
7861.5  0.9939496517181396
7864.1  0.9940823316574096
7866.7  0.9965047240257263
7869.3  1.000218152999878
7871.9  1.004046320915222
7874.5  1.007140159606934
7877.1  1.00923216342926
7879.7  1.010984063148499
7882.3  1.013675451278687
7884.9  1.017828702926636
7887.5  1.022336840629578
7890.1  1.025456428527832
7892.7  1.026438593864441
7895.3  1.025895476341248
7897.9  1.024833202362061
7900.5  1.023565888404846
7903.1  1.02129590511322
7905.7  1.016629219055176
7908.3  1.008869886398316
7910.9  0.999236524105072
7913.5  0.9906913638114929
7916.1  0.9860499501228332
7918.7  0.9858850240707397
7921.3  0.9882730841636657
7923.9  0.9906111359596252
7926.5  0.9916526079177856
7929.1  0.9918774366378784
7931.7  0.9921851754188537
7934.3  0.992416501045227
7936.9  0.991176962852478
7939.5  0.9873532652854919
7942.1  0.982140302658081
7944.7  0.9790235161781311
7947.3  0.9808198809623718
7949.9  0.9867706298828125
7952.5  0.9931963682174682
7955.1  0.996655523777008
7957.7  0.9960218667984008
7960.3  0.9923508763313293
7962.9  0.9879397749900817
7965.5  0.9854665398597717
7968.1  0.98699152469635
7970.7  0.9929820895195007
7973.3  1.002126932144165
7975.9  1.012226939201355
7978.5  1.021497368812561
7981.1  1.029220461845398
7983.7  1.035293698310852
7986.3  1.039236664772034
7988.9  1.039641618728638
7991.5  1.034891486167908
7994.1  1.025058150291443
7996.7  1.013140678405762
7999.3  1.003594756126404
8001.9  0.9990518689155578
8004.5  0.9990061521530151
8007.1  1.001633167266846
8009.7  1.005617380142212
8012.3  1.010028839111328
8014.9  1.013808369636536
8017.5  1.016112327575684
8020.1  1.016862750053406
8022.7  1.016820788383484
8025.3  1.017072200775147
8027.9  1.01818859577179
8030.5  1.019742369651795
8033.1  1.020691156387329
8035.7  1.020141124725342
8038.3  1.017836689949036
8040.9  1.014278531074524
8043.5  1.010463356971741
8046.1  1.007256746292114
8048.7  1.004837155342102
8051.3  1.002870917320251
8053.9  1.001326441764832
8056.5  1.000900506973267
8059.1  1.002276301383972
8061.7  1.005023241043091
8064.3  1.00775933265686
8066.9  1.00957190990448
8069.5  1.010803818702698
8072.1  1.012237191200256
8074.7  1.013973474502564
8077.3  1.015493750572205
8079.9  1.016621708869934
8082.5  1.01807427406311
8085.1  1.020869255065918
8087.7  1.025115013122559
8090.3  1.029579520225525
8092.9  1.032722592353821
8095.5  1.034128189086914
8098.1  1.034695744514465
8100.7  1.035454034805298
8103.3  1.036439776420593
8105.9  1.036794185638428
8108.5  1.035797357559204
8111.1  1.033763766288757
8113.7  1.031906962394714
8116.3  1.031138777732849
8118.9  1.031017899513245
8121.5  1.030097007751465
8124.1  1.02737295627594
8126.7  1.023258447647095
8129.3  1.019180178642273
8131.9  1.016402840614319
8134.5  1.015111446380615
8137.1  1.014360189437866
8139.7  1.012849807739258
8142.3  1.009887933731079
8144.9  1.005717158317566
8147.5  1.001163482666016
8150.1  0.9972674846649169
8152.7  0.9951180219650268
8155.3  0.9954991340637207
8157.9  0.9982062578201293
8160.5  1.001765608787537
8163.1  1.003995060920715
8165.7  1.002768635749817
8168.3  0.9955273270606994
8170.9  0.9785948395729064
8173.5  0.9490501284599304
8176.1  0.9094074368476867
8178.7  0.8703322410583496
8181.3  0.846856415271759
8183.9  0.8493866324424743
8186.5  0.8759336471557617
8189.1  0.9122287631034851
8191.7  0.9409296512603759
8194.3  0.9532136917114257
8196.9  0.9538623094558715
8199.5  0.955815315246582
8202.1  0.9681894183158874
8204.7  0.9884451627731323
8207.3  1.005890250205994
8209.9  1.011425971984863
8212.5  1.004003643989563
8215.1  0.9902216792106628
8217.7  0.978835642337799
8220.3  0.9738215208053588
8222.9  0.9726079702377319
8225.5  0.9719326496124267
8228.1  0.9733414649963378
8230.7  0.9805415272712707
8233.3  0.9933340549468994
8235.9  1.006873250007629
8238.5  1.015984177589417
8241.1  1.018633246421814
8243.7  1.015958666801453
8246.3  1.01025390625
8248.9  1.00257933139801
8251.5  0.9920591115951538
8254.1  0.9783177375793457
8256.7  0.9649374485015869
8259.3  0.9586089849472045
8261.9  0.9631173610687255
8264.5  0.9751353859901428
8267.1  0.9873392581939697
8269.7  0.9948551058769226
8272.3  0.9979659914970397
8274.9  0.9996993541717529
8277.5  1.00184953212738
8280.1  1.003474235534668
8282.7  1.003020405769348
8285.3  1.001185536384583
8287.9  1.000847458839417
8290.5  1.00397002696991
8293.1  1.009348750114441
8295.7  1.01367723941803
8298.3  1.014383912086487
8300.9  1.011502623558045
8303.5  1.007815480232239
8306.1  1.00728976726532
8308.7  1.012293577194214
8311.3  1.021762132644653
8313.9  1.03213381767273
8316.5  1.039872884750366
8319.1  1.04301643371582
8321.7  1.041188955307007
8324.3  1.035135746002197
8326.9  1.026407837867737
8329.5  1.016343355178833
8332.1  1.004756450653076
8334.7  0.9911320805549621
8337.3  0.9783141613006591
8339.9  0.9727718234062194
8342.5  0.9784779548645019
8345.1  0.9920302629470825
8347.7  1.006130695343018
8350.3  1.016288876533508
8352.9  1.022344470024109
8355.5  1.025538802146912
8358.1  1.026583075523377
8360.7  1.025945067405701
8363.3  1.024341106414795
8365.9  1.02256715297699
8368.5  1.021190762519837
8371.1  1.020315170288086
8373.7  1.019644141197205
8376.3  1.018952250480652
8378.9  1.018492937088013
8381.5  1.018745541572571
8384.1  1.019821763038635
8386.7  1.021226406097412
8389.3  1.022119045257568
8391.9  1.021816968917847
8394.5  1.020177125930786
8397.1  1.017647862434387
8399.7  1.015108227729797
8402.3  1.0136479139328
8404.9  1.014062166213989
8407.5  1.016129732131958
8410.1  1.018606901168823
8412.7  1.020395040512085
8415.3  1.021779537200928
8417.9  1.024380803108215
8420.5  1.02965259552002
8423.1  1.037115216255188
8425.7  1.043843507766724
8428.3  1.046043515205383
8430.9  1.042032718658447
8433.5  1.034437417984009
8436.1  1.028971195220947
8438.7  1.029842376708984
8441.3  1.036205410957336
8443.9  1.043467283248901
8446.5  1.047464966773987
8449.1  1.046990036964417
8451.7  1.043346643447876
8454.3  1.038640260696411
8456.9  1.034441590309143
8459.5  1.031364440917969
8462.1  1.029308795928955
8464.7  1.027919769287109
8467.3  1.026918768882752
8469.9  1.026212692260742
8472.5  1.0257648229599
8475.1  1.025489568710327
8477.7  1.025250434875488
8480.3  1.024796724319458
8482.9  1.02320384979248
8485.5  1.017906546592712
8488.1  1.003909468650818
8490.7  0.9756678342819213
8493.3  0.933884859085083
8495.9  0.8922086954116821
8498.5  0.8721463084220886
8501.1  0.8854185938835144
8503.7  0.9227122664451599
8506.3  0.9630240201950073
8508.9  0.9913855791091918
8511.5  1.005440711975098
8514.1  1.009746789932251
8516.7  1.008870959281921
8519.3  1.005187630653381
8521.9  0.9997594952583312
8524.5  0.9927458763122558
8527.1  0.9810878038406372
8529.7  0.9535198807716369
8532.3  0.8892305493354797
8534.9  0.7684805989265441
8537.5  0.5926507711410522
8540.1  0.394212007522583
8542.7  0.2200634479522705
8545.3  0.1010009944438934
8547.9  0.03754618018865585
8550.5  0.01118263974785805
8553.1  0.002643423620611429
8555.7  4.884327063336968E-4
8558.3  6.463228055508807E-5
8560.9  0.
8563.5  0.
8566.1  0.
8568.7  0.
8571.3  0.
8573.9  0.
8576.5  0.
8579.1  0.
8581.7  0.
8584.3  0.
8586.9  0.
8589.5  0.
8592.1  0.
8594.7  0.
8597.3  0.
8599.9  0.
8602.5  0.
8605.1  0.
8607.7  0.
8610.3  0.
8612.9  0.
8615.5  0.
8618.1  0.
8620.7  0.
8623.3  0.
8625.9  0.
8628.5  0.
8631.1  0.
8633.7  0.
8636.3  0.
8638.9  0.
8641.5  3.508005102048628E-5
8644.1  2.877291408367455E-4
8646.7  0.001614150940440595
8649.3  0.007061651907861232
8651.9  0.02465860731899738
8654.5  0.06947321444749832
8657.1  0.1597694456577301
8659.7  0.3040660619735718
8662.3  0.48725625872612
8664.9  0.6715649366378784
8667.5  0.8168644905090332
8670.1  0.904559850692749
8672.7  0.945240318775177
8675.3  0.9654057621955871
8677.9  0.9860578775405883
8680.5  1.011566281318665
8683.1  1.035358428955078
8685.7  1.051578998565674
8688.3  1.060011267662048
8690.9  1.063511848449707
8693.5  1.064483046531677
8696.1  1.063975811004639
8698.7  1.06249737739563
8701.3  1.060650110244751
8703.9  1.059035420417786
8706.5  1.057764768600464
8709.1  1.056346893310547
8711.7  1.054151058197022
8714.3  1.051010251045227
8716.9  1.047337412834168
8719.5  1.043704986572266
8722.1  1.040441274642944
8724.7  1.037678599357605
8727.3  1.035486340522766
8729.9  1.033488154411316
8732.5  1.030138373374939
8735.1  1.023165822029114
8737.7  1.011936783790588
8740.3  0.9996362328529357
8742.9  0.9919380545616149
8745.5  0.9925155639648437
8748.1  1.000308513641357
8750.7  1.011412262916565
8753.3  1.02249026298523
8755.9  1.031970143318176
8758.5  1.039398789405823
8761.1  1.044823169708252
8763.7  1.048544526100159
8766.3  1.050900340080261
8768.9  1.05219578742981
8771.5  1.052912712097168
8774.1  1.053709983825684
8776.7  1.055076479911804
8779.3  1.057148456573486
8781.9  1.060001492500305
8784.5  1.063823342323303
8787.1  1.068531274795532
8789.7  1.073281407356262
8792.3  1.076502084732056
8794.9  1.076324105262756
8797.5  1.071154594421387
8800.1  1.060839533805847
8802.7  1.04829478263855
8805.3  1.039322257041931
8807.9  1.038864016532898
8810.5  1.046696305274963
8813.1  1.057609915733337
8815.7  1.065921306610107
8818.3  1.069209218025208
8820.9  1.068289518356323
8823.5  1.064985036849976
8826.1  1.060273885726929
8828.7  1.053486585617065
8831.3  1.042846441268921
8833.9  1.028130769729614
8836.5  1.013702392578125
8839.1  1.00703501701355
8841.7  1.011961340904236
8844.3  1.024297475814819
8846.9  1.035683512687683
8849.5  1.040559887886047
8852.1  1.038385152816772
8854.7  1.031111359596253
8857.3  1.020746946334839
8859.9  1.009257674217224
8862.5  0.9995777606964111
8865.1  0.995615005493164
8867.7  1.000245332717896
8870.3  1.012674927711487
8872.9  1.028375267982483
8875.5  1.042240500450134
8878.1  1.051701545715332
8880.7  1.057019710540772
8883.3  1.059648394584656
8885.9  1.06083357334137
8888.5  1.061237931251526
8891.1  1.061213254928589
8893.7  1.061056852340698
8896.3  1.060917615890503
8898.9  1.060587525367737
8901.5  1.059705853462219
8904.1  1.058261156082153
8906.7  1.056656718254089
8909.3  1.055250406265259
8911.9  1.05430281162262
8914.5  1.05455482006073
8917.1  1.057082533836365
8919.7  1.061955094337463
8922.3  1.067615389823914
8924.9  1.072188138961792
8927.5  1.075019121170044
8930.1  1.07642138004303
8932.7  1.076193809509277
8935.3  1.072616457939148
8937.9  1.063183188438416
8940.5  1.047468662261963
8943.1  1.030170917510986
8945.7  1.019779920578003
8948.3  1.021839261054993
8950.9  1.033600568771362
8953.5  1.046528935432434
8956.1  1.053287029266357
8958.7  1.051578879356384
8961.3  1.043323040008545
8963.9  1.032211661338806
8966.5  1.021509885787964
8969.1  1.013009786605835
8971.7  1.007747411727905
8974.3  1.006401658058167
8976.9  1.006627082824707
8979.5  1.001628875732422
8982.1  0.986166775226593
8984.7  0.9648959040641784
8987.3  0.950176179409027
8989.9  0.9483603239059448
8992.5  0.9517649412155151
8995.1  0.9488185048103332
8997.7  0.9399136900901794
9000.3  0.9375219941139221
9002.9  0.9503754377365112
9005.5  0.9726656079292297
9008.1  0.990983247756958
9010.7  0.9981324672698974
9013.3  0.9978113770484924
9015.9  0.9984205365180969
9018.5  1.00467324256897
9021.1  1.014814972877502
9023.7  1.02431845664978
9026.3  1.030853509902954
9028.9  1.035240650177002
9031.5  1.03850781917572
9034.1  1.039845705032349
9036.7  1.038071751594543
9039.3  1.034191966056824
9041.9  1.031333804130554
9044.5  1.032064557075501
9047.1  1.036177754402161
9049.7  1.040652632713318
9052.3  1.041221857070923
9054.9  1.035268545150757
9057.5  1.025243163108826
9060.1  1.018649339675903
9062.7  1.022066473960877
9065.3  1.03427255153656
9067.9  1.046102285385132
9070.5  1.046028971672058
9073.1  1.026059627532959
9075.7  0.9871162772178649
9078.3  0.9428366422653198
9080.9  0.9144287109375
9083.5  0.9156168103218078
9086.1  0.9423481225967407
9088.7  0.9783228039741516
9091.3  1.00804328918457
9093.9  1.024659991264343
9096.5  1.029749870300293
9099.1  1.028282284736633
9101.7  1.023872137069702
9104.3  1.018640279769898
9106.9  1.015336632728577
9109.5  1.016708254814148
9112.1  1.023038983345032
9114.7  1.031984686851502
9117.3  1.040015459060669
9119.9  1.042821526527405
9122.5  1.035799145698547
9125.1  1.017050266265869
9127.7  0.9911798238754272
9130.3  0.9685372710227966
9132.9  0.9586051106452941
9135.5  0.9636232256889343
9138.1  0.9782124161720275
9140.7  0.9940266609191894
9143.3  1.005085945129395
9145.9  1.010674953460693
9148.5  1.014262080192566
9151.1  1.01951277256012
9153.7  1.027320504188538
9156.3  1.036169767379761
9158.9  1.043915987014771
9161.5  1.048600554466248
9164.1  1.048786282539368
9166.7  1.04340136051178
9169.3  1.030765771865845
9171.9  1.006835222244263
9174.5  0.96619313955307
9177.1  0.9102238416671752
9179.7  0.8571528792381286
9182.3  0.8364847898483276
9184.9  0.8639858961105346
9187.5  0.9248246550559997
9190.1  0.9876196980476379
9192.7  1.031041264533997
9195.3  1.052924513816834
9197.9  1.060490369796753
9200.5  1.059244155883789
9203.1  1.049651026725769
9205.7  1.029840588569641
9208.3  1.000851511955261
9210.9  0.9709555506706237
9213.5  0.9530405402183532
9216.1  0.9546927213668823
9218.7  0.9708702564239501
9221.3  0.9880802035331726
9223.9  0.9952364563941955
9226.5  0.9906094670295715
9229.1  0.9808447360992431
9231.7  0.9748780727386474
9234.3  0.97770756483078
9236.9  0.9879170656204223
9239.5  0.9999874830245971
9242.1  1.009334683418274
9244.7  1.015588641166687
9247.3  1.021274089813233
9249.9  1.027893424034119
9252.5  1.034342050552368
9255.1  1.038976907730103
9257.7  1.041980862617493
9260.3  1.044956088066101
9262.9  1.048340201377869
9265.5  1.049671649932861
9268.1  1.044439315795898
9270.7  1.029089093208313
9273.3  1.005013704299927
9275.9  0.9807718992233276
9278.5  0.9680671691894531
9281.1  0.9722118973731994
9283.7  0.9867284893989562
9286.3  0.9989621043205261
9288.9  1.000814080238342
9291.5  0.9945145845413208
9294.1  0.9895945787429809
9296.7  0.9937959313392639
9299.3  1.005684733390808
9301.9  1.016117095947266
9304.5  1.015390038490295
9307.1  0.9969671368598937
9309.7  0.9546756148338317
9312.3  0.8801757097244262
9314.9  0.7698441743850708
9317.5  0.6403369307518005
9320.1  0.5337432622909545
9322.7  0.4919871389865875
9325.3  0.517845332622528
9327.9  0.5711057186126708
9330.5  0.6117170453071594
9333.1  0.6368636488914489
9335.7  0.6672732234001159
9338.3  0.7108910679817199
9340.9  0.7559968829154968
9343.5  0.7896574735641479
9346.1  0.805579662322998
9348.7  0.8013065457344055
9351.3  0.7841613292694091
9353.9  0.7734113931655883
9356.5  0.7812297940254211
9359.1  0.796876847743988
9361.7  0.801695704460144
9364.3  0.7928003668785095
9366.9  0.780237853527069
9369.5  0.7679060101509094
9372.1  0.7525174617767333
9374.7  0.7410805225372314
9377.3  0.7543784976005554
9379.9  0.8043711185455322
9382.5  0.8763872385025024
9385.1  0.9418383240699768
9387.7  0.9831522703170776
9390.3  1.000551104545593
9392.9  1.001069068908691
9395.5  0.9889386296272277
9398.1  0.9659807682037353
9400.7  0.9364073872566223
9403.3  0.9084082245826721
9405.9  0.8900297880172729
9408.5  0.8833670020103454
9411.1  0.8824092745780944
9413.7  0.8762938976287841
9416.3  0.856275200843811
9418.9  0.8232038617134094
9421.5  0.7897287011146545
9424.1  0.7729726433753967
9426.7  0.7811452746391296
9429.3  0.8051703572273254
9431.9  0.8258863091468811
9434.5  0.8333994150161743
9437.1  0.8374800682067871
9439.7  0.8544350266456604
9442.3  0.8869352936744689
9444.9  0.921985387802124
9447.5  0.9455313682556152
9450.1  0.9521663784980773
9452.7  0.9408668875694274
9455.3  0.9072805047035217
9457.9  0.8439446687698364
9460.5  0.7513927817344665
9463.1  0.6524295806884765
9465.7  0.5906444787979125
9468.3  0.6004016399383544
9470.9  0.6713373661041259
9473.5  0.7519526481628417
9476.1  0.7963353395462036
9478.7  0.8036769032478332
9481.3  0.8081536889076232
9483.9  0.8347126841545104
9486.5  0.8718267679214477
9489.1  0.8881809711456298
9491.7  0.8694822788238525
9494.3  0.8352627158164978
9496.9  0.8209723830223083
9499.5  0.8456605672836303
9502.1  0.8983542323112487
9504.7  0.9534095525741577
9507.3  0.992746889591217
9509.9  1.012605428695679
9512.5  1.0164475440979
9515.1  1.007840633392334
9517.7  0.9879940748214721
9520.3  0.9563899040222167
9522.9  0.9149900078773498
9525.5  0.8739129900932312
9528.1  0.848584234714508
9530.7  0.8458912968635559
9533.3  0.854861557483673
9535.9  0.8553661704063415
9538.5  0.8361765146255493
9541.1  0.8051304221153259
9543.7  0.7821881175041198
9546.3  0.779687225818634
9548.9  0.7904291749000549
9551.5  0.7993088364601135
9554.1  0.8019160032272338
9556.7  0.8048812747001647
9559.3  0.8136013150215148
9561.9  0.8291797041893005
9564.5  0.8530807495117187
9567.1  0.8852491378784179
9569.7  0.9196329116821289
9572.3  0.9480447769165039
9574.9  0.9667245149612426
9577.5  0.9759463667869567
9580.1  0.9763215780258178
9582.7  0.9692896008491516
9585.3  0.9598822593688964
9587.9  0.954812467098236
9590.5  0.956087052822113
9593.1  0.9586977958679199
9595.7  0.9568060040473937
9598.3  0.9500720500946044
9600.9  0.9404345750808715
9603.5  0.9221430420875549
9606.1  0.8778194785118103
9608.7  0.7917803525924682
9611.3  0.6755061745643615
9613.9  0.577155590057373
9616.5  0.5518445372581481
9619.1  0.6154359579086303
9621.7  0.7321298718452453
9624.3  0.8469488024711608
9626.9  0.9235495328903198
9629.5  0.9543216824531555
9632.1  0.949572741985321
9634.7  0.9251495599746704
9637.3  0.8949397802352905
9639.9  0.8682508468627929
9642.5  0.8532402515411376
9645.1  0.8592537641525268
9647.7  0.8895215988159179
9650.3  0.9334241151809692
9652.9  0.9729446172714233
9655.5  0.9969397783279418
9658.1  1.006343960762024
9660.7  1.00794792175293
9663.3  1.006857037544251
9665.9  1.004326224327087
9668.5  1.000017404556274
9671.1  0.9946516156196594
9673.7  0.9905102849006652
9676.3  0.9898210167884826
9678.9  0.9927698969841003
9681.5  0.9967277646064758
9684.1  0.9977877140045166
9686.7  0.9938215613365173
9689.3  0.9863519668579101
9691.9  0.9793102741241455
9694.5  0.9760061502456665
9697.1  0.9774134755134582
9699.7  0.9828066229820251
9702.3  0.9909190535545349
9704.9  1.000199794769287
9707.5  1.008784532546997
9710.1  1.01517128944397
9712.7  1.019088983535767
9715.3  1.021310091018677
9717.9  1.022334337234497
9720.5  1.02154266834259
9723.1  1.017878890037537
9725.7  1.010905385017395
9728.3  1.001121401786804
9730.9  0.9899336099624633
9733.5  0.9797159433364868
9736.1  0.973137617111206
9738.7  0.9712008833885192
9741.3  0.9719979763031005
9743.9  0.9725948572158813
9746.5  0.9722611904144287
9749.1  0.9718612432479858
9751.7  0.9681234955787658
9754.3  0.9478418827056884
9756.9  0.8889515995979309
9759.5  0.7732112407684326
9762.1  0.607366919517517
9764.7  0.4359472393989563
9767.3  0.3258947134017944
9769.9  0.3271176815032959
9772.5  0.4392788708209992
9775.1  0.612196922302246
9777.7  0.7795824408531188
9780.3  0.8978679776191711
9782.9  0.9599141478538513
9785.5  0.9816182851791381
9788.1  0.9831313490867614
9790.7  0.9789872765541076
9793.3  0.9757595062255859
9795.9  0.973962664604187
9798.5  0.9732323288917541
9801.1  0.9758316874504089
9803.7  0.9841614961624145
9806.3  0.9966718554496765
9808.9  1.008458137512207
9811.5  1.015399932861328
9814.1  1.01655650138855
9816.7  1.013383388519287
9819.3  1.007985591888428
9821.9  1.002161979675293
9824.5  0.9971290826797485
9827.1  0.9932708740234375
9829.7  0.9902392625808715
9832.3  0.9879139065742492
9834.9  0.9871204495429992
9837.5  0.9885527491569519
9840.1  0.9912114143371582
9842.7  0.9929214715957641
9845.3  0.9924659132957458
9847.9  0.9905441403388977
9850.5  0.988706350326538
9853.1  0.9877845644950866
9855.7  0.9872069954872131
9858.3  0.9853326082229614
9860.9  0.9805788397789001
9863.5  0.9729865789413452
9866.1  0.9650874733924865
9868.7  0.9606299996376037
9871.3  0.9616518020629882
9873.9  0.9668433666229248
9876.5  0.9728606343269348
9879.1  0.9766126871109008
9881.7  0.9763559103012084
9884.3  0.9720882177352905
9886.9  0.9660095572471618
9889.5  0.9617764353752136
9892.1  0.961896002292633
9894.7  0.9657818675041198
9897.3  0.9708682894706726
9899.9  0.9750941395759582
9902.5  0.9777638316154479
9905.1  0.9787023663520812
9907.7  0.9768365025520324
9910.3  0.9679761528968811
9912.9  0.9413027167320251
9915.5  0.878289520740509
9918.1  0.7619817852973937
9920.7  0.5972486138343811
9923.3  0.4248546361923218
9925.9  0.3081613779067993
9928.5  0.2963218688964844
9931.1  0.3930853605270386
9933.7  0.5555488467216491
9936.3  0.7224100232124328
9938.9  0.8492618203163146
9941.5  0.9245693683624267
9944.1  0.960274338722229
9946.7  0.9739025235176086
9949.3  0.9783828854560852
9951.9  0.9805977344512939
9954.5  0.9827020764350891
9957.1  0.983984351158142
9959.7  0.9832996726036071
9962.3  0.9808161854743957
9964.9  0.9779437780380249
9967.5  0.9760705232620239
9970.1  0.9755676984786987
9972.7  0.9756382703781127
9975.3  0.9749838709831237
9977.9  0.9728454947471618
9980.5  0.9695072770118713
9983.1  0.9650117754936218
9985.7  0.9558887481689453
9988.3  0.9308899641036987
9990.9  0.8700422644615173
9993.5  0.7540767192840576
9996.1  0.583507478237152
