3501.3  0.4573510587215424
3503.9  0.5438736677169799
3506.5  0.5913553237915039
3509.1  0.6283909678459167
3511.7  0.6760762333869934
3514.3  0.7274286150932312
3516.9  0.757886528968811
3519.5  0.7489758729934692
3522.1  0.7052034139633178
3524.7  0.6532227396965026
3527.3  0.6230638623237609
3529.9  0.6275871992111206
3532.5  0.6580194234848022
3535.1  0.6953896284103393
3537.7  0.7234765887260437
3540.3  0.7336011528968811
3542.9  0.7252646088600158
3545.5  0.7078304886817932
3548.1  0.6950024366378784
3550.7  0.6902233958244323
3553.3  0.6830470561981201
3555.9  0.6646326780319213
3558.5  0.6387033462524414
3561.1  0.6128644347190856
3563.7  0.5909021496772766
3566.3  0.5788798332214355
3568.9  0.5846863389015197
3571.5  0.6030977368354797
3574.1  0.6112470626831054
3576.7  0.5870431661605834
3579.3  0.5293755531311035
3581.9  0.4602029025554657
3584.5  0.4102867841720581
3587.1  0.4012409448623657
3589.7  0.4348057508468628
3592.3  0.4949641525745392
3594.9  0.5572602748870849
3597.5  0.5960326790809631
3600.1  0.5918291807174682
3602.7  0.5432760715484619
3605.3  0.47087761759758
3607.9  0.4022609889507294
3610.5  0.353912353515625
3613.1  0.3274740278720856
3615.7  0.3181060254573822
3618.3  0.3220891952514648
3620.9  0.3363823592662811
3623.5  0.3540185689926148
3626.1  0.3655224740505219
3628.7  0.3698688745498657
3631.3  0.3818184733390808
3633.9  0.4210309982299805
3636.5  0.4902165234088898
3639.1  0.5668262839317321
3641.7  0.6203976869583129
3644.3  0.6392971873283386
3646.9  0.6410351395606994
3649.5  0.6575611233711242
3652.1  0.7102165222167968
3654.7  0.7955850958824157
3657.3  0.8905221819877624
3659.9  0.9680997729301452
3662.5  1.012083649635315
3665.1  1.021518349647522
3667.7  1.003860235214233
3670.3  0.9644220471382141
3672.9  0.9040014743804931
3675.5  0.8278300762176513
3678.1  0.7525170445442199
3680.7  0.6978043317794799
3683.3  0.672541320323944
3685.9  0.6732227802276611
3688.5  0.6927418112754821
3691.1  0.7242311239242553
3693.7  0.7582585215568542
3696.3  0.7806985974311828
3698.9  0.7757416367530822
3701.5  0.7376484274864196
3704.1  0.6831970810890197
3706.7  0.6452480554580688
3709.3  0.6453666687011718
3711.9  0.6707969307899475
3714.5  0.6834808588027954
3717.1  0.6573314666748046
3719.7  0.6045605540275573
3722.3  0.5603194236755371
3724.9  0.5454087257385253
3727.5  0.5505118370056152
3730.1  0.55399751663208
3732.7  0.5474815964698791
3735.3  0.5386326909065246
3737.9  0.530405580997467
3740.5  0.5094339251518249
3743.1  0.4656892716884613
3745.7  0.4147900938987732
3748.3  0.3854048550128937
3750.9  0.3859669268131256
3753.5  0.3964186906814575
3756.1  0.3954469859600067
3758.7  0.3874231278896332
3761.3  0.3976553976535797
3763.9  0.4435512125492096
3766.5  0.5152356624603271
3769.1  0.5855754017829895
3771.7  0.6344113945960998
3774.3  0.6597378253936767
3776.9  0.6728603839874267
3779.5  0.6888201236724853
3782.1  0.7134832739830017
3784.7  0.7334446907043457
3787.3  0.7257893085479736
3789.9  0.6827958226203918
3792.5  0.6239178776741027
3795.1  0.5820869207382202
3797.7  0.5765772461891174
3800.3  0.5954737067222595
3802.9  0.6059150695800781
3805.5  0.5837642550468444
3808.1  0.5320374965667724
3810.7  0.4728355705738068
3813.3  0.429078608751297
3815.9  0.4129911959171295
3818.5  0.4218654930591583
3821.1  0.4404196739196777
3823.7  0.4513436257839203
3826.3  0.446859747171402
3828.9  0.4311228692531586
3831.5  0.4143857359886169
3834.1  0.4073557257652283
3836.7  0.4189058840274811
3839.3  0.4534343779087067
3841.9  0.5064621567726135
3844.5  0.5633168816566467
3847.1  0.605996549129486
3849.7  0.6231670379638671
3852.3  0.6138703823089599
3854.9  0.5852158665657043
3857.5  0.5481865406036376
3860.1  0.5117698311805725
3862.7  0.478181779384613
3865.3  0.4472250640392304
3867.9  0.4265336990356445
3870.5  0.4318174719810486
3873.1  0.4729286134243012
3875.7  0.5411270260810852
3878.3  0.6105865836143493
3880.9  0.6523800492286682
3883.5  0.6528510451316833
3886.1  0.6232144832611083
3888.7  0.5886018276214599
3891.3  0.5684234499931335
3893.9  0.5722298622131347
3896.5  0.6063947677612304
3899.1  0.6704260110855102
3901.7  0.7482046484947204
3904.3  0.814595341682434
3906.9  0.8533541560173034
3909.5  0.8639082312583923
3912.1  0.8521862030029296
3914.7  0.8209577202796936
3917.3  0.7698001265525817
3919.9  0.6986175775527954
3922.5  0.6084686517715454
3925.1  0.5039826035499572
3927.7  0.3998173475265503
3930.3  0.3210762441158295
3932.9  0.2906372845172882
3935.5  0.3136592507362366
3938.1  0.3754948079586029
3940.7  0.4533009231090546
3943.3  0.5281063914299011
3945.9  0.587900698184967
3948.5  0.625126838684082
3951.1  0.6350054740905761
3953.7  0.6155729293823242
3956.3  0.5686002373695373
3958.9  0.501501977443695
3961.5  0.4282902479171753
3964.1  0.3672098517417908
3966.7  0.3366880416870117
3969.3  0.3508742153644562
3971.9  0.41380774974823
3974.5  0.5150154829025268
3977.1  0.6322323679924011
3979.7  0.7402626872062683
3982.3  0.8190637230873107
3984.9  0.8563799858093261
3987.5  0.8461695313453674
3990.1  0.7901396751403808
3992.7  0.7066169381141662
3995.3  0.6340336799621582
3997.9  0.6118232011795043
4000.5  0.6509692668914794
4003.1  0.7296504378318786
4005.7  0.8191289901733398
4008.3  0.9057267904281616
4010.9  0.9871953129768371
4013.5  1.058727264404297
4016.1  1.108269572257996
4018.7  1.123132467269898
4021.3  1.099088311195374
4023.9  1.044837594032288
4026.5  0.9800365567207336
4029.1  0.9291255474090576
4031.7  0.9119357466697692
4034.3  0.9313303232192993
4036.9  0.965549349784851
4039.5  0.9799312949180603
4042.1  0.9534192085266113
4044.7  0.893091082572937
4047.3  0.8222773671150207
4049.9  0.7609964609146118
4052.5  0.7205087542533874
4055.1  0.707377016544342
4057.7  0.7227773666381835
4060.3  0.7586132884025573
4062.9  0.7990585565567016
4065.5  0.828439176082611
4068.1  0.8386608362197875
4070.7  0.8300583362579345
4073.3  0.80743008852005
4075.9  0.7771819233894348
4078.5  0.7468973398208618
4081.1  0.726469874382019
4083.7  0.7287178635597229
4086.3  0.7614696025848388
4088.9  0.8137160539627075
4091.5  0.8569960594177246
4094.1  0.8678141236305236
4096.7  0.8469160795211791
4099.3  0.8157641887664794
4101.9  0.7964484095573425
4104.5  0.7941977381706237
4107.1  0.7988882064819335
4109.7  0.8040620684623718
4112.3  0.8179180026054382
4114.9  0.8496308326721191
4117.5  0.8926256895065307
4120.1  0.9309508204460144
4122.7  0.9568684101104736
4125.3  0.9739271998405456
4127.9  0.9863426089286804
4130.5  0.9923274517059326
4133.1  0.9854439496994018
4135.7  0.9586164951324462
4138.3  0.9096705913543701
4140.9  0.8484494090080261
4143.5  0.7956071496009826
4146.1  0.7656194567680358
4148.7  0.7523460984230041
4151.3  0.7414218187332153
4153.9  0.7333730459213256
4156.5  0.7408142685890197
4159.1  0.7653982639312744
4161.7  0.7916436791419982
4164.3  0.804505705833435
4166.9  0.8045507073402404
4169.5  0.8067635893821716
4172.1  0.8285350799560546
4174.7  0.8748441338539123
4177.3  0.9308031201362609
4179.9  0.9704125523567199
4182.5  0.9758605360984802
4185.1  0.9495083093643188
4187.7  0.9065554141998291
4190.3  0.857267141342163
4192.9  0.8042504787445068
4195.5  0.7595001459121704
4198.1  0.7496519088745117
4200.7  0.791014552116394
4203.3  0.86525160074234
4205.9  0.9309298992156982
4208.5  0.9576905369758605
4211.1  0.9446351528167724
4213.7  0.9094418883323669
4216.3  0.865813136100769
4218.9  0.8153052330017089
4221.5  0.7620033621788024
4224.1  0.7259472012519836
4226.7  0.7271799445152282
4229.3  0.7565294504165649
4231.9  0.7775579690933227
4234.5  0.7645312547683715
4237.1  0.7282919287681579
4239.7  0.6967803835868835
4242.3  0.6796814203262329
4244.9  0.6658594608306884
4247.5  0.6519875526428222
4250.1  0.6537071466445922
4252.7  0.6809964776039123
4255.3  0.7197928428649902
4257.9  0.7512666583061218
4260.5  0.7767978310585021
4263.1  0.8079469203948974
4265.7  0.8412803411483764
4268.3  0.8619592785835266
4270.9  0.8693344593048095
4273.5  0.8806880712509155
4276.1  0.9050536155700683
4278.7  0.9248456954956054
4281.3  0.9121955633163452
4283.9  0.8608983159065246
4286.5  0.7951955199241638
4289.1  0.7446921467781066
4291.7  0.7165060639381408
4294.3  0.6977683305740356
4296.9  0.6774355173110961
4299.5  0.6544557213783264
4302.1  0.6297358870506286
4304.7  0.6032865047454833
4307.3  0.5812131762504577
4309.9  0.5785202383995056
4312.5  0.6107206940650939
4315.1  0.6784488558769226
4317.7  0.7579214572906494
4320.3  0.8135181665420532
4322.9  0.8279294371604919
4325.5  0.8168917298316955
4328.1  0.810008943080902
4330.7  0.8205257654190063
4333.3  0.8354931473731994
4335.9  0.8313872814178466
4338.5  0.7981451749801635
4341.1  0.750354528427124
4343.7  0.7166661620140075
4346.3  0.7184290885925292
4348.9  0.7573627233505249
4351.5  0.8198164701461791
4354.1  0.8887366652488708
4356.7  0.9512246251106262
4359.3  0.9970728754997253
4361.9  1.014126300811768
4364.5  0.9918873906135559
4367.1  0.9336389899253845
4369.7  0.8603883385658264
4372.3  0.7959031462669372
4374.9  0.7476395964622497
4377.5  0.7061452865600585
4380.1  0.6633222103118896
4382.7  0.6279670000076293
4385.3  0.6221102476119995
4387.9  0.6623456478118896
4390.5  0.7423188090324401
4393.1  0.8314536213874816
4395.7  0.8948886394500732
4398.3  0.9196163415908813
4400.9  0.9208157658576965
4403.5  0.9229139685630798
4406.1  0.9366127848625183
4408.7  0.9538183808326721
4411.3  0.9611449241638183
4413.9  0.9555805921554565
4416.5  0.9468673467636108
4419.1  0.9474616050720214
4421.7  0.9630040526390075
4424.3  0.98958420753479
4426.9  1.015613317489624
4429.5  1.027961850166321
4432.1  1.019642949104309
4434.7  0.9915403723716735
4437.3  0.9482479691505432
4439.9  0.8951241970062255
4442.5  0.8387061953544616
4445.1  0.7901769876480102
4447.7  0.7664780616760253
4450.3  0.7795580029487609
4452.9  0.8220500349998474
4455.5  0.8720262050628662
4458.1  0.911401629447937
4460.7  0.9327240586280822
4463.3  0.9360483288764953
4465.9  0.9321184754371643
4468.5  0.9416696429252624
4471.1  0.9772881269454956
4473.7  1.028315544128418
4476.3  1.071717619895935
4478.9  1.09360682964325
4481.5  1.095010399818421
4484.1  1.081202030181885
4486.7  1.053349852561951
4489.3  1.013797283172608
4491.9  0.9763363003730773
4494.5  0.9620676040649414
4497.1  0.9798070788383483
4499.7  1.015279650688171
4502.3  1.043445348739624
4504.9  1.046380281448364
4507.5  1.020249485969544
4510.1  0.976628839969635
4512.7  0.9401328563690185
4515.3  0.9334077835083007
4517.9  0.9574974179267883
4520.5  0.9901372194290161
4523.1  1.005089998245239
4525.7  0.9917561411857604
4528.3  0.9595183730125427
4530.9  0.9271999597549438
4533.5  0.9087108373641967
4536.1  0.9078259468078613
4538.7  0.9231154322624206
4541.3  0.9513946175575256
4543.9  0.9855180382728576
4546.5  1.014830350875855
4549.1  1.031776309013367
4551.7  1.037261962890625
4554.3  1.038133502006531
4556.9  1.039847016334534
4559.5  1.042994856834412
4562.1  1.047335624694824
4564.7  1.055664777755737
4567.3  1.069288969039917
4569.9  1.082545161247253
4572.5  1.087192058563233
4575.1  1.080886244773865
4577.7  1.068084478378296
4580.3  1.05484664440155
4582.9  1.045001029968262
4585.5  1.038918495178223
4588.1  1.034062266349793
4590.7  1.028042793273926
4593.3  1.022215962409973
4595.9  1.021357417106628
4598.5  1.028891205787659
4601.1  1.042723655700684
4603.7  1.055959820747376
4606.3  1.060036301612854
4608.9  1.046142220497131
4611.5  1.007136583328247
4614.1  0.9448384046554565
4616.7  0.8786694407463073
4619.3  0.8411557674407958
4621.9  0.854412019252777
4624.5  0.9082009196281433
4627.1  0.9651735424995422
4629.7  0.9897047877311706
4632.3  0.9727356433868408
4634.9  0.9344464540481567
4637.5  0.9054152965545654
4640.1  0.9013335704803466
4642.7  0.9147024154663085
4645.3  0.9303833246231079
4647.9  0.9416972994804382
4650.5  0.9476350545883178
4653.1  0.9446538686752319
4655.7  0.9302189946174621
4658.3  0.9099692702293395
4660.9  0.8953070044517517
4663.5  0.8954842090606689
4666.1  0.9131918549537658
4668.7  0.9436249136924743
4671.3  0.9763413667678833
4673.9  1.000911116600037
4676.5  1.012698888778687
4679.1  1.01287567615509
4681.7  1.004601955413818
4684.3  0.9916827678680419
4686.9  0.9799491167068481
4689.5  0.9760459065437316
4692.1  0.9826213121414184
4694.7  0.9956286549568176
4697.3  1.006917357444763
4699.9  1.008327603340149
4702.5  0.9947039484977722
4705.1  0.9681976437568664
4707.7  0.9423592686653137
4710.3  0.9368810057640075
4712.9  0.9610431194305419
4715.5  1.002310156822205
4718.1  1.03482186794281
4720.7  1.03901743888855
4723.3  1.014330625534058
4725.9  0.9780573844909667
4728.5  0.9527280926704406
4731.1  0.9488769173622131
4733.7  0.9581167697906494
4736.3  0.9659375548362731
4738.9  0.9705224633216857
4741.5  0.9837145209312438
4744.1  1.013283491134644
4746.7  1.05089282989502
4749.3  1.080505013465881
4751.9  1.09230899810791
4754.5  1.085420727729797
4757.1  1.06468391418457
4759.7  1.040881991386414
4762.3  1.028475165367127
4764.9  1.035193204879761
4767.5  1.055123329162598
4770.1  1.075974702835083
4772.7  1.090291619300842
4775.3  1.096979975700378
4777.9  1.096797227859497
4780.5  1.091639876365662
4783.1  1.086049318313599
4785.7  1.084496021270752
4788.3  1.086265802383423
4790.9  1.085769534111023
4793.5  1.079572796821594
4796.1  1.072254300117493
4798.7  1.07250726222992
4801.3  1.082736253738403
4803.9  1.095402717590332
4806.5  1.101542949676514
4809.1  1.100288271903992
4811.7  1.098261594772339
4814.3  1.101857781410217
4816.9  1.111543774604797
4819.5  1.122286081314087
4822.1  1.128147125244141
4824.7  1.126209378242493
4827.3  1.116551876068115
4829.9  1.099081873893738
4832.5  1.071990966796875
4835.1  1.036113262176514
4837.7  1.001913905143738
4840.3  0.986736238002777
4842.9  0.9986765384674072
4845.5  1.024548292160034
4848.1  1.038429021835327
4850.7  1.020307540893555
4853.3  0.9657167196273803
4855.9  0.8846908211708068
4858.5  0.7988100051879882
4861.1  0.7359982728958129
4863.7  0.7183037996292114
4866.3  0.7493115067481994
4868.9  0.814160406589508
4871.5  0.8911514282226562
4874.1  0.9618234038352966
4876.7  1.013288974761963
4879.3  1.038843631744385
4881.9  1.041106224060059
4884.5  1.032730221748352
4887.1  1.02860689163208
4889.7  1.033447623252869
4892.3  1.038085460662842
4894.9  1.031312346458435
4897.5  1.014161705970764
4900.1  0.9981615543365478
4902.7  0.9895643591880798
4905.3  0.9820026755332946
4907.9  0.9670640230178833
4910.5  0.9450698494911193
4913.1  0.9220953583717346
4915.7  0.904407262802124
4918.3  0.8999179005622863
4920.9  0.9162935614585876
4923.5  0.9502802491188049
4926.1  0.9842943549156188
4928.7  1.000553488731384
4931.3  0.9980457425117492
4933.9  0.9924863576889038
4936.5  0.9997596740722656
4939.1  1.022174596786499
4941.7  1.049739241600037
4944.3  1.068763494491577
4946.9  1.066160082817078
4949.5  1.032376170158386
4952.1  0.9703313708305358
4954.7  0.9029015898704528
4957.3  0.8626028299331665
4959.9  0.8672122359275817
4962.5  0.9076905250549316
4965.1  0.9600811600685119
4967.7  1.003281950950623
4970.3  1.025932550430298
4972.9  1.025382876396179
4975.5  1.005429267883301
4978.1  0.9737897515296936
4980.7  0.9386766552925109
4983.3  0.9051086902618408
4985.9  0.8741922378540039
4988.5  0.8489153981208801
4991.1  0.8401598334312438
4993.7  0.859084665775299
4996.3  0.9014672040939331
4998.9  0.9475881457328796
5001.5  0.980430781841278
5004.1  0.9978948235511779
5006.7  1.006362557411194
5009.3  1.009047508239746
5011.9  1.003360390663147
5014.5  0.9858537316322326
5017.1  0.9581863284111022
5019.7  0.9296435713768005
5022.3  0.9120503664016723
5024.9  0.908768892288208
5027.5  0.9105684757232666
5030.1  0.9074572324752807
5032.7  0.904033601284027
5035.3  0.9163234233856201
5037.9  0.9511932134628295
5040.5  0.9951478838920593
5043.1  1.026716113090515
5045.7  1.035402178764343
5048.3  1.027012944221497
5050.9  1.01579213142395
5053.5  1.014322280883789
5056.1  1.027192711830139
5058.7  1.049517512321472
5061.3  1.070910573005676
5063.9  1.082990884780884
5066.5  1.084575891494751
5069.1  1.080503821372986
5071.7  1.076115131378174
5074.3  1.073210120201111
5076.9  1.070660471916199
5079.5  1.067483425140381
5082.1  1.064350485801697
5084.7  1.062248349189758
5087.3  1.060250759124756
5089.9  1.054924368858337
5092.5  1.041458964347839
5095.1  1.014409422874451
5097.7  0.9699301719665527
5100.3  0.9129325151443481
5102.9  0.8626505732536315
5105.5  0.8436805009841918
5108.1  0.8658676743507385
5110.7  0.9146982431411743
5113.3  0.9613472819328308
5115.9  0.9800825715065002
5118.5  0.9618746638298034
5121.1  0.920095145702362
5123.7  0.8814218640327453
5126.3  0.8643481135368347
5128.9  0.8661515712738037
5131.5  0.8716382980346679
5134.1  0.870615005493164
5136.7  0.866694688796997
5139.3  0.8730532526969909
5141.9  0.8991714715957641
5144.5  0.9411597251892089
5147.1  0.9857749342918395
5149.7  1.020630478858948
5152.3  1.038371562957764
5154.9  1.035144805908203
5157.5  1.009745836257935
5160.1  0.965224266052246
5162.7  0.9105344414710998
5165.3  0.8592557907104492
5167.9  0.8244961500167846
5170.5  0.8129224777221679
5173.1  0.8198437690734863
5175.7  0.8277866840362548
5178.3  0.8158645629882812
5180.9  0.778718888759613
5183.5  0.7351011037826538
5186.1  0.7131444811820983
5188.7  0.7286259531974792
5191.3  0.7775288820266723
5193.9  0.8433583378791809
5196.5  0.9082115888595581
5199.1  0.9601281881332397
5201.7  0.9951170086860656
5204.3  1.014836668968201
5206.9  1.021346092224121
5209.5  1.013824224472046
5212.1  0.9929889440536499
5214.7  0.9677622318267822
5217.3  0.9514642357826232
5219.9  0.9479413032531738
5222.5  0.9447526335716247
5225.1  0.9239932894706726
5227.7  0.881119966506958
5230.3  0.8346793055534362
5232.9  0.8155186772346496
5235.5  0.8405784964561462
5238.1  0.8973801732063293
5240.7  0.9581037163734436
5243.3  1.004799962043762
5245.9  1.036050200462341
5248.5  1.055457234382629
5251.1  1.062158346176148
5253.7  1.049989819526672
5256.3  1.010964512825012
5258.9  0.9425292015075683
5261.5  0.8573952317237854
5264.1  0.7848086357116699
5266.7  0.7553985714912414
5269.3  0.7803375720977783
5271.9  0.8444081544876098
5274.5  0.9183738231658935
5277.1  0.9781768918037414
5279.7  1.015621900558472
5282.3  1.035244584083557
5284.9  1.043459892272949
5287.5  1.04122006893158
5290.1  1.026949167251587
5292.7  1.005278468132019
5295.3  0.9893591403961181
5297.9  0.9912842512130737
5300.5  1.010525703430176
5303.1  1.034319043159485
5305.7  1.049061059951782
5308.3  1.04951274394989
5310.9  1.038742899894714
5313.5  1.022187948226929
5316.1  1.002342700958252
5318.7  0.977945864200592
5321.3  0.9483047723770141
5323.9  0.9189171195030212
5326.5  0.9021077156066894
5329.1  0.9092689752578735
5331.7  0.9400486350059509
5334.3  0.9804670214653015
5336.9  1.01398503780365
5339.5  1.033496022224426
5342.1  1.042354226112366
5344.7  1.047380566596985
5347.3  1.05299723148346
5349.9  1.059385299682617
5352.5  1.062923312187195
5355.1  1.058313727378845
5357.7  1.043270468711853
5360.3  1.022866487503052
5362.9  1.007905960083008
5365.5  1.006497502326965
5368.1  1.017388582229614
5370.7  1.031962156295776
5373.3  1.040976405143738
5375.9  1.038497686386108
5378.5  1.02277672290802
5381.1  0.9969574809074401
5383.7  0.9690808653831481
5386.3  0.9489310979843139
5388.9  0.9427490830421447
5391.5  0.9500154256820678
5394.1  0.9639443755149841
5396.7  0.9746623635292053
5399.3  0.9733442068099975
5401.9  0.9563548564910888
5404.5  0.9286109805107116
5407.1  0.9040806293487548
5409.7  0.8993226885795593
5412.3  0.9212340116500854
5414.9  0.9605934023857116
5417.5  0.9996333122253417
5420.1  1.025690674781799
5422.7  1.037364959716797
5425.3  1.04054868221283
5427.9  1.041102290153504
5430.5  1.041333317756653
5433.1  1.041532039642334
5435.7  1.042286276817322
5438.3  1.044404983520508
5440.9  1.047545909881592
5443.5  1.050079107284546
5446.1  1.04997456073761
5448.7  1.045772433280945
5451.3  1.03741455078125
5453.9  1.026167511940002
5456.5  1.012811064720154
5459.1  0.9968619346618652
5461.7  0.9800257086753845
5464.3  0.969593346118927
5466.9  0.9739234447479248
5469.5  0.9931352734565734
5472.1  1.017000555992127
5474.7  1.032750725746155
5477.3  1.032247185707092
5479.9  1.013001680374146
5482.5  0.9790509939193725
5485.1  0.943994402885437
5487.7  0.9269238710403442
5490.3  0.9378254413604736
5492.9  0.9677344560623168
5495.5  0.9964867830276489
5498.1  1.008736491203308
5500.7  1.002701163291931
5503.3  0.9887638092041015
5505.9  0.9815120697021484
5508.5  0.9890975356101989
5511.1  1.007661700248718
5513.7  1.026200413703919
5516.3  1.035700440406799
5518.9  1.03322958946228
5521.5  1.021077990531921
5524.1  1.005345702171326
5526.7  0.994062602519989
5529.3  0.9931147694587707
5531.9  1.002570509910584
5534.5  1.017430663108826
5537.1  1.03188955783844
5539.7  1.042693495750427
5542.3  1.048757791519165
5544.9  1.048691987991333
5547.5  1.039540767669678
5550.1  1.018481254577637
5552.7  0.9866796135902404
5555.3  0.9512935876846313
5557.9  0.9216580986976623
5560.5  0.9028751850128173
5563.1  0.894590139389038
5565.7  0.8930928111076354
5568.3  0.8896845579147338
5570.9  0.8727046847343444
5573.5  0.841550588607788
5576.1  0.8151695728302001
5578.7  0.815771460533142
5581.3  0.8456093072891235
5583.9  0.8874355554580688
5586.5  0.9243049621582031
5589.1  0.9512176513671875
5591.7  0.9714123010635375
5594.3  0.9894885420799255
5596.9  1.007495045661926
5599.5  1.023571252822876
5602.1  1.033805370330811
5604.7  1.035833120346069
5607.3  1.030385494232178
5609.9  1.020375609397888
5612.5  1.00943911075592
5615.1  1.000656127929687
5617.7  0.9957132339477539
5620.3  0.9953114986419677
5622.9  1.000086784362793
5625.5  1.009891629219055
5628.1  1.02214515209198
5630.7  1.032414793968201
5633.3  1.037609338760376
5635.9  1.038191437721252
5638.5  1.037056922912598
5641.1  1.036487221717835
5643.7  1.036217093467712
5646.3  1.034385919570923
5648.9  1.030375242233276
5651.5  1.025787353515625
5654.1  1.021709322929382
5656.7  1.01575779914856
5659.3  1.003594398498535
5661.9  0.9843426346778869
5664.5  0.9644187688827514
5667.1  0.954580545425415
5669.7  0.9609980583190917
5672.3  0.9785853624343872
5674.9  0.9946755766868591
5677.5  1.000131845474243
5680.1  0.9964922666549682
5682.7  0.9922035336494445
5685.3  0.9929015636444091
5687.9  0.9959831833839416
5690.5  0.9936497211456298
5693.1  0.9797948002815246
5695.7  0.9549658298492431
5698.3  0.9268348813056945
5700.9  0.9063678979873657
5703.5  0.9023881554603576
5706.1  0.9171764254570007
5708.7  0.9447776675224304
5711.3  0.9742485284805297
5713.9  0.996623158454895
5716.5  1.009372472763062
5719.1  1.015114784240723
5721.7  1.018020272254944
5724.3  1.021457552909851
5726.9  1.026967763900757
5729.5  1.033742427825928
5732.1  1.039256453514099
5734.7  1.041214346885681
5737.3  1.039084553718567
5739.9  1.033810496330261
5742.5  1.026929140090942
5745.1  1.020774483680725
5747.7  1.018357396125793
5750.3  1.02094566822052
5752.9  1.025836825370789
5755.5  1.027427196502686
5758.1  1.019077897071838
5760.7  0.990684688091278
5763.3  0.9247240424156188
5765.9  0.8023005723953247
5768.5  0.622701346874237
5771.1  0.4171445369720459
5773.7  0.2343586087226868
5776.3  0.1081170216202736
5778.9  0.04034717008471489
5781.5  0.01204965077340603
5784.1  0.002855086699128151
5786.7  5.286781233735382E-4
5789.3  7.025030208751559E-5
5791.9  0.
5794.5  0.
5797.1  0.
5799.7  0.
5802.3  0.
5804.9  0.
5807.5  0.
5810.1  0.
5812.7  0.
5815.3  0.
5817.9  0.
5820.5  7.150665624067187E-5
5823.1  5.382444360293447E-4
5825.7  0.00290879956446588
5828.3  0.01228604093194008
5830.9  0.04117507115006447
5833.5  0.1104774922132492
5836.1  0.2399134486913681
5838.7  0.4280364215373993
5841.3  0.640605866909027
5843.9  0.8266904950141906
5846.5  0.951103925704956
5849.1  1.010224461555481
5851.7  1.021230220794678
5854.3  1.005839586257935
5856.9  0.9846064448356628
5859.5  0.9749388694763183
5862.1  0.9843520522117614
5864.7  1.00622570514679
5867.3  1.026709318161011
5869.9  1.036155939102173
5872.5  1.034053444862366
5875.1  1.026095032691956
5877.7  1.018412113189697
5880.3  1.011967778205872
5882.9  1.000460386276245
5885.5  0.9741907119750976
5888.1  0.9285626411437988
5890.7  0.8723277449607849
5893.3  0.8290156126022338
5895.9  0.8245301246643066
5898.5  0.8652253746986389
5901.1  0.9285604953765869
5903.7  0.9793601632118225
5906.3  0.9948149323463439
5908.9  0.9762153029441833
5911.5  0.9450591206550598
5914.1  0.9285411834716796
5916.7  0.9401711821556091
5919.3  0.9705568552017211
5921.9  0.9988330006599426
5924.5  1.012205123901367
5927.1  1.013328075408936
5929.7  1.012763023376465
5932.3  1.01764726638794
5934.9  1.027130365371704
5937.5  1.036002039909363
5940.1  1.040114641189575
5942.7  1.037736535072327
5945.3  1.028002142906189
5947.9  1.011440277099609
5950.5  0.9927940368652343
5953.1  0.9807475805282592
5955.7  0.9820501804351806
5958.3  0.9960197210311889
5960.9  1.015627264976502
5963.5  1.033159375190735
5966.1  1.044377088546753
5968.7  1.048871040344238
5971.3  1.048301219940186
5973.9  1.044711828231812
5976.5  1.03940212726593
5979.1  1.032451272010803
5981.7  1.023906230926514
5984.3  1.015879988670349
5986.9  1.012154459953308
5989.5  1.014400362968445
5992.1  1.020002722740173
5994.7  1.024861216545105
5997.3  1.0272456407547
5999.9  1.028042554855347
6002.5  1.028706073760986
6005.1  1.030261158943176
6007.7  1.033331036567688
6010.3  1.037786245346069
6012.9  1.042473912239075
6015.5  1.04599666595459
6018.1  1.047788977622986
6020.7  1.048255205154419
6023.3  1.048016428947449
6025.9  1.04731023311615
6028.5  1.046103358268738
6031.1  1.044533133506775
6033.7  1.043001413345337
6036.3  1.041857481002808
6038.9  1.041105747222901
6041.5  1.040448188781738
6044.1  1.039517879486084
6046.7  1.038010478019714
6049.3  1.035732746124268
6051.9  1.032806634902954
6054.5  1.029962539672852
6057.1  1.028287410736084
6059.7  1.028312563896179
6062.3  1.029552459716797
6064.9  1.031271934509277
6067.5  1.033299446105957
6070.1  1.035676598548889
6072.7  1.038054466247559
6075.3  1.040011048316956
6077.9  1.041496634483337
6080.5  1.04242730140686
6083.1  1.042111158370972
6085.7  1.03957200050354
6088.3  1.034610390663147
6090.9  1.028530716896057
6093.5  1.023545861244202
6096.1  1.02100419998169
6098.7  1.020163774490357
6101.3  1.018987894058228
6103.9  1.01597273349762
6106.5  1.010279893875122
6109.1  0.9995883703231811
6111.7  0.9786323308944702
6114.3  0.942933440208435
6116.9  0.8974634408950805
6119.5  0.8608783483505249
6122.1  0.854458212852478
6124.7  0.8820173144340515
6127.3  0.9232068657875061
6129.9  0.9501742124557495
6132.5  0.950740098953247
6135.1  0.9363999962806701
6137.7  0.9298912286758422
6140.3  0.9443934559822082
6142.9  0.9738357067108154
6145.5  1.002132892608643
6148.1  1.01775050163269
6150.7  1.017937541007996
6153.3  1.003308176994324
6155.9  0.973542034626007
6158.5  0.9300804138183593
6161.1  0.8823308944702148
6163.7  0.8475842475891113
6166.3  0.8399072289466857
6168.9  0.8580806255340576
6171.5  0.8875371217727661
6174.1  0.9150483608245849
6176.7  0.9387471079826354
6179.3  0.9629580378532409
6181.9  0.9879845380783081
6184.5  1.008970737457275
6187.1  1.02208423614502
6189.7  1.027778744697571
6192.3  1.028864741325379
6194.9  1.027958154678345
6197.5  1.026867151260376
6200.1  1.026670455932617
6202.7  1.027466058731079
6205.3  1.028418898582459
6207.9  1.028608798980713
6210.5  1.027926683425903
6213.1  1.026969194412231
6215.7  1.026284217834473
6218.3  1.025915503501892
6220.9  1.025488138198853
6223.5  1.02453887462616
6226.1  1.022850632667542
6228.7  1.020633935928345
6231.3  1.018360376358032
6233.9  1.016180157661438
6236.5  1.013466715812683
6239.1  1.009276032447815
6241.7  1.00364887714386
6244.3  0.9982531666755676
6246.9  0.9953200221061706
6249.5  0.9955755472183227
6252.1  0.9967915415763854
6254.7  0.9935731291770935
6257.3  0.9795489311218261
6259.9  0.9532706141471862
6262.5  0.923922836780548
6265.1  0.9075844287872314
6267.7  0.9129118919372558
6270.3  0.9317114353179931
6272.9  0.947503924369812
6275.5  0.9523731470108032
6278.1  0.952392578125
6280.7  0.9574880599975585
6283.3  0.9696665406227111
6285.9  0.9821593761444091
6288.5  0.9871309995651245
6291.1  0.9810620546340942
6293.7  0.9644120335578918
6296.3  0.9411835670471191
6298.9  0.9207903742790222
6301.5  0.915211021900177
6304.1  0.9285913705825805
6306.7  0.9513263702392578
6309.3  0.9689054489135742
6311.9  0.9756284356117248
6314.5  0.9764472842216491
6317.1  0.9767318964004516
6319.7  0.9740849733352661
6322.3  0.9615718126296997
6324.9  0.9366998076438903
6327.5  0.9051440954208374
6330.1  0.8772011399269104
6332.7  0.8632780313491821
6335.3  0.8705982565879821
6337.9  0.8982956409454345
6340.5  0.9354745745658874
6343.1  0.9682145714759826
6345.7  0.9884958863258361
6348.3  0.9949924945831298
6350.9  0.9886988401412963
6353.5  0.9720563888549804
6356.1  0.9516670703887939
6358.7  0.937505304813385
6361.3  0.9365009665489196
6363.9  0.947783350944519
6366.5  0.9651180505752563
6369.1  0.9823907017707824
6371.7  0.9959583282470703
6374.3  1.004240036010742
6376.9  1.007154941558838
6379.5  1.005751848220825
6382.1  1.001435279846192
6384.7  0.9947239756584167
6387.3  0.9848331212997436
6389.9  0.9708143472671508
6392.5  0.9530789256095886
6395.1  0.9340766668319702
6397.7  0.918577492237091
6400.3  0.9124271273612976
6402.9  0.9184952974319458
6405.5  0.9342321753501892
6408.1  0.9544967412948608
6410.7  0.9748991131782531
6413.3  0.9918513298034667
6415.9  1.002651691436768
6418.5  1.007227063179016
6421.1  1.008296608924866
6423.7  1.008860111236572
6426.3  1.00996470451355
6428.9  1.010788679122925
6431.5  1.010023713111878
6434.1  1.006903052330017
6436.7  1.00107741355896
6439.3  0.9910094738006591
6441.9  0.973056137561798
6444.5  0.9451965689659118
6447.1  0.9135294556617736
6449.7  0.8914220929145812
6452.3  0.8872355222702026
6454.9  0.8947004079818725
6457.5  0.9006231427192687
6460.1  0.9014753103256225
6462.7  0.9068375825881958
6465.3  0.9252207279205322
6467.9  0.9521214365959167
6470.5  0.9755189418792724
6473.1  0.9888995885848999
6475.7  0.9948401451110839
6478.3  0.9985551834106445
6480.9  1.001712560653687
6483.5  1.001983404159546
6486.1  0.995755136013031
6488.7  0.9811338186264038
6491.3  0.9607380628585815
6493.9  0.9423937201499938
6496.5  0.9350092411041259
6499.1  0.9417246580123901
6501.7  0.9575110077857971
6504.3  0.9738335013389587
6506.9  0.9848317503929138
6509.5  0.9894964098930358
6512.1  0.9900418519973754
6514.7  0.9895173907279968
6517.3  0.990221619606018
6519.9  0.9928285479545593
6522.5  0.9962018132209777
6525.1  0.9983335137367248
6527.7  0.9980732798576354
6530.3  0.996327519416809
6532.9  0.9953383803367614
6535.5  0.9964183568954467
6538.1  0.9985572695732116
6540.7  0.9995520114898681
6543.3  0.9980679154396057
6545.9  0.9939609766006469
6548.5  0.9867905974388122
6551.1  0.9747774600982666
6553.7  0.9558183550834655
6556.3  0.9302454590797424
6558.9  0.9031862616539001
6561.5  0.883600115776062
6564.1  0.8792423605918884
6566.7  0.8915311098098754
6569.3  0.9151319861412048
6571.9  0.9419056177139282
6574.5  0.9651013016700744
6577.1  0.9811989068984985
6579.7  0.9895473718643188
6582.3  0.990986168384552
6584.9  0.9870055317878723
6587.5  0.9801865220069885
6590.1  0.9747135043144226
6592.7  0.9748882055282592
6595.3  0.9819239377975463
6597.9  0.992648959159851
6600.5  1.002334475517273
6603.1  1.008585453033447
6605.7  1.012050986289978
6608.3  1.014312744140625
6610.9  1.016211867332459
6613.5  1.017833709716797
6616.1  1.019001364707947
6618.7  1.019450068473816
6621.3  1.018956184387207
6623.9  1.017442345619202
6626.5  1.014972686767578
6629.1  1.011861324310303
6631.7  1.008922100067139
6634.3  1.007295489311218
6636.9  1.007765889167786
6639.5  1.010269522666931
6642.1  1.013972043991089
6644.7  1.017702460289001
6647.3  1.020498752593994
6649.9  1.021982669830322
6652.5  1.022286534309387
6655.1  1.021674394607544
6657.7  1.020369648933411
6660.3  1.018798708915711
6662.9  1.017784595489502
6665.5  1.018117427825928
6668.1  1.019789218902588
6670.7  1.021842956542969
6673.3  1.023224949836731
6675.9  1.023822665214539
6678.5  1.024535536766052
6681.1  1.0262131690979
6683.7  1.028638482093811
6686.3  1.030686855316162
6688.9  1.031355023384094
6691.5  1.030500888824463
6694.1  1.028768301010132
6696.7  1.026968955993652
6699.3  1.025476932525635
6701.9  1.023898601531983
6704.5  1.020958781242371
6707.1  1.014320731163025
6709.7  1.001253366470337
6712.3  0.9814850091934204
6714.9  0.9601629972457885
6717.5  0.9457644820213317
6720.1  0.9430270791053771
6722.7  0.9489389061927795
6725.3  0.9565662145614624
6727.9  0.9613486528396606
6730.5  0.9637498259544372
6733.1  0.9675530791282653
6735.7  0.9755506515502929
6738.3  0.9864372014999389
6740.9  0.996396005153656
6743.5  1.003008842468262
6746.1  1.006641745567322
6748.7  1.008824348449707
6751.3  1.010608553886414
6753.9  1.012398838996887
6756.5  1.014431357383728
6759.1  1.016662120819092
6761.7  1.018190979957581
6764.3  1.017489671707153
6766.9  1.013730764389038
6769.5  1.007797360420227
6772.1  1.001865386962891
6774.7  0.9980405569076538
6777.3  0.9972778558731079
6779.9  0.9992150664329528
6782.5  1.002765536308289
6785.1  1.006823897361755
6787.7  1.010532140731812
6790.3  1.013245105743408
6792.9  1.014665484428406
6795.5  1.015085220336914
6798.1  1.015271782875061
6800.7  1.01589572429657
6803.3  1.016998887062073
6805.9  1.018154740333557
6808.5  1.019184947013855
6811.1  1.020581722259522
6813.7  1.023004293441772
6816.3  1.026390075683594
6818.9  1.029789924621582
6821.5  1.032158255577087
6824.1  1.032999038696289
6826.7  1.03204345703125
6829.3  1.028484702110291
6831.9  1.021118044853211
6834.5  1.009994626045227
6837.1  0.9980502128601074
6839.7  0.9899597764015197
6842.3  0.9883348941802978
6844.9  0.9915465116500854
6847.5  0.9957582354545593
6850.1  0.9982568025588989
6852.7  0.9981542229652404
6855.3  0.9944779872894287
6857.9  0.9833598136901855
6860.5  0.9576276540756225
6863.1  0.912265658378601
6865.7  0.8534510731697082
6868.3  0.800849974155426
6870.9  0.7761920690536499
6873.5  0.7866526842117309
6876.1  0.817837655544281
6878.7  0.8433839082717895
6881.3  0.8457669615745544
6883.9  0.8317838907241821
6886.5  0.825464129447937
6889.1  0.8430649638175964
6891.7  0.8785399198532104
6894.3  0.9148628115653991
6896.9  0.9422348737716674
6899.5  0.9611788988113403
6902.1  0.9753158092498779
6904.7  0.9870975017547607
6907.3  0.9976889491081237
6909.9  1.006880044937134
6912.5  1.013365507125855
6915.1  1.016254663467407
6917.7  1.015858888626099
6920.3  1.013120174407959
6922.9  1.008803367614746
6925.5  1.003485679626465
6928.1  0.9977419972419738
6930.7  0.9917471408843994
6933.3  0.9850814342498779
6935.9  0.9778563380241394
6938.5  0.9719688296318054
6941.1  0.969942569732666
6943.7  0.9721192121505737
6946.3  0.9760871529579162
6948.9  0.9794033169746398
6951.5  0.9817869067192077
6954.1  0.9841430783271789
6956.7  0.9867798686027526
6959.3  0.9895790219306945
6961.9  0.9929360151290893
6964.5  0.9974026083946228
6967.1  1.002701044082642
6969.7  1.007737994194031
6972.3  1.011532425880432
6974.9  1.014016032218933
6977.5  1.016036748886108
6980.1  1.018581390380859
6982.7  1.021839737892151
6985.3  1.024951934814453
6987.9  1.02639377117157
6990.5  1.024373173713684
6993.1  1.016786575317383
6995.7  1.001558542251587
6998.3  0.9788742661476135
7000.9  0.9538423418998718
7003.5  0.934758722782135
7006.1  0.926333725452423
7008.7  0.9259030818939208
7011.3  0.9280629158020019
7013.9  0.931110680103302
7016.5  0.9370040297508239
7019.1  0.9467156529426574
7021.7  0.957943856716156
7024.3  0.9669603109359741
7026.9  0.9711501598358154
7029.5  0.9701706171035766
7032.1  0.966351568698883
7034.7  0.9636902213096618
7037.3  0.9648908376693725
7039.9  0.9691188335418701
7042.5  0.9730580449104309
7045.1  0.9739149212837219
7047.7  0.9714938998222351
7050.3  0.9684845209121704
7052.9  0.9686648845672607
7055.5  0.9735864400863647
7058.1  0.9808810949325561
7060.7  0.9865392446517944
7063.3  0.9887308478355407
7065.9  0.9891738891601562
7068.5  0.9909798502922058
7071.1  0.995043933391571
7073.7  0.9985854029655456
7076.3  0.997210144996643
7078.9  0.9882051944732666
7081.5  0.9725576043128967
7084.1  0.9551239013671875
7086.7  0.9423452615737915
7089.3  0.9381844997406005
7091.9  0.9420025944709777
7094.5  0.9504162073135375
7097.1  0.960102379322052
7099.7  0.9685150384902954
7102.3  0.9736819863319396
7104.9  0.9748639464378356
7107.5  0.9730829000473022
7110.1  0.97021484375
7112.7  0.9678014516830444
7115.3  0.9665842056274414
7117.9  0.9659158587455749
7120.5  0.9628022909164428
7123.1  0.9529439210891723
7125.7  0.9355692863464355
7128.3  0.9180939197540283
7130.9  0.9129158854484558
7133.5  0.9262926578521728
7136.1  0.9516960382461547
7138.7  0.9763104319572448
7141.3  0.992288589477539
7143.9  1.000174164772034
7146.5  1.004187107086182
7149.1  1.006926655769348
7151.7  1.007906317710876
7154.3  1.005175113677979
7156.9  0.9976735115051269
7159.5  0.9867300391197204
7162.1  0.9758464097976684
7164.7  0.9687657356262207
7167.3  0.9669384956359863
7169.9  0.9687622785568237
7172.5  0.9711357951164245
7175.1  0.9710429310798645
7177.7  0.965541124343872
7180.3  0.952082872390747
7182.9  0.931189477443695
7185.5  0.908984363079071
7188.1  0.8945749998092651
7190.7  0.8929405808448791
7193.3  0.9013292789459228
7195.9  0.913326621055603
7198.5  0.9250171184539794
7201.1  0.9364209771156311
7203.7  0.9484865665435791
7206.3  0.9604336023330688
7208.9  0.9701563715934753
7211.5  0.9762250781059265
7214.1  0.9788952469825744
7216.7  0.979528784751892
7219.3  0.9795385003089904
7221.9  0.9801225662231445
7224.5  0.9823887944221496
7227.1  0.9868410229682922
7229.7  0.9927124977111816
7232.3  0.9983542561531066
7234.9  1.002118349075317
7237.5  1.002185225486755
7240.1  0.9955968856811523
7242.7  0.9786126017570495
7245.3  0.9500861167907714
7247.9  0.9159614443778991
7250.5  0.8887220025062561
7253.1  0.8787786364555358
7255.7  0.8856756091117858
7258.3  0.9000261425971984
7260.9  0.9135711193084716
7263.5  0.9244540333747863
7266.1  0.9338313341140747
7268.7  0.9418110251426696
7271.3  0.947900652885437
7273.9  0.9527363181114196
7276.5  0.9574788212776184
7279.1  0.9621136784553527
7281.7  0.9652969241142272
7284.3  0.9658880829811096
7286.9  0.9645348191261291
7289.5  0.9636692404747009
7292.1  0.9654876589775085
7294.7  0.9696861505508422
7297.3  0.9733535051345825
7299.9  0.9729846119880676
7302.5  0.9666538834571838
7305.1  0.9550877213478088
7307.7  0.9413543939590454
7310.3  0.9288731813430786
7312.9  0.9191766381263732
7315.5  0.9122916460037231
7318.1  0.9093595147132873
7320.7  0.91304212808609
7323.3  0.9243854284286499
7325.9  0.9406037330627441
7328.5  0.9568119049072265
7331.1  0.9692475199699401
7333.7  0.9765230417251586
7336.3  0.9788251519203186
7338.9  0.977230429649353
7341.5  0.973885953426361
7344.1  0.971586525440216
7346.7  0.9718020558357238
7349.3  0.9732705950736999
7351.9  0.9731335043907165
7354.5  0.9694339632987976
7357.1  0.9625710248947143
7359.7  0.9550123214721679
7362.3  0.949529230594635
7364.9  0.9470329284667968
7367.5  0.946457028388977
7370.1  0.9470454454421997
7372.7  0.9495974779129028
7375.3  0.9547488689422607
7377.9  0.9607654809951782
7380.5  0.9636037945747375
7383.1  0.9586538076400756
7385.7  0.9431007504463195
7388.3  0.9193439483642578
7390.9  0.8976005911827087
7393.5  0.8914313316345214
7396.1  0.9060558080673217
7398.7  0.9316961765289306
7401.3  0.951465904712677
7403.9  0.9556742906570434
7406.5  0.9479120969772338
7409.1  0.9391180872917175
7411.7  0.9369222521781921
7414.3  0.940366506576538
7416.9  0.9441303014755249
7419.5  0.9463121891021728
7422.1  0.9504273533821105
7424.7  0.9598584771156311
7427.3  0.9726186990737915
7429.9  0.9826332926750183
7432.5  0.9844174981117248
7435.1  0.9755557179450988
7437.7  0.9574273824691772
7440.3  0.9363163709640502
7442.9  0.92238050699234
7445.5  0.923478364944458
7448.1  0.9386312365531921
7450.7  0.9589663743972778
7453.3  0.9752673506736755
7455.9  0.9837618470191955
7458.5  0.9858031868934631
7461.1  0.9845249652862548
7463.7  0.9824361205101013
7466.3  0.9808003902435302
7468.9  0.9798463582992553
7471.5  0.978948950767517
7474.1  0.9769315123558044
7476.7  0.9732201695442199
7479.3  0.9689919352531433
7481.9  0.9660891890525817
7484.5  0.9636207222938537
7487.1  0.9569904804229736
7489.7  0.9432430863380432
7492.3  0.9277781844139099
7494.9  0.9223011136054992
7497.5  0.9336432218551635
7500.1  0.9564734697341918
7502.7  0.9787445068359375
7505.3  0.9921509623527526
7507.9  0.996219515800476
7510.5  0.9952126145362854
7513.1  0.9935382008552551
7515.7  0.9932814240455627
7518.3  0.9941719770431518
7520.9  0.9948510527610778
7523.5  0.9942541718482971
7526.1  0.9923491477966308
7528.7  0.9901577234268188
7531.3  0.9889086484909057
7533.9  0.988825500011444
7536.5  0.9888559579849243
7539.1  0.9878248572349548
7541.7  0.9856219291687011
7544.3  0.9830216169357299
7546.9  0.9806070327758789
7549.5  0.9783332347869873
7552.1  0.9762505292892456
7554.7  0.975139558315277
7557.3  0.9758654236793518
7559.9  0.9784196019172668
7562.5  0.9820661544799804
7565.1  0.9860368371009826
7567.7  0.9897069334983825
7570.3  0.9922394156455993
7572.9  0.9920349717140197
7575.5  0.9859676957130432
7578.1  0.970177412033081
7580.7  0.9444866776466369
7583.3  0.9169713854789733
7585.9  0.899429976940155
7588.5  0.8933528065681457
7591.1  0.8823259472846984
7593.7  0.8433066010475158
7596.3  0.7667199969291687
7598.9  0.6667214035987854
7601.5  0.5747662186622619
7604.1  0.5217097401618957
7606.7  0.5196740627288818
7609.3  0.5570348501205444
7611.9  0.6104264855384826
7614.5  0.6614119410514831
7617.1  0.7012478709220886
7619.7  0.7245608568191528
7622.3  0.7268986701965332
7624.9  0.7102388143539428
7627.5  0.6845929622650146
7630.1  0.6605486273765563
7632.7  0.6423776745796203
7635.3  0.6289513707160949
7637.9  0.6199961900711059
7640.5  0.617728054523468
7643.1  0.6201363205909729
7645.7  0.6180480122566223
7648.3  0.6058183908462524
7650.9  0.5904815793037414
7653.5  0.5844457745552062
7656.1  0.5947043895721435
7658.7  0.6242767572402954
7661.3  0.6765124201774597
7663.9  0.7493103146553039
7666.5  0.8292301297187805
7669.1  0.8985881805419921
7671.7  0.9473673105239868
7674.3  0.9758625030517578
7676.9  0.9889122247695922
7679.5  0.991458237171173
7682.1  0.988016664981842
7684.7  0.9830700159072875
7687.3  0.9796114563941955
7689.9  0.9777688980102539
7692.5  0.9759605526924133
7695.1  0.9743675589561462
7697.7  0.9760823845863342
7700.3  0.9834418296813964
7702.9  0.9942463040351867
7705.5  1.003587961196899
7708.1  1.008799076080322
7710.7  1.010973572731018
7713.3  1.012237906455994
7715.9  1.013232469558716
7718.5  1.013492703437805
7721.1  1.012902855873108
7723.7  1.011849045753479
7726.3  1.010475277900696
7728.9  1.008638143539429
7731.5  1.006585478782654
7734.1  1.005081415176392
7736.7  1.004740238189697
7739.3  1.005495071411133
7741.9  1.006710171699524
7744.5  1.007630348205566
7747.1  1.007797837257385
7749.7  1.007298588752747
7752.3  1.006685495376587
7754.9  1.006579399108887
7757.5  1.00728166103363
7760.1  1.008721470832825
7762.7  1.010685920715332
7765.3  1.013043284416199
7767.9  1.015740275382996
7770.5  1.018609642982483
7773.1  1.021178603172302
7775.7  1.022708654403687
7778.3  1.02242636680603
7780.9  1.019891619682312
7783.5  1.015675663948059
7786.1  1.012014627456665
7788.7  1.011857271194458
7791.3  1.016072154045105
7793.9  1.022194981575012
7796.5  1.026997327804566
7799.1  1.029495239257812
7801.7  1.030556082725525
7804.3  1.03079092502594
7806.9  1.030158877372742
7809.5  1.0289466381073
7812.1  1.027920007705689
7814.7  1.02753210067749
7817.3  1.027530074119568
7819.9  1.027247905731201
7822.5  1.025938630104065
7825.1  1.022883772850037
7827.7  1.017701864242554
7830.3  1.011012434959412
7832.9  1.004792809486389
7835.5  1.001531481742859
7838.1  1.002445220947266
7840.7  1.006452202796936
7843.3  1.011096835136414
7845.9  1.014463782310486
7848.5  1.01616096496582
7851.1  1.016798138618469
7853.7  1.016976118087769
7856.3  1.016864776611328
7858.9  1.016445398330688
7861.5  1.015807628631592
7864.1  1.015105128288269
7866.7  1.014328956604004
7869.3  1.013180375099182
7871.9  1.011323094367981
7874.5  1.009163022041321
7877.1  1.008455872535706
7879.7  1.011267781257629
7882.3  1.017606735229492
7884.9  1.024668455123901
7887.5  1.029325485229492
7890.1  1.031096696853638
7892.7  1.032025218009949
7895.3  1.033966422080994
7897.9  1.036786198616028
7900.5  1.039108395576477
7903.1  1.039859771728516
7905.7  1.038670539855957
7908.3  1.035500168800354
7910.9  1.030649662017822
7913.5  1.024999380111694
7916.1  1.019599080085754
7918.7  1.014944314956665
7921.3  1.010831356048584
7923.9  1.006671786308289
7926.5  1.001335859298706
7929.1  0.9931802153587341
7931.7  0.9819324612617492
7934.3  0.9712141752243041
7936.9  0.9673182368278503
7939.5  0.9736379981040954
7942.1  0.9871413707733154
7944.7  1.001426577568054
7947.3  1.012106657028198
7949.9  1.018472790718079
7952.5  1.021616697311401
7955.1  1.022517919540405
7957.7  1.021658778190613
7960.3  1.019561529159546
7962.9  1.017207503318787
7965.5  1.015773415565491
7968.1  1.01583731174469
7970.7  1.016924619674683
7973.3  1.017988204956055
7975.9  1.018594145774841
7978.5  1.019723534584045
7981.1  1.023071885108948
7983.7  1.029214143753052
7986.3  1.036563992500305
7988.9  1.042279720306397
7991.5  1.044167399406433
7994.1  1.042082548141479
7996.7  1.037854790687561
7999.3  1.033714771270752
8001.9  1.030651450157166
8004.5  1.028519749641419
8007.1  1.027274370193481
8009.7  1.027123928070068
8012.3  1.027624607086182
8014.9  1.027564644813538
8017.5  1.025642037391663
8020.1  1.020968437194824
8022.7  1.013773202896118
8025.3  1.00640869140625
8027.9  1.002654910087586
8030.5  1.004406690597534
8033.1  1.009203910827637
8035.7  1.011723041534424
8038.3  1.007574796676636
8040.9  0.9965218901634216
8043.5  0.9836600422859191
8046.1  0.9767168164253234
8048.7  0.9799923300743103
8051.3  0.9910101890563964
8053.9  1.003749966621399
8056.5  1.013695359230042
8059.1  1.019134521484375
8061.7  1.019838213920593
8064.3  1.016365885734558
8066.9  1.010411620140076
8069.5  1.004411697387695
8072.1  0.9992871880531311
8074.7  0.9917353987693786
8077.3  0.9755831360816955
8079.9  0.9492256641387939
8082.5  0.9220108389854431
8085.1  0.9094722867012023
8087.7  0.9198574423789978
8090.3  0.9474275112152099
8092.9  0.9796715378761291
8095.5  1.0076162815094
8098.1  1.028480768203735
8100.7  1.042704105377197
8103.3  1.05133855342865
8105.9  1.055360436439514
8108.5  1.055669188499451
8111.1  1.052953481674194
8113.7  1.047773599624634
8116.3  1.041062831878662
8118.9  1.03449285030365
8121.5  1.029688954353333
8124.1  1.026776909828186
8126.7  1.024096488952637
8129.3  1.019868731498718
8131.9  1.01418149471283
8134.5  1.009031772613525
8137.1  1.006321907043457
8139.7  1.005778789520264
8142.3  1.004844427108765
8144.9  1.000854015350342
8147.5  0.9935957193374633
8150.1  0.9855907559394836
8152.7  0.9795222282409667
8155.3  0.9753360152244567
8157.9  0.970162808895111
8160.5  0.961011528968811
8163.1  0.9473803043365478
8165.7  0.9320206642150878
8168.3  0.920561134815216
8170.9  0.9191974401473999
8173.5  0.9297065734863281
8176.1  0.9472067356109619
8178.7  0.9649600982666015
8181.3  0.9799192547798156
8183.9  0.992150068283081
8186.5  1.001428604125977
8189.1  1.007013559341431
8191.7  1.010113596916199
8194.3  1.01439356803894
8196.9  1.022709727287293
8199.5  1.033718466758728
8202.1  1.042528748512268
8204.7  1.043979167938232
8207.3  1.034584641456604
8209.9  1.012588262557983
8212.5  0.9789556264877319
8215.1  0.9402107596397399
8217.7  0.9095875024795532
8220.3  0.9008712172508239
8222.9  0.9168897271156311
8225.5  0.945854902267456
8228.1  0.9724140167236328
8230.7  0.9901517033576965
8233.3  1.001464605331421
8235.9  1.009758114814758
8238.5  1.015628337860108
8241.1  1.018554329872131
8243.7  1.019052743911743
8246.3  1.018661975860596
8248.9  1.018815279006958
8251.5  1.019884705543518
8254.1  1.021159768104553
8256.7  1.021480202674866
8259.3  1.020089864730835
8261.9  1.017110586166382
8264.5  1.01331353187561
8267.1  1.009153366088867
8269.7  1.00408136844635
8272.3  0.9974576234817504
8274.9  0.9904491901397705
8277.5  0.9861698746681213
8280.1  0.9869844317436218
8282.7  0.9921019077301025
8285.3  0.9985812902450561
8287.9  1.004194736480713
8290.5  1.008440375328064
8293.1  1.011253714561462
8295.7  1.012045502662659
8298.3  1.010475635528565
8300.9  1.007728457450867
8303.5  1.006725192070007
8306.1  1.010488510131836
8308.7  1.019069314002991
8311.3  1.027852177619934
8313.9  1.029888033866882
8316.5  1.020162582397461
8319.1  0.9981282353401184
8321.7  0.9685931801795959
8324.3  0.9420685172080993
8326.9  0.930831491947174
8329.5  0.9391871094703674
8332.1  0.958479881286621
8334.7  0.9757061004638671
8337.3  0.9859421849250793
8339.9  0.9935830831527709
8342.5  1.003646016120911
8345.1  1.01561164855957
8347.7  1.025062561035156
8350.3  1.027538061141968
8352.9  1.020259618759155
8355.5  1.004004001617432
8358.1  0.9856322407722473
8360.7  0.9759427309036254
8363.3  0.9810647368431091
8365.9  0.9966619610786437
8368.5  1.012754678726196
8371.1  1.023055911064148
8373.7  1.028208255767822
8376.3  1.031792998313904
8378.9  1.035673975944519
8381.5  1.039184927940369
8384.1  1.041241526603699
8386.7  1.041957020759583
8389.3  1.042224168777466
8391.9  1.042529106140137
8394.5  1.042846322059631
8397.1  1.043350577354431
8399.7  1.04449737071991
8402.3  1.046294927597046
8404.9  1.047966837882996
8407.5  1.048550009727478
8410.1  1.047671914100647
8412.7  1.045717120170593
8415.3  1.043475866317749
8417.9  1.041981458663941
8420.5  1.042741656303406
8423.1  1.047382235527039
8425.7  1.055987000465393
8428.3  1.065723776817322
8430.9  1.071932792663574
8433.5  1.070816516876221
8436.1  1.061204433441162
8438.7  1.045144081115723
8441.3  1.028213977813721
8443.9  1.018081784248352
8446.5  1.019806027412415
8449.1  1.031504631042481
8451.7  1.045902371406555
8454.3  1.056575775146484
8456.9  1.061954736709595
8459.5  1.063897371292114
8462.1  1.064323544502258
8464.7  1.063838720321655
8467.3  1.062398433685303
8469.9  1.059980511665344
8472.5  1.056502103805542
8475.1  1.051790118217468
8477.7  1.046076536178589
8480.3  1.040222644805908
8482.9  1.034712076187134
8485.5  1.028157353401184
8488.1  1.017126798629761
8490.7  0.9986988902091979
8493.3  0.9749387502670288
8495.9  0.9549943208694458
8498.5  0.949865698814392
8501.1  0.9625247716903686
8503.7  0.9838684797286987
8506.3  1.000008702278137
8508.9  1.003678679466248
8511.5  0.9989571571350097
8514.1  0.9959171414375305
8516.7  1.000841379165649
8519.3  1.011535525321961
8521.9  1.021262407302857
8524.5  1.024718165397644
8527.1  1.018681645393372
8529.7  0.9977659583091735
8532.3  0.9505165219306945
8534.9  0.8611080646514892
8537.5  0.7197694778442382
8540.1  0.5369976758956909
8542.7  0.3466527462005615
8545.3  0.1886317878961563
8547.9  0.08477251976728439
8550.5  0.03098329529166222
8553.1  0.009102816693484783
8555.7  0.002127898391336203
8558.3  3.885281039401889E-4
8560.9  5.014699127059429E-5
8563.5  0.
8566.1  0.
8568.7  0.
8571.3  0.
8573.9  0.
8576.5  0.
8579.1  0.
8581.7  0.
8584.3  0.
8586.9  0.
8589.5  0.
8592.1  0.
8594.7  0.
8597.3  0.
8599.9  0.
8602.5  0.
8605.1  0.
8607.7  0.
8610.3  0.
8612.9  0.
8615.5  0.
8618.1  0.
8620.7  0.
8623.3  0.
8625.9  0.
8628.5  0.
8631.1  0.
8633.7  0.
8636.3  0.
8638.9  0.
8641.5  2.611690251796972E-5
8644.1  2.324217057321221E-4
8646.7  0.001339990296401084
8649.3  0.006005361676216125
8651.9  0.02152452990412712
8654.5  0.0623650774359703
8657.1  0.14759261906147
8659.7  0.2888607084751129
8662.3  0.4750808477401733
8664.9  0.6703175902366638
8667.5  0.8328354358673095
8670.1  0.940011978149414
8672.7  0.9964863657951354
8675.3  1.021721482276917
8677.9  1.032271385192871
8680.5  1.034270644187927
8683.1  1.02870523929596
8685.7  1.019979000091553
8688.3  1.016567468643189
8690.9  1.023276805877686
8693.5  1.036284208297729
8696.1  1.048127055168152
8698.7  1.055343627929688
8701.3  1.059337377548218
8703.9  1.062268137931824
8706.5  1.06470799446106
8709.1  1.066363453865051
8711.7  1.067015051841736
8714.3  1.066537261009216
8716.9  1.064909338951111
8719.5  1.062441945075989
8722.1  1.059782147407532
8724.7  1.057473540306091
8727.3  1.055583238601685
8729.9  1.0538569688797
8732.5  1.05227541923523
8735.1  1.051263332366943
8737.7  1.05115008354187
8740.3  1.051591515541077
8742.9  1.051835775375366
8745.5  1.051540017127991
8748.1  1.051052331924439
8750.7  1.050679802894592
8753.3  1.049546599388123
8755.9  1.045475125312805
8758.5  1.037041544914246
8761.1  1.026517271995544
8763.7  1.019718647003174
8766.3  1.021235227584839
8768.9  1.030050754547119
8771.5  1.041074633598328
8774.1  1.050173163414001
8776.7  1.056416749954224
8779.3  1.060767531394959
8781.9  1.064635038375855
8784.5  1.069315552711487
8787.1  1.075349092483521
8789.7  1.082116484642029
8792.3  1.088258028030396
8794.9  1.092144250869751
8797.5  1.092089533805847
8800.1  1.087225556373596
8802.7  1.079038143157959
8805.3  1.071580410003662
8807.9  1.068989515304566
8810.5  1.072216510772705
8813.1  1.078422427177429
8815.7  1.083537101745606
8818.3  1.085123300552368
8820.9  1.083237409591675
8823.5  1.07943606376648
8826.1  1.075249314308167
8828.7  1.07141101360321
8831.3  1.068289995193481
8833.9  1.066482305526733
8836.5  1.066354751586914
8839.1  1.067261934280396
8841.7  1.067932486534119
8844.3  1.067631006240845
8846.9  1.066284418106079
8849.5  1.063275337219238
8852.1  1.056506037712097
8854.7  1.04361355304718
8857.3  1.025397419929504
8859.9  1.008249402046204
8862.5  1.001092195510864
8865.1  1.00783121585846
8867.7  1.023414731025696
8870.3  1.03845477104187
8872.9  1.046980977058411
8875.5  1.0495445728302
8878.1  1.05050790309906
8880.7  1.053398728370667
8883.3  1.058385014533997
8885.9  1.063286542892456
8888.5  1.066121578216553
8891.1  1.066430807113648
8893.7  1.064910769462586
8896.3  1.062594413757324
8898.9  1.060052871704102
8901.5  1.056375861167908
8904.1  1.04923152923584
8906.7  1.037788987159729
8909.3  1.026253461837769
8911.9  1.022303342819214
8914.5  1.029967665672302
8917.1  1.045212984085083
8919.7  1.059897303581238
8922.3  1.068851232528687
8924.9  1.072559833526611
8927.5  1.074708938598633
8930.1  1.078076601028442
8932.7  1.082127690315247
8935.3  1.08410370349884
8937.9  1.082360625267029
8940.5  1.078439593315125
8943.1  1.075552105903626
8945.7  1.075151205062866
8948.3  1.075602889060974
8950.9  1.074355602264404
8953.5  1.070497751235962
8956.1  1.064528942108154
8958.7  1.056779503822327
8961.3  1.047828078269959
8963.9  1.040395975112915
8966.5  1.038615107536316
8969.1  1.043898701667786
8971.7  1.052512407302857
8974.3  1.058162569999695
8976.9  1.055981159210205
8979.5  1.043917536735535
8982.1  1.022584199905396
8984.7  0.9957717061042785
8987.3  0.9710533022880554
8989.9  0.9583457708358764
8992.5  0.964613914489746
8995.1  0.9873781204223632
8997.7  1.01447868347168
9000.3  1.032633543014526
9002.9  1.036599516868591
9005.5  1.030733466148377
9008.1  1.023406267166138
9010.7  1.019988894462585
9013.3  1.019726753234863
9015.9  1.018285512924194
9018.5  1.013206124305725
9021.1  1.00750458240509
9023.7  1.007887005805969
9026.3  1.018394470214844
9028.9  1.035873413085938
9031.5  1.052797555923462
9034.1  1.064044237136841
9036.7  1.069932818412781
9039.3  1.073731541633606
9041.9  1.078052878379822
9044.5  1.083607792854309
9047.1  1.089914202690125
9049.7  1.096100687980652
9052.3  1.101048350334168
9054.9  1.103344321250916
9057.5  1.101836442947388
9060.1  1.096441268920898
9062.7  1.087762355804443
9065.3  1.075714588165283
9067.9  1.059596061706543
9070.5  1.040036082267761
9073.1  1.020096898078919
9075.7  1.004507184028625
9078.3  0.9982954263687133
9080.9  1.004154205322266
9083.5  1.019092321395874
9086.1  1.035393953323364
9088.7  1.046745181083679
9091.3  1.052371382713318
9093.9  1.055099010467529
9096.5  1.057520270347595
9099.1  1.060237526893616
9101.7  1.061828255653381
9104.3  1.059645533561707
9106.9  1.051433086395264
9109.5  1.035949587821961
9112.1  1.012511730194092
9114.7  0.9831110835075378
9117.3  0.9569838643074035
9119.9  0.948554515838623
9122.5  0.9648311734199523
9125.1  0.9964057207107543
9127.7  1.024987697601318
9130.3  1.038169384002686
9132.9  1.035567879676819
9135.5  1.024929046630859
9138.1  1.015130877494812
9140.7  1.010265588760376
9143.3  1.007575631141663
9145.9  1.000473380088806
9148.5  0.9845191240310668
9151.1  0.9628888964653015
9153.7  0.9472134709358215
9156.3  0.949661910533905
9158.9  0.9714979529380798
9161.5  1.001294493675232
9164.1  1.025467991828919
9166.7  1.038524389266968
9169.3  1.043507337570191
9171.9  1.046165585517883
9174.5  1.050106048583984
9177.1  1.055789589881897
9179.7  1.062264442443848
9182.3  1.068920135498047
9184.9  1.075727820396423
9187.5  1.082547903060913
9190.1  1.088782072067261
9192.7  1.093274712562561
9195.3  1.094266533851624
9197.9  1.090077519416809
9200.5  1.080801963806152
9203.1  1.069469332695007
9205.7  1.060856938362122
9208.3  1.058314919471741
9210.9  1.061160087585449
9213.5  1.065096497535706
9216.1  1.065400362014771
9218.7  1.05990195274353
9221.3  1.049560904502869
9223.9  1.037453293800354
9226.5  1.027554154396057
9229.1  1.023289322853088
9231.7  1.025426268577576
9234.3  1.030686020851135
9236.9  1.033474326133728
9239.5  1.030386328697205
9242.1  1.023132681846619
9244.7  1.01669454574585
9247.3  1.014870643615723
9249.9  1.017705798149109
9252.5  1.022595882415772
9255.1  1.027048587799072
9257.7  1.030256271362305
9260.3  1.032867193222046
9262.9  1.035719990730286
9265.5  1.038293242454529
9268.1  1.038392066955566
9270.7  1.033629298210144
9273.3  1.022931098937988
9275.9  1.007454752922058
9278.5  0.9913123846054077
9281.1  0.9800888299942016
9283.7  0.9758819937705993
9286.3  0.9743112921714782
9288.9  0.9690038561820983
9291.5  0.9588909149169921
9294.1  0.9488225579261779
9296.7  0.9435514211654663
9299.3  0.9442681074142456
9301.9  0.9501904249191284
9304.5  0.9581755995750427
9307.1  0.9584794044494628
9309.7  0.9346339702606201
9312.3  0.8725661039352416
9314.9  0.7750971913337707
9317.5  0.6710444092750549
9320.1  0.6064134836196899
9322.7  0.6158221364021301
9325.3  0.693712830543518
9327.9  0.7942476868629455
9330.5  0.8645951747894287
9333.1  0.8796023726463317
9335.7  0.846831738948822
9338.3  0.7895504832267761
9340.9  0.7347575426101684
9343.5  0.7078791260719299
9346.1  0.7194224596023559
9348.7  0.7545253634452819
9351.3  0.7878919839859008
9353.9  0.8097412586212158
9356.5  0.8294500708580017
9359.1  0.8566183447837829
9361.7  0.8866212368011474
9364.3  0.9055418968200683
9366.9  0.9055503010749816
9369.5  0.8935763239860534
9372.1  0.8831024765968322
9374.7  0.8776841163635253
9377.3  0.8669519424438476
9379.9  0.8413770794868469
9382.5  0.807414948940277
9385.1  0.7855625748634338
9387.7  0.7946339845657348
9390.3  0.8365161418914794
9392.9  0.8945127129554748
9395.5  0.9462948441505432
9398.1  0.9775506854057312
9400.7  0.9846469759941101
9403.3  0.9702251553535461
9405.9  0.9408335089683532
9408.5  0.9072608351707458
9411.1  0.8824175596237182
9413.7  0.8742150664329528
9416.3  0.8796868920326232
9418.9  0.8858160376548767
9421.5  0.8763791322708129
9424.1  0.8435108065605163
9426.7  0.7999027967453002
9429.3  0.7750911712646484
9431.9  0.7883307337760925
9434.5  0.8265667557716369
9437.1  0.8585543632507324
9439.7  0.8684586882591247
9442.3  0.8665990829467773
9444.9  0.8694496750831604
9447.5  0.8799493908882141
9450.1  0.8891760110855102
9452.7  0.887569785118103
9455.3  0.8677091598510742
9457.9  0.8211672306060791
9460.5  0.7442410588264465
9463.1  0.6547852158546447
9465.7  0.5959624052047729
9468.3  0.6058520674705505
9470.9  0.6777247190475463
9473.5  0.7619036436080932
9476.1  0.8132289052009582
9478.7  0.8301987051963806
9481.3  0.8445917963981628
9483.9  0.8796941041946411
9486.5  0.9259975552558898
9489.1  0.9567592740058898
9491.7  0.9574151635169982
9494.3  0.9345554113388061
9496.9  0.9044750332832336
9499.5  0.8832441568374633
9502.1  0.8832253813743591
9504.7  0.9054770469665527
9507.3  0.9326745271682739
9509.9  0.9368379116058349
9512.5  0.8985256552696228
9515.1  0.8234460949897766
9517.7  0.7457013726234436
9520.3  0.7101341485977172
9522.9  0.7402341365814208
9525.5  0.8199933171272277
9528.1  0.9097706079483032
9530.7  0.9778720736503601
9533.3  1.015298247337341
9535.9  1.027989864349365
9538.5  1.02448046207428
9541.1  1.01176917552948
9543.7  0.9962415695190429
9546.3  0.9827027320861816
9548.9  0.972089409828186
9551.5  0.9628974795341491
9554.1  0.9552769660949707
9556.7  0.9509585499763488
9559.3  0.9476699233055114
9561.9  0.9359475374221801
9564.5  0.906477928161621
9567.1  0.8639577627182006
9569.7  0.8306755423545837
9572.3  0.8290503025054931
9574.9  0.859115719795227
9577.5  0.8985928893089294
9580.1  0.9256739616394042
9582.7  0.9354167580604553
9585.3  0.9340552687644958
9587.9  0.9276931881904602
9590.5  0.9210484027862548
9593.1  0.9193013310432434
9595.7  0.9226540923118591
9598.3  0.9204779267311096
9600.9  0.897405982017517
9603.5  0.8460967540740966
9606.1  0.7689560651779174
9608.7  0.6693010926246643
9611.3  0.5557875037193298
9613.9  0.4607477784156799
9616.5  0.4351443946361542
9619.1  0.5071659684181213
9621.7  0.6506071090698242
9624.3  0.8044992685317993
9626.9  0.920304536819458
9629.5  0.9857047796249389
9632.1  1.013610005378723
9634.7  1.022761464118958
9637.3  1.027117490768433
9639.9  1.031674981117249
9642.5  1.032477021217346
9645.1  1.02256453037262
9647.7  0.999510109424591
9650.3  0.9671202898025512
9652.9  0.9308400154113769
9655.5  0.8936396241188049
9658.1  0.8590842485427856
9660.7  0.8376711010932922
9663.3  0.8431960940361022
9665.9  0.8779661655426025
9668.5  0.9261183738708496
9671.1  0.9657254219055175
9673.7  0.984395146369934
9676.3  0.9832533001899719
9678.9  0.9723947048187255
9681.5  0.9641317725181579
9684.1  0.9655229449272155
9686.7  0.97488534450531
9689.3  0.9851600527763366
9691.9  0.9889114499092102
9694.5  0.9815284013748168
9697.1  0.9652724862098693
9699.7  0.9510664343833923
9702.3  0.9514409899711608
9704.9  0.9694448709487915
9707.5  0.9964909553527832
9710.1  1.021078705787659
9712.7  1.036638736724854
9715.3  1.041317105293274
9717.9  1.034393668174744
9720.5  1.01600444316864
9723.1  0.9901903271675109
9725.7  0.9656151533126831
9728.3  0.9502001404762268
9730.9  0.9448720216751098
9733.5  0.9451732039451599
9736.1  0.9485689401626586
9738.7  0.9564189314842224
9741.3  0.9693332314491271
9743.9  0.9847738742828369
9746.5  0.9991495609283447
9749.1  1.009488224983215
9751.7  1.012941479682922
9754.3  1.005252003669739
9756.9  0.9773096442222595
9759.5  0.9122490286827087
9762.1  0.7930772900581359
9764.7  0.6241248846054077
9767.3  0.4477343559265137
9769.9  0.330966979265213
9772.5  0.32526695728302
9775.1  0.4321357309818268
9777.7  0.6030558943748474
9780.3  0.7722344398498535
9782.9  0.8950815200805664
9785.5  0.9638916254043579
9788.1  0.9958400130271911
9790.7  1.011351823806763
9793.3  1.021486043930054
9795.9  1.028523921966553
9798.5  1.031981229782105
9801.1  1.032174825668335
9803.7  1.030219912528992
9806.3  1.027234673500061
9808.9  1.024378895759583
9811.5  1.022743940353394
9814.1  1.022581815719605
9816.7  1.022827744483948
9819.3  1.021847724914551
9821.9  1.019000172615051
9824.5  1.015600442886353
9827.1  1.014221668243408
9829.7  1.016640305519104
9832.3  1.022268414497376
9834.9  1.028568506240845
9837.5  1.032723307609558
9840.1  1.032880306243897
9842.7  1.02859103679657
9845.3  1.021085858345032
9847.9  1.013108730316162
9850.5  1.007554888725281
9853.1  1.00560200214386
9855.7  1.006197690963745
9858.3  1.007222414016724
9860.9  1.006689429283142
9863.5  1.003207802772522
9866.1  0.9966965913772583
9868.7  0.9893015027046203
9871.3  0.9845558404922485
9873.9  0.9844340085983276
9876.5  0.9872745871543884
9879.1  0.9892557859420776
9881.7  0.9879789948463439
9884.3  0.98455411195755
9886.9  0.9822906255722045
9889.5  0.9833764433860778
9892.1  0.9870063066482543
9894.7  0.9907488226890563
9897.3  0.9929467439651489
9899.9  0.9933302402496337
9902.5  0.9919317960739135
9905.1  0.9883568882942199
9907.7  0.9817503690719604
9910.3  0.9695324897766113
9912.9  0.9429525732994079
9915.5  0.8836138248443603
9918.1  0.7719688415527343
9920.7  0.6102505922317504
9923.3  0.4399616122245789
9925.9  0.3285308480262756
9928.5  0.3281712532043457
9931.1  0.4398259222507477
9933.7  0.6120861172676086
9936.3  0.7762221097946166
9938.9  0.8885570764541625
9941.5  0.9461680650711059
9944.1  0.9703612923622131
9946.7  0.9822530150413513
9949.3  0.9920832514762878
9951.9  1.001948237419128
9954.5  1.010745644569397
9957.1  1.01644492149353
9959.7  1.017504096031189
9962.3  1.014237403869629
9964.9  1.008833527565003
9967.5  1.003727674484253
9970.1  1.00008237361908
9972.7  0.9975198507308959
9975.3  0.9949393272399902
9977.9  0.9917805790901184
9980.5  0.9885618686676025
9983.1  0.9851384758949279
9985.7  0.9769546389579772
9988.3  0.9513464570045471
9990.9  0.8878794908523559
9993.5  0.7680820822715759
9996.1  0.5935420989990234
