3501.3  0.385328620672226
3503.9  0.55204439163208
3506.5  0.6771537065505981
3509.1  0.7297876477241516
3511.7  0.7189472913742065
3514.3  0.6793680787086486
3516.9  0.6346900463104248
3519.5  0.5813971161842346
3522.1  0.5123878717422485
3524.7  0.4450940787792206
3527.3  0.4150525033473969
3529.9  0.4455016553401947
3532.5  0.5285530686378479
3535.1  0.6319770216941833
3537.7  0.7207366228103637
3540.3  0.7754477262496948
3542.9  0.7947449088096618
3545.5  0.7849475145339965
3548.1  0.752592921257019
3550.7  0.7050278186798095
3553.3  0.652275800704956
3555.9  0.6057231426239013
3558.5  0.5740321278572082
3561.1  0.5571465492248535
3563.7  0.5434364676475524
3566.3  0.517361044883728
3568.9  0.4724143147468567
3571.5  0.415743887424469
3574.1  0.3622682988643646
3576.7  0.3272008895874023
3579.3  0.3217961192131043
3581.9  0.3507906198501587
3584.5  0.4102522432804108
3587.1  0.4869781732559204
3589.7  0.5607316493988037
3592.3  0.6101806163787841
3594.9  0.6222564578056335
3597.5  0.5982532501220703
3600.1  0.5511998534202575
3602.7  0.4977499842643738
3605.3  0.4523358941078186
3607.9  0.4263077080249786
3610.5  0.4269003868103027
3613.1  0.4520037770271301
3615.7  0.4896838963031769
3618.3  0.529517650604248
3620.9  0.5702954530715942
3623.5  0.61112642288208
3626.1  0.643666386604309
3628.7  0.6628782749176025
3631.3  0.6776822209358215
3633.9  0.6991865038871765
3636.5  0.7229118347167968
3639.1  0.7336751222610473
3641.7  0.7264270186424255
3644.3  0.7135664224624633
3646.9  0.7124987840652465
3649.5  0.7299928665161132
3652.1  0.755706250667572
3654.7  0.7676777243614196
3657.3  0.7488716840744018
3659.9  0.7038362622261047
3662.5  0.6589067578315734
3665.1  0.6438256502151489
3667.7  0.6677857637405395
3670.3  0.708465576171875
3672.9  0.7277685403823852
3675.5  0.7047892212867736
3678.1  0.6520273089408874
3680.7  0.5979036092758178
3683.3  0.5608682632446289
3685.9  0.5441696643829345
3688.5  0.5438229441642761
3691.1  0.5494665503501892
3693.7  0.5433624982833862
3696.3  0.5117508172988891
3698.9  0.4611904323101044
3701.5  0.4202268719673157
3704.1  0.4208313226699829
3706.7  0.4743958413600922
3709.3  0.560749351978302
3711.9  0.637285828590393
3714.5  0.6639829277992248
3717.1  0.6304197311401367
3719.7  0.5627186298370361
3722.3  0.5004902482032775
3724.9  0.4647824764251709
3727.5  0.4469659626483917
3730.1  0.4248191714286804
3732.7  0.3879375755786896
3735.3  0.3481864035129547
3737.9  0.3248646259307861
3740.5  0.324118435382843
3743.1  0.3395240008831024
3745.7  0.368184357881546
3748.3  0.4134685099124909
3750.9  0.4701521098613739
3753.5  0.5176874995231628
3756.1  0.5357463955879211
3758.7  0.5234084129333496
3761.3  0.500151515007019
3763.9  0.4916842877864838
3766.5  0.5141544938087463
3769.1  0.5643646717071533
3771.7  0.6233472824096679
3774.3  0.6738559007644653
3776.9  0.7126303911209106
3779.5  0.7419603466987609
3782.1  0.7558875679969787
3784.7  0.743257999420166
3787.3  0.7032170295715332
3789.9  0.6513311266899108
3792.5  0.6094799637794494
3795.1  0.5927696228027343
3797.7  0.6048153638839721
3800.3  0.6374857425689697
3802.9  0.6709499359130859
3805.5  0.6802908778190612
3808.1  0.6506291627883911
3810.7  0.5885531306266784
3813.3  0.5175442099571228
3815.9  0.4596232175827026
3818.5  0.4196056127548218
3821.1  0.3874192237854004
3823.7  0.3544239699840546
3826.3  0.3240328431129456
3828.9  0.3064490258693695
3831.5  0.3067170977592468
3834.1  0.3211274147033691
3836.7  0.3437228500843048
3839.3  0.3721698522567749
3841.9  0.4065748453140259
3844.5  0.445292592048645
3847.1  0.4831681847572327
3849.7  0.5117173194885253
3852.3  0.5223568677902221
3854.9  0.5144445896148681
3857.5  0.4996562302112579
3860.1  0.4929036498069763
3862.7  0.4968570470809937
3865.3  0.4980953633785248
3867.9  0.4802283644676209
3870.5  0.4408914744853973
3873.1  0.3954080641269684
3875.7  0.3635049760341644
3878.3  0.3535737097263336
3880.9  0.3608489334583283
3883.5  0.378056138753891
3886.1  0.4041846394538879
3888.7  0.4437858760356903
3891.3  0.4997867345809937
3893.9  0.5649721622467041
3896.5  0.6181617379188537
3899.1  0.6350146532058715
3901.7  0.6115197539329528
3904.3  0.5745270252227783
3906.9  0.5588331222534179
3909.5  0.5744188427925109
3912.1  0.6045429706573486
3914.7  0.6292564868927001
3917.3  0.6372277736663818
3919.9  0.6202103495597839
3922.5  0.5718883872032165
3925.1  0.4952132999897003
3927.7  0.4064038097858429
3930.3  0.3309362828731537
3932.9  0.2930008769035339
3935.5  0.3030677735805512
3938.1  0.3521508276462555
3940.7  0.418703556060791
3943.3  0.4833965599536896
3945.9  0.5392897725105285
3948.5  0.5880348682403564
3951.1  0.6264995336532592
3953.7  0.6400150656700134
3956.3  0.6118162274360656
3958.9  0.5399519801139831
3961.5  0.444756031036377
3964.1  0.3594953715801239
3966.7  0.3121308386325836
3969.3  0.3133764863014221
3971.9  0.3576353788375855
3974.5  0.431162565946579
3977.1  0.5172974467277526
3979.7  0.5965933203697204
3982.3  0.6509181261062622
3984.9  0.6751707196235656
3987.5  0.6818536520004272
3990.1  0.6876624822616577
3992.7  0.6972492337226867
3995.3  0.7033382654190063
3997.9  0.6990570425987243
4000.5  0.68765789270401
4003.1  0.6844167113304138
4005.7  0.7069578766822814
4008.3  0.754098892211914
4010.9  0.7968766093254089
4013.5  0.8038347959518432
4016.1  0.7770630121231079
4018.7  0.7531096935272216
4021.3  0.7650774121284484
4023.9  0.8106153011322021
4026.5  0.8605158329010009
4029.1  0.8906545639038085
4031.7  0.8976962566375732
4034.3  0.8889446258544921
4036.9  0.8702946305274963
4039.5  0.8485966920852661
4042.1  0.8356692790985107
4044.7  0.8407346606254577
4047.3  0.8601384162902832
4049.9  0.8783383965492248
4052.5  0.8785521984100341
4055.1  0.8524292707443237
4057.7  0.803494393825531
4060.3  0.746406078338623
4062.9  0.702638566493988
4065.5  0.690750241279602
4068.1  0.7167746424674987
4070.7  0.7737290263175964
4073.3  0.8472329974174499
4075.9  0.9204685688018798
4078.5  0.9798223972320556
4081.1  1.020195007324219
4083.7  1.043635249137878
4086.3  1.05211067199707
4088.9  1.04290771484375
4091.5  1.011438488960266
4094.1  0.9578469991683959
4096.7  0.8911803364753723
4099.3  0.828034222126007
4101.9  0.7853005528450012
4104.5  0.7687271833419799
4107.1  0.7674546837806701
4109.7  0.7663722038269042
4112.3  0.7661237716674804
4114.9  0.782720923423767
4117.5  0.8242810368537902
4120.1  0.8756968975067138
4122.7  0.9096993803977966
4125.3  0.9094258546829223
4127.9  0.8810555934906005
4130.5  0.8474927544593811
4133.1  0.8276678919792175
4135.7  0.8219723105430603
4138.3  0.8207287192344665
4140.9  0.8229203224182128
4143.5  0.8384439945220947
4146.1  0.8720449209213256
4148.7  0.9132812023162841
4151.3  0.9456651806831359
4153.9  0.9620671272277832
4156.5  0.9685173034667968
4159.1  0.9753187298774719
4161.7  0.9857674837112426
4164.3  0.9921599626541137
4166.9  0.9830842614173889
4169.5  0.9561958909034729
4172.1  0.9218265414237976
4174.7  0.8930016756057739
4177.3  0.8755983114242553
4179.9  0.8684485554695129
4182.5  0.8677355051040649
4185.1  0.8704152107238769
4187.7  0.8767429590225219
4190.3  0.8894755244255065
4192.9  0.9098197817802429
4195.5  0.9352195858955383
4198.1  0.9602138996124267
4200.7  0.9789966940879821
4203.3  0.9890210032463073
4205.9  0.9916445016860961
4208.5  0.9876157045364379
4211.1  0.9748541116714477
4213.7  0.9528348445892333
4216.3  0.9248226284980773
4218.9  0.8934578895568847
4221.5  0.8606704473495483
4224.1  0.8358830213546752
4226.7  0.8357768654823303
4229.3  0.8678396940231323
4231.9  0.919807493686676
4234.5  0.9706619977951049
4237.1  1.005490779876709
4239.7  1.015815496444702
4242.3  0.9948040843009948
4244.9  0.9416089653968811
4247.5  0.869978129863739
4250.1  0.804946482181549
4252.7  0.7643725275993347
4255.3  0.7440969944000244
4257.9  0.7255097031593322
4260.5  0.6971392631530761
4263.1  0.6656467318534851
4265.7  0.647144615650177
4268.3  0.6499766111373901
4270.9  0.6651963591575622
4273.5  0.6762976050376892
4276.1  0.6782432198524475
4278.7  0.6798838376998901
4281.3  0.6872890591621398
4283.9  0.6957912445068359
4286.5  0.7009803652763366
4289.1  0.7062692046165466
4291.7  0.7142953276634216
4294.3  0.7176759243011474
4296.9  0.7031309604644775
4299.5  0.6632958054542541
4302.1  0.604446530342102
4304.7  0.5479580163955688
4307.3  0.5259357094764709
4309.9  0.5654672384262084
4312.5  0.6655945181846618
4315.1  0.7887549996376037
4317.7  0.8814371228218078
4320.3  0.9101108312606811
4322.9  0.8813759684562683
4325.5  0.8295120596885681
4328.1  0.7860028743743896
4330.7  0.7603804469108581
4333.3  0.7437776923179626
4335.9  0.7230675220489501
4338.5  0.694685161113739
4341.1  0.6704193353652954
4343.7  0.6662706136703491
4346.3  0.684621512889862
4348.9  0.713813841342926
4351.5  0.7432870864868164
4354.1  0.7693161964416503
4356.7  0.7877845168113708
4359.3  0.7927204966545104
4361.9  0.7846409678459167
4364.5  0.7741982340812683
4367.1  0.7730638980865478
4369.7  0.7832134366035461
4372.3  0.7990908026695251
4374.9  0.8150631189346313
4377.5  0.8228403329849243
4380.1  0.8085047602653503
4382.7  0.7653425335884094
4385.3  0.7071977257728576
4387.9  0.6597022414207458
4390.5  0.6390066146850585
4393.1  0.6436040997505187
4395.7  0.6626467704772949
4398.3  0.6856989860534667
4400.9  0.7070255875587463
4403.5  0.728043794631958
4406.1  0.757420539855957
4408.7  0.8037938475608825
4411.3  0.8641008138656616
4413.9  0.9209267497062683
4416.5  0.9551613330841064
4419.1  0.9622683525085449
4421.7  0.9567670822143554
4424.3  0.9611019492149353
4426.9  0.9871279597282409
4429.5  1.027268052101135
4432.1  1.063971996307373
4434.7  1.085460543632507
4437.3  1.091128349304199
4439.9  1.086169838905335
4442.5  1.075231790542603
4445.1  1.058335900306702
4447.7  1.029553890228272
4450.3  0.9824405312538146
4452.9  0.9218663573265075
4455.5  0.8689565658569335
4458.1  0.8486441373825073
4460.7  0.8703640103340148
4463.3  0.9215753674507141
4465.9  0.9786398410797119
4468.5  1.022861838340759
4471.1  1.048214673995972
4473.7  1.05824077129364
4476.3  1.059071183204651
4478.9  1.054433465003967
4481.5  1.043221235275269
4484.1  1.020470380783081
4486.7  0.9836980700492858
4489.3  0.9413704276084899
4491.9  0.9123114347457885
4494.5  0.9121421575546264
4497.1  0.9402695894241333
4499.7  0.9824508428573608
4502.3  1.023453235626221
4504.9  1.054002046585083
4507.5  1.069251298904419
4510.1  1.066283106803894
4512.7  1.042595505714417
4515.3  0.9959060549736022
4517.9  0.9294267296791076
4520.5  0.8592817187309265
4523.1  0.8096083402633666
4525.7  0.792981743812561
4528.3  0.7993576526641845
4530.9  0.81116384267807
4533.5  0.8257189989089965
4536.1  0.8534415960311889
4538.7  0.8960118293762207
4541.3  0.9384130835533142
4543.9  0.9658209085464477
4546.5  0.9796302914619445
4549.1  0.9926695823669433
4551.7  1.014056086540222
4554.3  1.041701316833496
4556.9  1.065375566482544
4559.5  1.073909878730774
4562.1  1.061046123504639
4564.7  1.027620315551758
4567.3  0.980782926082611
4569.9  0.9325711727142333
4572.5  0.8972006440162658
4575.1  0.8859162330627441
4577.7  0.902185320854187
4580.3  0.9402427673339843
4582.9  0.986423373222351
4585.5  1.023765206336975
4588.1  1.039941549301147
4590.7  1.034057378768921
4593.3  1.017362236976624
4595.9  1.006214380264282
4598.5  1.010599732398987
4601.1  1.027681708335877
4603.7  1.04608952999115
4606.3  1.054883241653442
4608.9  1.047812223434448
4611.5  1.023957848548889
4614.1  0.9900463223457336
4616.7  0.9615527987480163
4619.3  0.9549440145492553
4621.9  0.974320650100708
4624.5  1.007626175880432
4627.1  1.037557482719421
4629.7  1.05338716506958
4632.3  1.052163481712341
4634.9  1.034566044807434
4637.5  1.002893924713135
4640.1  0.9604915380477905
4642.7  0.9125824570655822
4645.3  0.8705487251281738
4647.9  0.8522237539291381
4650.5  0.8690049648284912
4653.1  0.9117839932441711
4655.7  0.9563710093498229
4658.3  0.9834541082382202
4660.9  0.9897832870483398
4663.5  0.9838196635246276
4666.1  0.9774981141090393
4668.7  0.9804174900054931
4671.3  0.9947524070739746
4673.9  1.014186382293701
4676.5  1.030221939086914
4679.1  1.038827061653137
4681.7  1.039989709854126
4684.3  1.03399920463562
4686.9  1.021746277809143
4689.5  1.007764935493469
4692.1  0.9986791610717773
4694.7  0.9966238141059875
4697.3  0.9962311387062072
4699.9  0.9900235533714294
4702.5  0.9762874245643615
4705.1  0.9616538286209106
4707.7  0.9561288952827453
4710.3  0.9642835259437561
4712.9  0.9818565249443054
4715.5  1.002160310745239
4718.1  1.022706389427185
4720.7  1.0429847240448
4723.3  1.059495210647583
4725.9  1.066577196121216
4728.5  1.060851573944092
4731.1  1.043850064277649
4733.7  1.022390961647034
4736.3  1.006779789924622
4738.9  1.005111932754517
4741.5  1.016276597976685
4744.1  1.027408242225647
4746.7  1.020415425300598
4749.3  0.9867163896560668
4751.9  0.9397523403167724
4754.5  0.9094530940055847
4757.1  0.918151319026947
4759.7  0.9618051052093505
4762.3  1.01672089099884
4764.9  1.060812473297119
4767.5  1.085238099098206
4770.1  1.090537071228027
4772.7  1.079067230224609
4775.3  1.054146409034729
4777.9  1.02375066280365
4780.5  0.9995266199111938
4783.1  0.9894449710845947
4785.7  0.9938418865203857
4788.3  1.009336233139038
4790.9  1.031875967979431
4793.5  1.055530071258545
4796.1  1.074029445648193
4798.7  1.084967255592346
4801.3  1.089576125144958
4803.9  1.089400172233582
4806.5  1.086212396621704
4809.1  1.083185434341431
4811.7  1.082017540931702
4814.3  1.078995704650879
4816.9  1.066547274589539
4819.5  1.039518594741821
4822.1  1.000640034675598
4824.7  0.9611868262290954
4827.3  0.9362175464630126
4829.9  0.9364089369773864
4832.5  0.9613641500473022
4835.1  0.9999292492866516
4837.7  1.037952542304993
4840.3  1.065882802009583
4842.9  1.079589009284973
4845.5  1.076131463050842
4848.1  1.051931619644165
4850.7  1.007523655891418
4853.3  0.9542195796966552
4855.9  0.911759614944458
4858.5  0.8944758772850036
4861.1  0.9001409411430358
4863.7  0.9152868390083312
4866.3  0.9301474690437316
4868.9  0.9458484053611755
4871.5  0.9678964614868164
4874.1  0.9963120818138122
4876.7  1.024098157882691
4879.3  1.043050289154053
4881.9  1.048270106315613
4884.5  1.039316654205322
4887.1  1.021272778511047
4889.7  1.004810929298401
4892.3  1.000503063201904
4894.9  1.009802937507629
4897.5  1.022944331169129
4900.1  1.02648651599884
4902.7  1.012206196784973
4905.3  0.9811972379684448
4907.9  0.9440320134162902
4910.5  0.9142595529556274
4913.1  0.8961528539657592
4915.7  0.8816153407096862
4918.3  0.8641113638877868
4920.9  0.8502659797668457
4923.5  0.8510292768478393
4926.1  0.8666070699691772
4928.7  0.8873996138572692
4931.3  0.9066686630249023
4933.9  0.9251635670661926
4936.5  0.9425196647644042
4939.1  0.9511414170265197
4941.7  0.9447162747383117
4944.3  0.9311426877975463
4946.9  0.929255187511444
4949.5  0.949386715888977
4952.1  0.9821137189865112
4954.7  1.010358810424805
4957.3  1.027300357818604
4959.9  1.038079619407654
4962.5  1.048935174942017
4965.1  1.059808611869812
4967.7  1.06498646736145
4970.3  1.05557918548584
4972.9  1.021921753883362
4975.5  0.961155891418457
4978.1  0.8885954618453979
4980.7  0.8374946117401123
4983.3  0.8371058106422424
4985.9  0.8873905539512634
4988.5  0.9585756063461303
4991.1  1.014083504676819
4993.7  1.031252026557922
4996.3  1.006463170051575
4998.9  0.9521273970603942
5001.5  0.8922666311264038
5004.1  0.8543681502342224
5006.7  0.8563174605369567
5009.3  0.8954755663871765
5011.9  0.9506564140319824
5014.5  0.9981283545494079
5017.1  1.026475667953491
5019.7  1.036702036857605
5022.3  1.033498644828796
5024.9  1.021067023277283
5027.5  1.00459349155426
5030.1  0.9882500171661376
5032.7  0.9698185920715332
5035.3  0.9443134665489196
5037.9  0.9167078137397766
5040.5  0.9039994478225708
5043.1  0.9177204370498657
5045.7  0.949503481388092
5048.3  0.9803521633148193
5050.9  0.9999685287475585
5053.5  1.011456489562988
5056.1  1.019981145858765
5058.7  1.023082852363586
5061.3  1.014260411262512
5063.9  0.993154764175415
5066.5  0.9673646688461303
5069.1  0.9422855377197265
5071.7  0.9135618209838867
5074.3  0.875356912612915
5076.9  0.8348172307014465
5079.5  0.8119791150093078
5082.1  0.8227085471153259
5084.7  0.8645280599594116
5087.3  0.9199546575546264
5089.9  0.9699134826660156
5092.5  1.002951741218567
5095.1  1.016505718231201
5097.7  1.013560056686401
5100.3  0.9983143210411071
5102.9  0.9744038581848144
5105.5  0.9465118050575256
5108.1  0.9208366870880126
5110.7  0.9019757509231567
5113.3  0.8921543359756469
5115.9  0.8939532041549682
5118.5  0.9088197946548461
5121.1  0.9320164918899536
5123.7  0.9533939957618713
5126.3  0.9639716744422912
5128.9  0.9609187841415405
5131.5  0.9487773180007934
5134.1  0.9368181824684143
5136.7  0.93207848072052
5139.3  0.9336658716201782
5141.9  0.9351524710655212
5144.5  0.9321767091751098
5147.1  0.9258968234062194
5149.7  0.9195635914802551
5152.3  0.9134615063667297
5154.9  0.9033889174461364
5157.5  0.8816748261451721
5160.1  0.8404988050460815
5162.7  0.7791444063186645
5165.3  0.711124300956726
5167.9  0.6610929369926452
5170.5  0.6492396593093872
5173.1  0.6755512356758117
5175.7  0.7190236449241638
5178.3  0.7551145553588867
5180.9  0.777412474155426
5183.5  0.8002535700798034
5186.1  0.8377113342285156
5188.7  0.8852856159210205
5191.3  0.9268503189086914
5193.9  0.9536422491073608
5196.5  0.9693829417228698
5199.1  0.9793462753295898
5201.7  0.982370376586914
5204.3  0.9754805564880371
5206.9  0.9622601866722106
5209.5  0.952650249004364
5212.1  0.9538352489471435
5214.7  0.9611340761184692
5217.3  0.9571483731269836
5219.9  0.9228556752204895
5222.5  0.8568747639656066
5225.1  0.7868255972862243
5227.7  0.7546696066856384
5230.3  0.7830279469490051
5232.9  0.8566316366195678
5235.5  0.9383699893951416
5238.1  0.9985632896423339
5240.7  1.027414441108704
5243.3  1.028902769088745
5245.9  1.012424111366272
5248.5  0.9896339774131774
5251.1  0.9719843864440917
5253.7  0.9662422537803649
5256.3  0.9714757204055786
5258.9  0.9804548621177673
5261.5  0.9851656556129455
5264.1  0.9832658767700195
5266.7  0.9795433282852172
5269.3  0.9795018434524536
5271.9  0.9806925654411315
5274.5  0.9723199605941772
5277.1  0.9471461176872253
5279.7  0.9150619506835937
5282.3  0.8994935154914855
5284.9  0.9146775007247924
5287.5  0.9484697580337524
5290.1  0.9725504517555236
5292.7  0.9690133333206176
5295.3  0.9456904530525207
5297.9  0.9274934530258178
5300.5  0.9338915944099426
5303.1  0.9640789031982421
5305.7  1.002185344696045
5308.3  1.032898306846619
5310.9  1.050421953201294
5313.5  1.055766582489014
5316.1  1.049912333488464
5318.7  1.029895663261414
5321.3  0.9914369583129882
5323.9  0.9380291104316711
5326.5  0.8885055780410766
5329.1  0.8692351579666137
5331.7  0.8921321630477905
5334.3  0.9426137208938598
5336.9  0.9932778477668762
5339.5  1.025864601135254
5342.1  1.038128733634949
5344.7  1.036788582801819
5347.3  1.030199646949768
5349.9  1.024872064590454
5352.5  1.022555947303772
5355.1  1.017974495887756
5357.7  1.001020312309265
5360.3  0.9646938443183898
5362.9  0.9151214361190795
5365.5  0.8737383484840393
5368.1  0.8640224933624267
5370.7  0.8918774724006652
5373.3  0.9403179883956909
5375.9  0.984317660331726
5378.5  1.009053111076355
5381.1  1.015304088592529
5383.7  1.012686967849732
5386.3  1.010457634925842
5388.9  1.012495994567871
5391.5  1.017175436019897
5394.1  1.019540548324585
5396.7  1.013984680175781
5399.3  0.9971840977668762
5401.9  0.9710273742675781
5404.5  0.9438661932945251
5407.1  0.9278925061225891
5409.7  0.932151973247528
5412.3  0.9551617503166198
5414.9  0.9845460057258605
5417.5  1.005527019500732
5420.1  1.009359002113342
5422.7  0.9939058423042297
5425.3  0.9610169529914855
5427.9  0.9189183712005615
5430.5  0.8856146335601806
5433.1  0.8811620473861694
5435.7  0.9107568264007568
5438.3  0.9585996270179748
5440.9  1.001537203788757
5443.5  1.026448130607605
5446.1  1.033841013908386
5448.7  1.030340790748596
5451.3  1.022069334983826
5453.9  1.013105630874634
5456.5  1.005091428756714
5459.1  0.9965849518775939
5461.7  0.9855828881263732
5464.3  0.97446209192276
5466.9  0.9693273901939392
5469.5  0.9722563624382019
5472.1  0.977832555770874
5474.7  0.9801203608512878
5477.3  0.9790015816688537
5479.9  0.9769275188446044
5482.5  0.9735295176506042
5485.1  0.9665250182151794
5487.7  0.9536608457565307
5490.3  0.9316912293434143
5492.9  0.9000893235206604
5495.5  0.8704817295074462
5498.1  0.8644582033157348
5500.7  0.8933277130126953
5503.3  0.9440758824348449
5505.9  0.9915482997894287
5508.5  1.020442485809326
5511.1  1.031815409660339
5513.7  1.033926606178284
5516.3  1.03285539150238
5518.9  1.030345439910889
5521.5  1.026172876358032
5524.1  1.020836114883423
5526.7  1.016950488090515
5529.3  1.017950415611267
5531.9  1.024643301963806
5534.5  1.033537030220032
5537.1  1.039605259895325
5539.7  1.040113091468811
5542.3  1.035691142082214
5544.9  1.029239535331726
5547.5  1.024191379547119
5550.1  1.022551655769348
5552.7  1.02397632598877
5555.3  1.026816725730896
5557.9  1.029267311096191
5560.5  1.028947591781616
5563.1  1.021868586540222
5565.7  1.003735661506653
5568.3  0.9753811359405517
5570.9  0.9478923082351684
5573.5  0.9378195405006408
5576.1  0.95252126455307
5578.7  0.981735348701477
5581.3  1.006598949432373
5583.9  1.014897346496582
5586.5  1.006638884544373
5589.1  0.9899619817733764
5591.7  0.9756048917770385
5594.3  0.972331941127777
5596.9  0.9825397729873657
5599.5  1.001123547554016
5602.1  1.019894242286682
5604.7  1.032900094985962
5607.3  1.037798523902893
5609.9  1.034584164619446
5612.5  1.025314450263977
5615.1  1.014544010162354
5617.7  1.007598996162415
5620.3  1.006908655166626
5622.9  1.010845065116882
5625.5  1.016528964042664
5628.1  1.022440552711487
5630.7  1.027939438819885
5633.3  1.032057523727417
5635.9  1.033787131309509
5638.5  1.032933831214905
5641.1  1.030460596084595
5643.7  1.027842164039612
5646.3  1.025123596191406
5648.9  1.018723726272583
5651.5  1.002392411231995
5654.1  0.9732840657234191
5656.7  0.9389033317565917
5659.3  0.9157509207725524
5661.9  0.9169453382492065
5664.5  0.9407786130905151
5667.1  0.9733157753944396
5669.7  1.000915169715881
5672.3  1.018001079559326
5674.9  1.025240659713745
5677.5  1.025354027748108
5680.1  1.022069215774536
5682.7  1.019902110099793
5685.3  1.021713614463806
5687.9  1.026451468467712
5690.5  1.030222177505493
5693.1  1.029260993003845
5695.7  1.021426439285278
5698.3  1.006030797958374
5700.9  0.9842951297760009
5703.5  0.9611273407936096
5706.1  0.945372998714447
5708.7  0.9451515674591064
5711.3  0.9609249234199523
5713.9  0.9842734336853027
5716.5  1.0048006772995
5719.1  1.01753580570221
5721.7  1.023830771446228
5724.3  1.027330160140991
5726.9  1.030316829681397
5729.5  1.032928347587585
5732.1  1.034208416938782
5734.7  1.033305048942566
5737.3  1.030359864234924
5739.9  1.027065873146057
5742.5  1.025993347167969
5745.1  1.028435707092285
5747.7  1.033084392547607
5750.3  1.037302970886231
5752.9  1.039166212081909
5755.5  1.037126064300537
5758.1  1.026934504508972
5760.7  0.9974062442779541
5763.3  0.929198682308197
5765.9  0.8036020398139953
5768.5  0.621534526348114
5771.1  0.4151655435562134
5773.7  0.2327913194894791
5776.3  0.1072695553302765
5778.9  0.04000673815608025
5781.5  0.01194468978792429
5784.1  0.002829319098964334
5786.7  5.239400197751820E-4
5789.3  6.966530781937763E-5
5791.9  0.
5794.5  0.
5797.1  0.
5799.7  0.
5802.3  0.
5804.9  0.
5807.5  0.
5810.1  0.
5812.7  0.
5815.3  0.
5817.9  0.
5820.5  7.007882231846451E-5
5823.1  5.273141432553529E-4
5825.7  0.00284872273914516
5828.3  0.01203055959194899
5830.9  0.04031025990843773
5833.5  0.1081156209111214
5836.1  0.2346697598695755
5838.7  0.4182963967323303
5841.3  0.6247194409370422
5843.9  0.8026049137115478
5846.5  0.9163954854011535
5849.1  0.9652672410011291
5851.7  0.9749140739440917
5854.3  0.9756881594657897
5856.9  0.9849345088005065
5859.5  1.00287401676178
5862.1  1.021145701408386
5864.7  1.033565640449524
5867.3  1.039681673049927
5869.9  1.041801810264587
5872.5  1.041691899299622
5875.1  1.039173245429993
5877.7  1.03159773349762
5880.3  1.01328718662262
5882.9  0.9774070382118225
5885.5  0.9232282042503356
5888.1  0.8646970987319946
5890.7  0.8273821473121643
5893.3  0.8297746181488037
5895.9  0.8665746450424194
5898.5  0.9134309887886047
5901.1  0.94801926612854
5903.7  0.9656266570091247
5906.3  0.9763784408569335
5908.9  0.9905785322189331
5911.5  1.008779048919678
5914.1  1.024895906448364
5916.7  1.034582614898682
5919.3  1.038416862487793
5921.9  1.039348721504212
5924.5  1.039776802062988
5927.1  1.040511608123779
5929.7  1.041209697723389
5932.3  1.041409373283386
5934.9  1.041227459907532
5937.5  1.041066408157349
5940.1  1.041065931320191
5942.7  1.041102290153504
5945.3  1.041117787361145
5947.9  1.041187405586243
5950.5  1.041411876678467
5953.1  1.041879177093506
5955.7  1.042522788047791
5958.3  1.042941451072693
5960.9  1.042616128921509
5963.5  1.041287660598755
5966.1  1.03880250453949
5968.7  1.034070611000061
5971.3  1.024340391159058
5973.9  1.006296396255493
5976.5  0.9793232679367065
5979.1  0.9488791227340698
5981.7  0.9262494444847106
5984.3  0.9222409129142761
5986.9  0.9381980299949645
5989.5  0.9636840224266052
5992.1  0.9851779341697692
5994.7  0.9968406558036804
5997.3  1.001997709274292
5999.9  1.006155252456665
6002.5  1.010979413986206
6005.1  1.014283061027527
6007.7  1.013276696205139
6010.3  1.006377935409546
6012.9  0.9932779073715209
6015.5  0.9758951663970947
6018.1  0.960481584072113
6020.7  0.9558935761451721
6023.3  0.9662324786186218
6025.9  0.9860526919364929
6028.5  1.005185484886169
6031.1  1.017212390899658
6033.7  1.022012233734131
6036.3  1.022474646568298
6038.9  1.021156191825867
6041.5  1.019387602806091
6044.1  1.017725229263306
6046.7  1.016431450843811
6049.3  1.015638828277588
6051.9  1.015347242355347
6054.5  1.015706062316895
6057.1  1.017266035079956
6059.7  1.02059805393219
6062.3  1.025393843650818
6064.9  1.030107498168945
6067.5  1.032822251319885
6070.1  1.032595038414002
6072.7  1.029800891876221
6075.3  1.025227785110474
6077.9  1.019241452217102
6080.5  1.011849999427796
6083.1  1.003267288208008
6085.7  0.994602084159851
6088.3  0.9881738424301147
6090.9  0.9861223697662353
6093.5  0.9873020052909851
6096.1  0.9864218831062316
6098.7  0.9786633849143981
6101.3  0.9652782082557678
6103.9  0.9526394605636596
6106.5  0.9454969763755798
6109.1  0.9435978531837463
6111.7  0.9452422261238098
6114.3  0.9508768320083618
6116.9  0.9616082906723022
6119.5  0.9761642217636108
6122.1  0.9906033277511596
6124.7  1.000514149665833
6127.3  1.003331065177918
6129.9  0.9995372891426086
6132.5  0.9925763010978698
6135.1  0.9872627258300781
6137.7  0.9871383309364318
6140.3  0.9922265410423278
6142.9  0.9991289973258972
6145.5  1.00375497341156
6148.1  1.004204392433167
6150.7  1.001517176628113
6153.3  0.9984168410301208
6155.9  0.9974895119667053
6158.5  0.9997578859329223
6161.1  1.00430965423584
6163.7  1.009178280830383
6166.3  1.012761950492859
6168.9  1.014707684516907
6171.5  1.015834093093872
6174.1  1.017144918441773
6176.7  1.018515348434448
6179.3  1.018203616142273
6181.9  1.013531804084778
6184.5  1.002562880516052
6187.1  0.9866294264793395
6189.7  0.9719582200050354
6192.3  0.9667340517044067
6194.9  0.9741861224174499
6197.5  0.9893514513969421
6200.1  1.003919959068298
6202.7  1.012941479682922
6205.3  1.015837550163269
6207.9  1.013257265090942
6210.5  1.005878806114197
6213.1  0.9963834285736083
6215.7  0.9895064234733581
6218.3  0.987327218055725
6220.9  0.9846926927566528
6223.5  0.9720231890678405
6226.1  0.9455192685127258
6228.7  0.9152173995971679
6231.3  0.8993780016899108
6233.9  0.90705406665802
6236.5  0.9275137186050415
6239.1  0.9400825500488281
6241.7  0.9339319467544555
6244.3  0.917481243610382
6246.9  0.9094172716140747
6249.5  0.9210084080696105
6252.1  0.947675347328186
6254.7  0.9768807291984558
6257.3  1.000006079673767
6259.9  1.015430688858032
6262.5  1.024739861488342
6265.1  1.029713869094849
6267.7  1.031617283821106
6270.3  1.031054973602295
6272.9  1.027851700782776
6275.5  1.021618723869324
6278.1  1.013058423995972
6280.7  1.005024075508118
6283.3  1.001390337944031
6285.9  1.003912925720215
6288.5  1.010501384735107
6291.1  1.017146348953247
6293.7  1.02104115486145
6296.3  1.021642565727234
6298.9  1.019888997077942
6301.5  1.017236590385437
6304.1  1.014905333518982
6306.7  1.013331651687622
6309.3  1.012279868125916
6311.9  1.011524558067322
6314.5  1.011204123497009
6317.1  1.011610746383667
6319.7  1.012846946716309
6322.3  1.01462733745575
6324.9  1.016396999359131
6327.5  1.017710328102112
6330.1  1.018409013748169
6332.7  1.018467545509338
6335.3  1.017886877059937
6337.9  1.016781687736511
6340.5  1.015457510948181
6343.1  1.014283061027527
6345.7  1.01335883140564
6348.3  1.012295961380005
6350.9  1.01047682762146
6353.5  1.007632613182068
6356.1  1.004213809967041
6358.7  1.001331448554993
6361.3  1.000249624252319
6363.9  1.00148606300354
6366.5  1.004204392433167
6369.1  1.006706595420837
6371.7  1.007733821868897
6374.3  1.007417678833008
6376.9  1.007126569747925
6379.5  1.008288979530335
6382.1  1.01111626625061
6384.7  1.014405131340027
6387.3  1.016560196876526
6389.9  1.016599416732788
6392.5  1.014344453811646
6395.1  1.010419845581055
6397.7  1.006455183029175
6400.3  1.004590153694153
6402.9  1.00588595867157
6405.5  1.009334802627564
6408.1  1.012819409370422
6410.7  1.014757871627808
6413.3  1.014763474464417
6415.9  1.012912511825562
6418.5  1.00806474685669
6421.1  0.996017575263977
6423.7  0.9707878828048706
6426.3  0.9318446516990661
6428.9  0.8917778134346008
6431.5  0.8717378377914428
6434.1  0.8836126923561096
6436.7  0.9184916019439697
6439.3  0.9558597207069396
6441.9  0.9810324311256408
6444.5  0.9918216466903686
6447.1  0.9937565922737121
6449.7  0.9933511018753051
6452.3  0.9941092133522033
6454.9  0.9956532716751098
6457.5  0.9956879615783691
6460.1  0.9932069182395935
6462.7  0.9900879859924316
6465.3  0.9896250963211059
6467.9  0.9930468797683715
6470.5  0.9977843761444091
6473.1  0.9994045495986938
6475.7  0.994918406009674
6478.3  0.9849356412887573
6480.9  0.9741109013557434
6483.5  0.9687918424606323
6486.1  0.9719517230987548
6488.7  0.9804334044456481
6491.3  0.9884418845176696
6493.9  0.9930078983306884
6496.5  0.9949724078178405
6499.1  0.995825171470642
6501.7  0.9953662157058715
6504.3  0.9927034974098205
6506.9  0.9885674715042114
6509.5  0.9856255054473876
6512.1  0.9862282276153564
6514.7  0.990271508693695
6517.3  0.9955745935440063
6519.9  0.9998624324798583
6522.5  1.0021812915802
6525.1  1.003035426139832
6527.7  1.003636717796326
6530.3  1.004831314086914
6532.9  1.006488084793091
6535.5  1.007807374000549
6538.1  1.00798499584198
6540.7  1.00651478767395
6543.3  1.003265500068665
6545.9  0.9984644651412963
6548.5  0.9920697212219238
6551.1  0.9826592206954956
6553.7  0.9672416448593139
6556.3  0.9435860514640808
6558.9  0.9144605994224548
6561.5  0.8896207213401794
6564.1  0.8808898329734802
6566.7  0.8927736282348632
6569.3  0.9186422824859619
6571.9  0.9469965100288391
6574.5  0.9698911309242248
6577.1  0.9852808713912963
6579.7  0.9945679903030395
6582.3  1.000073075294495
6584.9  1.003771662712097
6587.5  1.00678026676178
6590.1  1.009458541870117
6592.7  1.011897921562195
6595.3  1.014200806617737
6597.9  1.016482591629028
6600.5  1.01880669593811
6603.1  1.021181225776672
6605.7  1.023539900779724
6608.3  1.025690197944641
6610.9  1.027325510978699
6613.5  1.028162240982056
6616.1  1.028107643127441
6618.7  1.027231931686401
6621.3  1.025479078292847
6623.9  1.022388577461243
6626.5  1.017382264137268
6629.1  1.010783791542053
6631.7  1.004646062850952
6634.3  1.001888155937195
6636.9  1.00391149520874
6639.5  1.009240746498108
6642.1  1.014885067939758
6644.7  1.018739581108093
6647.3  1.020509123802185
6649.9  1.020995497703552
6652.5  1.02110230922699
6655.1  1.021323561668396
6657.7  1.021596193313599
6660.3  1.021439075469971
6662.9  1.020380735397339
6665.5  1.018334984779358
6668.1  1.015290141105652
6670.7  1.010766386985779
6673.3  1.004643559455872
6675.9  0.9990293383598327
6678.5  0.9978143572807312
6681.1  1.002681732177734
6683.7  1.010092377662659
6686.3  1.013162016868591
6688.9  1.006334781646729
6691.5  0.9892801046371459
6694.1  0.96867036819458
6696.7  0.9556856751441955
6699.3  0.9582456946372985
6701.9  0.9743338823318481
6704.5  0.9942640662193298
6707.1  1.00933301448822
6709.7  1.01704478263855
6712.3  1.01938784122467
6714.9  1.018888831138611
6717.5  1.017030596733093
6720.1  1.014858961105347
6722.7  1.013498902320862
6725.3  1.013742804527283
6727.9  1.015562176704407
6730.5  1.0183424949646
6733.1  1.021429061889649
6735.7  1.024268627166748
6738.3  1.026302695274353
6740.9  1.027155160903931
6743.5  1.026983141899109
6746.1  1.026404619216919
6748.7  1.025962471961975
6751.3  1.02569854259491
6753.9  1.025221824645996
6756.5  1.024108409881592
6759.1  1.022306799888611
6761.7  1.020253419876099
6764.3  1.018582224845886
6766.9  1.017642736434937
6769.5  1.01725172996521
6772.1  1.016835808753967
6774.7  1.015774726867676
6777.3  1.01374363899231
6779.9  1.010968565940857
6782.5  1.008249044418335
6785.1  1.006556749343872
6787.7  1.006365299224854
6790.3  1.007301688194275
6792.9  1.008487343788147
6795.5  1.009238004684448
6798.1  1.009479403495789
6800.7  1.009587526321411
6803.3  1.009981632232666
6805.9  1.010964155197144
6808.5  1.012744069099426
6811.1  1.015215516090393
6813.7  1.017471313476563
6816.3  1.017717599868774
6818.9  1.013638019561768
6821.5  1.003340601921082
6824.1  0.9876776337623596
6826.7  0.9725330471992492
6829.3  0.9664242267608642
6831.9  0.9730502963066101
6834.5  0.9872478246688842
6837.1  1.000239729881287
6839.7  1.007543921470642
6842.3  1.010276436805725
6844.9  1.01070499420166
6847.5  1.008795380592346
6850.1  1.002786755561829
6852.7  0.9915381073951721
6855.3  0.9755746722221374
6857.9  0.955217957496643
6860.5  0.9279631972312927
6863.1  0.8904585242271423
6865.7  0.8457659482955932
6868.3  0.8071407675743103
6870.9  0.7900071740150451
6873.5  0.7982608079910278
6876.1  0.8190454244613647
6878.7  0.8321318626403808
6881.3  0.8269988894462585
6883.9  0.8134833574295043
6886.5  0.8135796189308166
6889.1  0.8390387892723083
6891.7  0.8794649839401245
6894.3  0.9149516224861145
6896.9  0.9354091882705688
6899.5  0.9441630840301513
6902.1  0.9491888284683227
6904.7  0.9559535980224609
6907.3  0.9653088450431823
6909.9  0.9744303226470947
6912.5  0.9804504513740539
6915.1  0.9837318062782287
6917.7  0.9866877794265747
6920.3  0.9905693531036376
6922.9  0.9945884943008422
6925.5  0.9973242282867431
6928.1  0.9978702664375305
6930.7  0.9962019324302673
6933.3  0.9930647015571594
6935.9  0.9892929792404174
6938.5  0.9852215647697448
6941.1  0.9808893203735351
6943.7  0.9766179323196411
6946.3  0.9732685089111328
6948.9  0.9718185067176818
6951.5  0.9723906517028808
6954.1  0.9739906191825866
6956.7  0.9758930206298828
6959.3  0.9787911176681518
6961.9  0.9836643934249877
6964.5  0.9900258779525756
6967.1  0.9960913062095642
6969.7  1.000177502632141
6972.3  1.001554489135742
6974.9  1.00068724155426
6977.5  0.9991610646247863
6980.1  0.998833954334259
6982.7  1.000463724136353
6985.3  1.003018379211426
6987.9  1.004501104354858
6990.5  1.003669142723083
6993.1  1.000976204872131
6995.7  0.9976284503936767
6998.3  0.9937363862991333
7000.9  0.9880877137184143
7003.5  0.9803621172904968
7006.1  0.9731413722038269
7008.7  0.9704167246818542
7011.3  0.9736114144325256
7013.9  0.9800062179565429
7016.5  0.9855737686157226
7019.1  0.9884143471717834
7021.7  0.9890559911727905
7024.3  0.9885920882225036
7026.9  0.9873232245445251
7029.5  0.9848516583442687
7032.1  0.9811445474624633
7034.7  0.9774324297904968
7037.3  0.9756749272346496
7039.9  0.9767776727676391
7042.5  0.9798135161399841
7045.1  0.9833398461341857
7047.7  0.9868638515472412
7050.3  0.9904762506484985
7052.9  0.9936311841011047
7055.5  0.9951215386390686
7058.1  0.9943730235099792
7060.7  0.9924417734146118
7063.3  0.9914870858192443
7065.9  0.9931002259254455
7068.5  0.9968783855438232
7071.1  1.000466465950012
7073.7  1.000923037528992
7076.3  0.9964296817779541
7078.9  0.9876789450645446
7081.5  0.9783117771148681
7084.1  0.9731732606887817
7086.7  0.9747073650360107
7089.3  0.9809804558753967
7091.9  0.9877426624298095
7094.5  0.9920129776000976
7097.1  0.99341881275177
7099.7  0.9930245876312255
7102.3  0.9917276501655578
7104.9  0.9895767569541931
7107.5  0.9861217141151428
7110.1  0.9812536239624023
7112.7  0.9756481051445007
7115.3  0.9701914191246032
7117.9  0.9649925231933593
7120.5  0.9595259428024291
7123.1  0.9542327523231506
7125.7  0.9515972733497619
7128.3  0.9546624422073364
7130.9  0.9640101790428161
7133.5  0.9765918850898742
7136.1  0.9878466725349426
7138.7  0.9945880770683288
7141.3  0.9960960149765014
7143.9  0.9937962889671325
7146.5  0.9905884265899658
7149.1  0.9894724488258361
7151.7  0.9914913177490234
7154.3  0.9948156476020812
7156.9  0.9960500001907348
7159.5  0.9921562671661376
7162.1  0.9812216758728027
7164.7  0.9629850387573242
7167.3  0.9405331015586853
7169.9  0.9212977290153503
7172.5  0.9133689999580383
7175.1  0.9182242155075073
7177.7  0.9272863268852233
7180.3  0.927456796169281
7182.9  0.9115322828292846
7185.5  0.8846691250801086
7188.1  0.8610832691192626
7190.7  0.8528639674186706
7193.3  0.8605515956878662
7195.9  0.8738773465156555
7198.5  0.8814670443534851
7201.1  0.8806784152984619
7203.7  0.8790320754051208
7206.3  0.8861297369003295
7208.9  0.9038124084472656
7211.5  0.9240223169326782
7214.1  0.9359340071678161
7216.7  0.9351162314414978
7219.3  0.9268088340759277
7221.9  0.9214117527008056
7224.5  0.9260957241058349
7227.1  0.9399590492248535
7229.7  0.9566808342933654
7232.3  0.9704769253730773
7234.9  0.9790300130844116
7237.5  0.9825167059898376
7240.1  0.981984794139862
7242.7  0.9786906838417053
7245.3  0.9739255905151367
7247.9  0.9690751433372497
7250.5  0.9659141302108764
7253.1  0.966172456741333
7255.7  0.970087707042694
7258.3  0.9757291078567504
7260.9  0.9804405570030212
7263.5  0.9827598929405212
7266.1  0.9827197790145874
7268.7  0.9808698296546936
7271.3  0.977664828300476
7273.9  0.9735024571418762
7276.5  0.968345820903778
7279.1  0.9604808688163757
7281.7  0.946298062801361
7284.3  0.9236531853675842
7286.9  0.8972450494766235
7289.5  0.879000961780548
7292.1  0.8795248866081237
7294.7  0.8983824849128723
7297.3  0.9247013330459594
7299.9  0.947140634059906
7302.5  0.9613312482833862
7305.1  0.9686662554740905
7307.7  0.9715065956115722
7310.3  0.9711520075798034
7312.9  0.9688653349876403
7315.5  0.9669334292411804
7318.1  0.9680234789848327
7320.7  0.9732388854026794
7323.3  0.9809368848800659
7325.9  0.9879593253135681
7328.5  0.9921499490737915
7331.1  0.9934607148170471
7333.7  0.9929283261299133
7336.3  0.99112069606781
7338.9  0.9875214099884033
7341.5  0.9810040593147277
7344.1  0.9710782170295715
7346.7  0.959248661994934
7349.3  0.9489824771881103
7351.9  0.9431579113006591
7354.5  0.9411585927009582
7357.1  0.9397506713867187
7359.7  0.9375344514846801
7362.3  0.9372344017028808
7364.9  0.9424560666084289
7367.5  0.9531164765357971
7370.1  0.9652858972549438
7372.7  0.9747816920280456
7375.3  0.9796844124794006
7377.9  0.9798147678375244
7380.5  0.9754388928413391
7383.1  0.96761155128479
7385.7  0.9594274759292602
7388.3  0.9552695751190185
7390.9  0.957250952720642
7393.5  0.9625681042671203
7396.1  0.9649080038070678
7398.7  0.9585719108581542
7401.3  0.9426428079605102
7403.9  0.923374056816101
7406.5  0.9115529656410217
7409.1  0.914346694946289
7411.7  0.9293422698974609
7414.3  0.9478126168251037
7416.9  0.9628143906593322
7419.5  0.9729273915290832
7422.1  0.9799212217330932
7424.7  0.9852629899978637
7427.3  0.9890797138214111
7429.9  0.9909946918487548
7432.5  0.9908862709999084
7435.1  0.9889419078826904
7437.7  0.9851109981536865
7440.3  0.9788991808891296
7442.9  0.9704988598823547
7445.5  0.9625481963157653
7448.1  0.9594589471817016
7450.7  0.9635732173919677
7453.3  0.9725880026817321
7455.9  0.9816958904266357
7458.5  0.9875484704971313
7461.1  0.9896984100341796
7463.7  0.9894488453865051
7466.3  0.9883249998092651
7468.9  0.9872545599937438
7471.5  0.9864671826362609
7474.1  0.9858974814414978
7476.7  0.9855234622955322
7479.3  0.9850630164146423
7481.9  0.9832358360290527
7484.5  0.9779461026191711
7487.1  0.9685671925544738
7489.7  0.9586240053176879
7492.3  0.9545313119888305
7494.9  0.9597092866897583
7497.5  0.9704005718231201
7500.1  0.9787904024124145
7502.7  0.9801524877548217
7505.3  0.9764791131019592
7507.9  0.9733684659004211
7510.5  0.9735653400421142
7513.1  0.9733528494834899
7515.7  0.9656922221183776
7518.3  0.9479762315750122
7520.9  0.9273426532745361
7523.5  0.9166973233222961
7526.1  0.9234635233879089
7528.7  0.943112313747406
7531.3  0.9645507335662841
7533.9  0.9792731404304504
7536.5  0.9841205477714538
7539.1  0.9791339635848999
7541.7  0.9669398069381713
7544.3  0.9537715911865234
7546.9  0.9473523497581481
7549.5  0.9512176513671875
7552.1  0.9620213508605957
7554.7  0.973389983177185
7557.3  0.9812371730804443
7559.9  0.9848507046699523
7562.5  0.9851465225219726
7565.1  0.9836330413818359
7567.7  0.9822303056716918
7570.3  0.9825603365898132
7572.9  0.9849080443382263
7575.5  0.9882078170776367
7578.1  0.990652859210968
7580.7  0.9889916181564331
7583.3  0.9759629964828491
7585.9  0.9386759996414184
7588.5  0.8631312251091003
7591.1  0.7454243302345275
7593.7  0.5996717810630798
7596.3  0.451533168554306
7598.9  0.3238193988800049
7601.5  0.2309936285018921
7604.1  0.1837994605302811
7606.7  0.1917927414178848
7609.3  0.2596653699874878
7611.9  0.3804073929786682
7614.5  0.5288891792297363
7617.1  0.6654350161552429
7619.7  0.7549595236778259
7622.3  0.7872694730758666
7624.9  0.7780513763427734
7627.5  0.7512485980987548
7630.1  0.7214323282241821
7632.7  0.6912435293197631
7635.3  0.6626377701759338
7637.9  0.6468316316604614
7640.5  0.6593570709228515
7643.1  0.7040055990219116
7645.7  0.7658379077911376
7648.3  0.8234390020370483
7650.9  0.8653945326805114
7653.5  0.8934149742126464
7656.1  0.914324939250946
7658.7  0.9326338768005371
7661.3  0.9487889409065246
7663.9  0.9613333940505981
7666.5  0.9696520566940307
7669.1  0.9752428531646728
7671.7  0.9805889129638671
7674.3  0.9870908856391906
7676.9  0.9938428401947021
7679.5  0.9980092048645019
7682.1  0.9964451789855957
7684.7  0.988171637058258
7687.3  0.9767054319381713
7689.9  0.9691930413246154
7692.5  0.9710948467254638
7695.1  0.9813401103019714
7697.7  0.9937556982040405
7700.3  1.002670168876648
7702.9  1.00605320930481
7705.5  1.00462806224823
7708.1  1.000270843505859
7710.7  0.9954139590263366
7713.3  0.9923881292343139
7715.9  0.9922043681144714
7718.5  0.9939998984336853
7721.1  0.996012806892395
7723.7  0.9971625804901123
7726.3  0.9975841045379638
7728.9  0.9978677630424499
7731.5  0.9982221722602844
7734.1  0.9983042478561401
7736.7  0.9972957372665405
7739.3  0.9935545921325683
7741.9  0.9848355650901794
7744.5  0.9707856178283691
7747.1  0.9560904502868652
7749.7  0.9489097595214843
7752.3  0.9537547826766967
7754.9  0.9670310616493225
7757.5  0.9812353253364562
7760.1  0.9918609261512756
7762.7  0.9988449215888977
7765.3  1.003611087799072
7767.9  1.007045149803162
7770.5  1.009587407112122
7773.1  1.011632800102234
7775.7  1.013520359992981
7778.3  1.015554308891296
7780.9  1.018011450767517
7783.5  1.020961761474609
7786.1  1.024066925048828
7788.7  1.026733756065369
7791.3  1.0284823179245
7793.9  1.029156088829041
7796.5  1.028820514678955
7799.1  1.027498841285706
7801.7  1.025015354156494
7804.3  1.021210789680481
7806.9  1.016493797302246
7809.5  1.012174606323242
7812.1  1.009843587875366
7814.7  1.010026812553406
7817.3  1.011269450187683
7819.9  1.010425686836243
7822.5  1.003338217735291
7825.1  0.9862672090530395
7827.7  0.9598798155784606
7830.3  0.9334304928779602
7832.9  0.9212858080863952
7835.5  0.9308879971504211
7838.1  0.9553693532943725
7840.7  0.9805849194526672
7843.3  0.9973189234733581
7845.9  1.00506067276001
7848.5  1.007526516914368
7851.1  1.008020281791687
7853.7  1.008153915405274
7856.3  1.008387804031372
7858.9  1.008722901344299
7861.5  1.009235143661499
7864.1  1.010189056396484
7866.7  1.011744976043701
7869.3  1.0135897397995
7871.9  1.015003442764282
7874.5  1.015417337417603
7877.1  1.015048384666443
7879.7  1.014863729476929
7882.3  1.015565872192383
7884.9  1.016587018966675
7887.5  1.0164954662323
7890.1  1.014507532119751
7892.7  1.011410236358643
7895.3  1.009063601493836
7897.9  1.009077072143555
7900.5  1.011677861213684
7903.1  1.015437960624695
7905.7  1.018072128295899
7908.3  1.017967343330383
7910.9  1.015351057052612
7913.5  1.011909365653992
7916.1  1.008984088897705
7918.7  1.006185293197632
7921.3  1.001866459846497
7923.9  0.994837462902069
7926.5  0.9857837557792663
7929.1  0.9773463606834411
7931.7  0.9723375439643859
7934.3  0.970541775226593
7936.9  0.967425525188446
7939.5  0.9580125212669372
7942.1  0.9431632161140441
7944.7  0.9306396842002868
7947.3  0.9286286234855651
7949.9  0.9388418197631835
7952.5  0.9560602307319641
7955.1  0.9728214144706726
7957.7  0.9843094944953918
7960.3  0.9904637932777404
7962.9  0.9943634271621704
7965.5  0.9985570907592773
7968.1  1.003189086914063
7970.7  1.007453441619873
7973.3  1.011518001556397
7975.9  1.016096591949463
7978.5  1.021001696586609
7981.1  1.025099515914917
7983.7  1.027568340301514
7986.3  1.028631091117859
7988.9  1.029017329216004
7991.5  1.029008150100708
7994.1  1.02820360660553
7996.7  1.026143193244934
7999.3  1.022812485694885
8001.9  1.018564701080322
8004.5  1.014127254486084
8007.1  1.010727882385254
8009.7  1.009442210197449
8012.3  1.010125994682312
8014.9  1.011304974555969
8017.5  1.011259317398071
8020.1  1.009379029273987
8022.7  1.006762623786926
8025.3  1.005168199539185
8027.9  1.005069971084595
8030.5  1.005272030830383
8033.1  1.004782199859619
8035.7  1.004213333129883
8038.3  1.004636287689209
8040.9  1.005840659141541
8043.5  1.006639957427979
8046.1  1.006499290466309
8048.7  1.006094694137573
8051.3  1.006422638893127
8053.9  1.007848739624024
8056.5  1.009905338287354
8059.1  1.011663794517517
8061.7  1.012236475944519
8064.3  1.011136293411255
8066.9  1.008556962013245
8069.5  1.005571484565735
8072.1  1.003657579421997
8074.7  1.003546476364136
8077.3  1.004735589027405
8079.9  1.006429076194763
8082.5  1.008600354194641
8085.1  1.011775016784668
8087.7  1.016046166419983
8090.3  1.020640254020691
8092.9  1.024454951286316
8095.5  1.026942491531372
8098.1  1.028325438499451
8100.7  1.028900146484375
8103.3  1.02825653553009
8105.9  1.02547812461853
8108.5  1.020352125167847
8111.1  1.014476299285889
8113.7  1.010634064674378
8116.3  1.010421633720398
8118.9  1.012810230255127
8121.5  1.015521168708801
8124.1  1.017214775085449
8126.7  1.017771244049072
8129.3  1.017284989356995
8131.9  1.015814065933228
8134.5  1.013858318328857
8137.1  1.012181639671326
8139.7  1.010991215705872
8142.3  1.009757518768311
8144.9  1.007946014404297
8147.5  1.00546658039093
8150.1  1.002275586128235
8152.7  0.9983273148536682
8155.3  0.9943916201591491
8157.9  0.9921041131019592
8160.5  0.9924334287643432
8163.1  0.9944062232971191
8165.7  0.9956762194633483
8168.3  0.9936273694038391
8170.9  0.9858732819557189
8173.5  0.9707508087158203
8176.1  0.9485543966293334
8178.7  0.9222070574760437
8181.3  0.8966504335403442
8183.9  0.8781879544258117
8186.5  0.8739018440246582
8189.1  0.8885495066642761
8191.7  0.9194814562797546
8194.3  0.9561456441879272
8196.9  0.9873107075691223
8199.5  1.008385062217712
8202.1  1.02099621295929
8204.7  1.027822375297546
8207.3  1.029743671417236
8209.9  1.026511907577515
8212.5  1.01799476146698
8215.1  1.004116058349609
8217.7  0.9833812713623046
8220.3  0.952555775642395
8222.9  0.912006676197052
8225.5  0.8733405470848083
8228.1  0.8562681078910827
8230.7  0.8719356060028076
8233.3  0.9114139080047607
8235.9  0.9537198543548583
8238.5  0.9817731976509094
8241.1  0.9895718693733215
8243.7  0.9808709025382995
8246.3  0.9661408066749572
8248.9  0.9572101235389709
8251.5  0.9594475030899047
8254.1  0.969058334827423
8256.7  0.9794625043869018
8259.3  0.9881384372711181
8261.9  0.9960944652557373
8264.5  1.00370728969574
8267.1  1.009714245796204
8269.7  1.013009071350098
8272.3  1.01372754573822
8274.9  1.012778997421265
8277.5  1.010782361030579
8280.1  1.007308959960938
8282.7  1.001621723175049
8285.3  0.9946776032447814
8287.9  0.9898222684860229
8290.5  0.9902730584144592
8293.1  0.9959669113159179
8295.7  1.003679871559143
8298.3  1.010075092315674
8300.9  1.013995051383972
8303.5  1.016246318817139
8306.1  1.018154501914978
8308.7  1.02051055431366
8311.3  1.023252964019776
8313.9  1.025551676750183
8316.5  1.026223301887512
8319.1  1.024313449859619
8321.7  1.019525647163391
8324.3  1.01262903213501
8326.9  1.005916595458984
8329.5  1.002464175224304
8332.1  1.003685832023621
8334.7  1.007972478866577
8337.3  1.01269805431366
8339.9  1.016871809959412
8342.5  1.02085816860199
8345.1  1.024560809135437
8347.7  1.027222871780396
8350.3  1.028553009033203
8352.9  1.029001116752625
8355.5  1.029048085212708
8358.1  1.028844952583313
8360.7  1.028530955314636
8363.3  1.028381109237671
8365.9  1.028308510780334
8368.5  1.027525067329407
8371.1  1.025140523910522
8373.7  1.021063566207886
8376.3  1.016070604324341
8378.9  1.011195659637451
8381.5  1.007459759712219
8384.1  1.005986928939819
8386.7  1.007596969604492
8389.3  1.011902809143066
8391.9  1.017052412033081
8394.5  1.020753741264343
8397.1  1.021928071975708
8399.7  1.021592378616333
8402.3  1.021947622299194
8404.9  1.024253368377686
8407.5  1.027673363685608
8410.1  1.030405044555664
8412.7  1.031780362129211
8415.3  1.032981157302857
8417.9  1.035743832588196
8420.5  1.040482759475708
8423.1  1.045726537704468
8425.7  1.049218773841858
8428.3  1.049499392509461
8430.9  1.046750068664551
8433.5  1.042620778083801
8436.1  1.039164304733276
8438.7  1.037352204322815
8441.3  1.036389231681824
8443.9  1.034652471542358
8446.5  1.031437516212463
8449.1  1.027921915054321
8451.7  1.026286959648132
8454.3  1.027541637420654
8456.9  1.030223250389099
8459.5  1.031470060348511
8462.1  1.029065370559692
8464.7  1.022589564323425
8467.3  1.013690829277039
8469.9  1.00581967830658
8472.5  1.002582788467407
8475.1  1.005063772201538
8477.7  1.010916113853455
8480.3  1.01669442653656
8482.9  1.020339727401733
8485.5  1.020663142204285
8488.1  1.015087246894837
8490.7  0.9999885559082031
8493.3  0.9755811095237731
8495.9  0.9507438540458679
8498.5  0.9395282268524169
8501.1  0.949361503124237
8503.7  0.973695158958435
8506.3  0.9983918070793151
8508.9  1.013589262962341
8511.5  1.018146514892578
8514.1  1.016097903251648
8516.7  1.012265801429749
8519.3  1.00998854637146
8521.9  1.009802103042603
8524.5  1.008503437042236
8527.1  0.9986933469772338
8529.7  0.967504858970642
8532.3  0.8965454697608947
8534.9  0.7699161767959594
8537.5  0.5910524129867553
8540.1  0.3920789957046509
8542.7  0.2185527682304382
8545.3  0.1002311334013939
8547.9  0.03724453970789909
8550.5  0.01108909025788307
8553.1  0.002621128922328353
8555.7  4.841954796575010E-4
8558.3  6.407262117136269E-5
8560.9  0.
8563.5  0.
8566.1  0.
8568.7  0.
8571.3  0.
8573.9  0.
8576.5  0.
8579.1  0.
8581.7  0.
8584.3  0.
8586.9  0.
8589.5  0.
8592.1  0.
8594.7  0.
8597.3  0.
8599.9  0.
8602.5  0.
8605.1  0.
8607.7  0.
8610.3  0.
8612.9  0.
8615.5  0.
8618.1  0.
8620.7  0.
8623.3  0.
8625.9  0.
8628.5  0.
8631.1  0.
8633.7  0.
8636.3  0.
8638.9  0.
8641.5  4.144015838392079E-5
8644.1  3.285047423560172E-4
8646.7  0.001819673459976912
8649.3  0.007867556996643543
8651.9  0.02710814401507378
8654.5  0.07525836676359176
8657.1  0.1703403294086456
8659.7  0.31910040974617
8662.3  0.5044494867324829
8664.9  0.6894329190254211
8667.5  0.8381764888763427
8670.1  0.9348921775817871
8672.7  0.9855685234069824
8675.3  1.006678104400635
8677.9  1.014215230941773
8680.5  1.01891553401947
8683.1  1.025465607643128
8685.7  1.033725738525391
8688.3  1.041716098785401
8690.9  1.048277616500855
8693.5  1.053429245948792
8696.1  1.057397484779358
8698.7  1.060137033462524
8701.3  1.061440706253052
8703.9  1.06113076210022
8706.5  1.0593181848526
8709.1  1.05661928653717
8711.7  1.053976535797119
8714.3  1.052111506462097
8716.9  1.051044583320618
8719.5  1.050026535987854
8722.1  1.048001050949097
8724.7  1.044535875320435
8727.3  1.04063093662262
8729.9  1.038278937339783
8732.5  1.038719177246094
8735.1  1.041308522224426
8737.7  1.044351816177368
8740.3  1.046618938446045
8742.9  1.047874569892883
8745.5  1.048545360565186
8748.1  1.049273252487183
8750.7  1.050492405891419
8753.3  1.052076935768127
8755.9  1.053305268287659
8758.5  1.05331289768219
8761.1  1.051622271537781
8763.7  1.04825496673584
8766.3  1.04363214969635
8768.9  1.038816690444946
8771.5  1.035550475120544
8774.1  1.035175442695618
8776.7  1.037381052970886
8779.3  1.040648221969605
8781.9  1.04396378993988
8784.5  1.04751455783844
8787.1  1.05167281627655
8789.7  1.0559161901474
8792.3  1.058826804161072
8794.9  1.058473348617554
8797.5  1.052274584770203
8800.1  1.037779569625855
8802.7  1.016221165657043
8805.3  0.9959262609481811
8807.9  0.9887225627899169
8810.5  0.9997100234031677
8813.1  1.021947979927063
8815.7  1.043124556541443
8818.3  1.055802702903748
8820.9  1.06025505065918
8823.5  1.060250282287598
8826.1  1.058632254600525
8828.7  1.056024432182312
8831.3  1.051872730255127
8833.9  1.046223878860474
8836.5  1.040821552276611
8839.1  1.038225889205933
8841.7  1.039541125297546
8844.3  1.043365716934204
8846.9  1.047302842140198
8849.5  1.049947023391724
8852.1  1.050874829292297
8854.7  1.049216032028198
8857.3  1.042704105377197
8859.9  1.028783082962036
8862.5  1.00829541683197
8865.1  0.9888029694557189
8867.7  0.9814865589141845
8870.3  0.9916160702705383
8872.9  1.013174653053284
8875.5  1.034732103347778
8878.1  1.048921823501587
8880.7  1.055110931396484
8883.3  1.055798888206482
8885.9  1.053169131278992
8888.5  1.048565745353699
8891.1  1.04355525970459
8893.7  1.040303707122803
8896.3  1.04036545753479
8898.9  1.043224930763245
8901.5  1.046770334243774
8904.1  1.049206256866455
8906.7  1.050035238265991
8909.3  1.049494862556458
8911.9  1.048153519630432
8914.5  1.047272205352783
8917.1  1.048337936401367
8919.7  1.051346898078918
8922.3  1.054204940795898
8924.9  1.054691791534424
8927.5  1.052915215492249
8930.1  1.051332831382752
8932.7  1.052232027053833
8935.3  1.055378317832947
8937.9  1.058067917823792
8940.5  1.057290434837341
8943.1  1.052222967147827
8945.7  1.045393586158752
8948.3  1.041239261627197
8950.9  1.042466521263123
8953.5  1.047623634338379
8956.1  1.052677035331726
8958.7  1.054513216018677
8961.3  1.052536725997925
8963.9  1.047874689102173
8966.5  1.042235970497131
8969.1  1.037459850311279
8971.7  1.034525156021118
8974.3  1.031331419944763
8976.9  1.020602345466614
8979.5  0.9925190806388854
8982.1  0.9451003670692443
8984.7  0.894080638885498
8987.3  0.8659635782241821
8989.9  0.8737946152687072
8992.5  0.902913749217987
8995.1  0.9269190430641174
8997.7  0.9345871806144714
9000.3  0.9347584843635559
9002.9  0.9381570219993591
9005.5  0.9441146254539489
9008.1  0.9476594924926757
9010.7  0.951202392578125
9013.3  0.9622382521629333
9015.9  0.982892096042633
9018.5  1.006804466247559
9021.1  1.025232434272766
9023.7  1.033358573913574
9026.3  1.031920909881592
9028.9  1.025441884994507
9031.5  1.018890261650085
9034.1  1.014742016792297
9036.7  1.012264013290405
9039.3  1.009410977363587
9041.9  1.005281209945679
9044.5  1.001126170158386
9047.1  0.99908047914505
9049.7  0.9989863634109497
9052.3  0.9966464042663574
9054.9  0.9878831505775451
9057.5  0.9759893417358398
9060.1  0.9720612168312072
9062.7  0.9842089414596557
9065.3  1.007924795150757
9067.9  1.029662251472473
9070.5  1.03718912601471
9073.1  1.025145649909973
9075.7  0.9967323541641235
9078.3  0.9650885462760925
9080.9  0.9484573006629943
9083.5  0.9568877220153808
9086.1  0.9839581251144409
9088.7  1.013984799385071
9091.3  1.035015940666199
9093.9  1.043923139572144
9096.5  1.043161630630493
9099.1  1.036527991294861
9101.7  1.027771949768066
9104.3  1.020980477333069
9106.9  1.019619941711426
9109.5  1.023629546165466
9112.1  1.028634309768677
9114.7  1.029683828353882
9117.3  1.024572253227234
9119.9  1.011446714401245
9122.5  0.9857839941978454
9125.1  0.9459962248802185
9127.7  0.9037504792213439
9130.3  0.8815715909004211
9132.9  0.8935379981994628
9135.5  0.9311699271202087
9138.1  0.9722917079925537
9140.7  1.00045919418335
9143.3  1.013467073440552
9145.9  1.01809823513031
9148.5  1.021561861038208
9151.1  1.027038931846619
9153.7  1.033941507339478
9156.3  1.040205240249634
9158.9  1.044070959091187
9161.5  1.04441499710083
9164.1  1.040549159049988
9166.7  1.032379984855652
9169.3  1.021475791931152
9171.9  1.011797547340393
9174.5  1.007687568664551
9177.1  1.009928464889526
9179.7  1.014925241470337
9182.3  1.018897533416748
9184.9  1.021351218223572
9187.5  1.023458480834961
9190.1  1.025292277336121
9192.7  1.026450514793396
9195.3  1.027422904968262
9197.9  1.027779459953308
9200.5  1.023637056350708
9203.1  1.009872794151306
9205.7  0.9867202043533325
9208.3  0.9635490179061889
9210.9  0.953558325767517
9213.5  0.9629594683647155
9216.1  0.9859172701835632
9218.7  1.009991407394409
9221.3  1.024930715560913
9223.9  1.027317643165588
9226.5  1.020439267158508
9229.1  1.010997414588928
9231.7  1.004446029663086
9234.3  1.002498030662537
9236.9  1.004183888435364
9239.5  1.00787615776062
9242.1  1.012484312057495
9244.7  1.018105387687683
9247.3  1.025283098220825
9249.9  1.03288745880127
9252.5  1.037729740142822
9255.1  1.037559628486633
9257.7  1.034052729606629
9260.3  1.031694650650024
9262.9  1.033092141151428
9265.5  1.035378336906433
9268.1  1.030688047409058
9270.7  1.010824918746948
9273.3  0.9750059843063354
9275.9  0.9355832934379577
9278.5  0.912169873714447
9281.1  0.9147549867630004
9283.7  0.9337332248687744
9286.3  0.9496483206748962
9288.9  0.9514873027801513
9291.5  0.9447267055511474
9294.1  0.9435440897941589
9296.7  0.9558175802230834
9299.3  0.9750540852546691
9301.9  0.9861688613891601
9304.5  0.9766197204589843
9307.1  0.9426466822624206
9309.7  0.8904775977134704
9312.3  0.8344152569770812
9314.9  0.7874680161476135
9317.5  0.7496405243873596
9320.1  0.7117271423339843
9322.7  0.6724981665611267
9325.3  0.6408845782279968
9327.9  0.6191300749778747
9330.5  0.6000111699104309
9333.1  0.5848370194435119
9335.7  0.5872589349746704
9338.3  0.6136842370033264
9340.9  0.653205931186676
9343.5  0.6887719631195068
9346.1  0.70796400308609
9348.7  0.7071903347969055
9351.3  0.6977559328079223
9353.9  0.702122151851654
9356.5  0.7312078475952148
9359.1  0.7698217630386352
9361.7  0.7932057976722717
9364.3  0.7922812104225158
9366.9  0.7754895091056823
9369.5  0.7527673244476318
9372.1  0.7290430665016174
9374.7  0.7137250304222106
9377.3  0.7245178818702697
9379.9  0.7713103294372558
9382.5  0.8410006761550903
9385.1  0.9073566794395446
9387.7  0.9532042741775512
9390.3  0.9774621725082397
9392.9  0.9862180948257446
9395.5  0.984472632408142
9398.1  0.9749063253402709
9400.7  0.9589548110961914
9403.3  0.9371042251586914
9405.9  0.9091337919235229
9408.5  0.8757027983665466
9411.1  0.8388779759407043
9413.7  0.7990739941596984
9416.3  0.7534464001655578
9418.9  0.7030578851699829
9421.5  0.661621868610382
9424.1  0.6504281163215637
9426.7  0.6795250177383422
9429.3  0.7334381937980651
9431.9  0.7793692350387573
9434.5  0.7951998710632324
9437.1  0.7894325256347656
9439.7  0.7885295152664184
9442.3  0.806558072566986
9444.9  0.8337293863296508
9447.5  0.8529058694839477
9450.1  0.8566056489944458
9452.7  0.8440317511558532
9455.3  0.8113156557083129
9457.9  0.7543266415596008
9460.5  0.6813685297966003
9463.1  0.6190016865730285
9465.7  0.6006157994270324
9468.3  0.6410947442054748
9470.9  0.7178535461425781
9473.5  0.7835633158683776
9476.1  0.8057661056518554
9478.7  0.7941358685493469
9481.3  0.7853490114212036
9483.9  0.8012017011642456
9486.5  0.8256686329841613
9489.1  0.8256005048751831
9491.7  0.7901105880737304
9494.3  0.7458165884017944
9496.9  0.7333282828330993
9499.5  0.7709689140319824
9502.1  0.8419798016548156
9504.7  0.913086712360382
9507.3  0.9598644375801086
9509.9  0.975932240486145
9512.5  0.9668275713920593
9515.1  0.9422297477722167
9517.7  0.9107261300086975
9520.3  0.875644564628601
9522.9  0.8367539644241333
9525.5  0.7991185188293457
9528.1  0.774997055530548
9530.7  0.7709688544273376
9533.3  0.7775624394416809
9535.9  0.7771379947662353
9538.5  0.7603112459182739
9541.1  0.7350690364837646
9543.7  0.7203870415687561
9546.3  0.7259153723716735
9548.9  0.7400876879692077
9551.5  0.7472065091133117
9554.1  0.7509156465530395
9556.7  0.7682599425315856
9559.3  0.8050616383552551
9561.9  0.8506217002868652
9564.5  0.8936176896095275
9567.1  0.9310168027877807
9569.7  0.9621989727020263
9572.3  0.9839489459991455
9574.9  0.9933480024337768
9577.5  0.9917606115341186
9580.1  0.9843990206718444
9582.7  0.9772397875785827
9585.3  0.9744561910629272
9587.9  0.9768762588500976
9590.5  0.9810582995414733
9593.1  0.9811440706253051
9595.7  0.9742960333824157
9598.3  0.9638490676879882
9600.9  0.9536023139953613
9603.5  0.9371704459190368
9606.1  0.8958643078804016
9608.7  0.8148971199989318
9611.3  0.7083560228347778
9613.9  0.6236180663108825
9616.5  0.6079469919204711
9619.1  0.6674904227256774
9621.7  0.7658068537712097
9624.3  0.8587710261344909
9626.9  0.9206326603889465
9629.5  0.9428973793983459
9632.1  0.9273175001144409
9634.7  0.8871163725852966
9637.3  0.8458017706871032
9639.9  0.8250908851623535
9642.5  0.8332341909408569
9645.1  0.8649231791496276
9647.7  0.9070364832878112
9650.3  0.943516731262207
9652.9  0.9622737765312194
9655.5  0.9628549218177795
9658.1  0.9564083814620971
9660.7  0.9563794732093811
9663.3  0.9684117436408996
9665.9  0.9877375960350036
9668.5  1.004638433456421
9671.1  1.012155294418335
9673.7  1.010222554206848
9676.3  1.004390716552734
9678.9  1.001052141189575
9681.5  1.002550601959229
9684.1  1.005847096443176
9686.7  1.005964636802673
9689.3  1.001088857650757
9691.9  0.9943335056304931
9694.5  0.9907687902450561
9697.1  0.9933676123619079
9699.7  1.001503586769104
9702.3  1.011810302734375
9704.9  1.01982855796814
9707.5  1.021935820579529
9710.1  1.017255425453186
9712.7  1.008365750312805
9715.3  0.9999203085899353
9717.9  0.9957223534584045
9720.5  0.9963665008544921
9723.1  0.9990677237510681
9725.7  0.998768925666809
9728.3  0.9900217652320861
9730.9  0.9709747433662414
9733.5  0.9475531578063964
9736.1  0.9311449527740478
9738.7  0.9280143976211547
9741.3  0.9320918321609497
9743.9  0.9324436783790588
9746.5  0.9272813200950622
9749.1  0.9249963164329528
9751.7  0.9290552735328674
9754.3  0.9247073531150817
9756.9  0.8837175369262695
9759.5  0.7856167554855346
9762.1  0.6428912281990051
9764.7  0.5095297694206237
9767.3  0.4535320103168488
9769.9  0.5065560936927795
9772.5  0.6386011838912963
9775.1  0.7849577665328979
9777.7  0.8946573734283447
9780.3  0.9522453546524047
9782.9  0.9663625359535217
9785.5  0.9532532095909118
9788.1  0.9317236542701721
9790.7  0.920125126838684
9793.3  0.9271725416183471
9795.9  0.946736991405487
9798.5  0.9667389392852783
9801.1  0.9815953373908996
9803.7  0.993296205997467
9806.3  1.003973603248596
9808.9  1.012318134307861
9811.5  1.016175985336304
9814.1  1.015168428421021
9816.7  1.010515332221985
9819.3  1.004206418991089
9821.9  0.9988980293273925
9824.5  0.9972683191299438
9827.1  0.9999918937683105
9829.7  1.004685044288635
9832.3  1.007987976074219
9834.9  1.008701324462891
9837.5  1.008191347122192
9840.1  1.008148074150086
9842.7  1.008963108062744
9845.3  1.010135173797608
9847.9  1.01109254360199
9850.5  1.011242508888245
9853.1  1.010075330734253
9855.7  1.007815718650818
9858.3  1.005569100379944
9860.9  1.004347681999207
9863.5  1.004170894622803
9866.1  1.004441380500794
9868.7  1.004961490631104
9871.3  1.005977869033814
9873.9  1.007309913635254
9876.5  1.008150696754456
9879.1  1.007861733436584
9881.7  1.006366729736328
9884.3  1.003749370574951
9886.9  1.00018310546875
9889.5  0.9963575601577758
9892.1  0.9932657480239868
9894.7  0.9913515448570251
9897.3  0.9903702139854431
9899.9  0.990290880203247
9902.5  0.9916998744010925
9905.1  0.9947279691696166
9907.7  0.9970414638519287
9910.3  0.9920700192451477
9912.9  0.9673144817352294
9915.5  0.9042608737945556
9918.1  0.7867043614387512
9920.7  0.6201460361480712
9923.3  0.4468512535095215
9925.9  0.3332668542861939
9928.5  0.3307052254676819
9931.1  0.4402901530265808
9933.7  0.6119908690452575
9936.3  0.778589129447937
9938.9  0.8959682583808898
9941.5  0.9579418301582336
9944.1  0.9820348620414733
9946.7  0.9886585474014282
9949.3  0.9910927414894104
9951.9  0.9952634572982788
9954.5  1.001877427101135
9957.1  1.008553385734558
9959.7  1.012376546859741
9962.3  1.012139916419983
9964.9  1.009068369865418
9967.5  1.005754590034485
9970.1  1.004414319992066
9972.7  1.00559401512146
9975.3  1.007982611656189
9977.9  1.009404182434082
9980.5  1.008183240890503
9983.1  1.003112554550171
9985.7  0.9908230900764465
9988.3  0.9610950350761413
9990.9  0.8949623107910156
9993.5  0.7735899686813354
9996.1  0.5975983142852783
