3501.3  0.3787794709205627
3503.9  0.4607975780963898
3506.5  0.5064817667007446
3509.1  0.5342770814895629
3511.7  0.5648282766342163
3514.3  0.6010863780975341
3516.9  0.6303445696830749
3519.5  0.6406382322311401
3522.1  0.6327780485153198
3524.7  0.6176753640174865
3527.3  0.6049689054489135
3529.9  0.5974828004837036
3532.5  0.5952525734901428
3535.1  0.5987671017646789
3537.7  0.6055635213851928
3540.3  0.608332335948944
3542.9  0.6018056273460388
3545.5  0.591071605682373
3548.1  0.5866861939430236
3550.7  0.5897183418273925
3553.3  0.5887027978897094
3555.9  0.5742290616035461
3558.5  0.5492337346076965
3561.1  0.5223296284675598
3563.7  0.5004200339317321
3566.3  0.4907733798027039
3568.9  0.4988194406032562
3571.5  0.5185811519622802
3574.1  0.5330322980880737
3576.7  0.5270719528198242
3579.3  0.497162938117981
3581.9  0.4533073604106903
3584.5  0.4177447557449341
3587.1  0.4156518280506134
3589.7  0.4564104676246643
3592.3  0.5224960446357727
3594.9  0.5800663828849792
3597.5  0.6013534069061279
3600.1  0.5799241662025451
3602.7  0.5312881469726562
3605.3  0.4813178181648254
3607.9  0.4495029449462891
3610.5  0.4400269985198975
3613.1  0.446844220161438
3615.7  0.463240921497345
3618.3  0.4845454096794128
3620.9  0.5042160153388977
3623.5  0.5128711462020874
3626.1  0.505784273147583
3628.7  0.4908715784549713
3631.3  0.4844085276126862
3633.9  0.4961515963077545
3636.5  0.519824743270874
3639.1  0.5395466089248657
3641.7  0.5459624528884887
3644.3  0.5461637377738952
3646.9  0.5572251081466674
3649.5  0.5895422101020812
3652.1  0.6374913454055786
3654.7  0.6859203577041625
3657.3  0.7229228019714355
3659.9  0.744876742362976
3662.5  0.7526821494102478
3665.1  0.7483004331588745
3667.7  0.7349910736083984
3670.3  0.7162467837333679
3672.9  0.6924294829368591
3675.5  0.6618310213088989
3678.1  0.6276149153709411
3680.7  0.6005070805549621
3683.3  0.5916922092437744
3685.9  0.6039913892745971
3688.5  0.6302128434181213
3691.1  0.6590200066566467
3693.7  0.6826635599136352
3696.3  0.6991217732429504
3698.9  0.7071509957313537
3701.5  0.7031335234642028
3704.1  0.6860778331756591
3706.7  0.6634832620620727
3709.3  0.647106111049652
3711.9  0.6401492953300476
3714.5  0.6323440670967102
3717.1  0.6122999191284179
3719.7  0.5822697281837463
3722.3  0.5551008582115173
3724.9  0.5395194888114929
3727.5  0.5347360372543334
3730.1  0.5380202531814575
3732.7  0.5511093735694885
3735.3  0.5743091702461242
3737.9  0.5950735807418823
3740.5  0.5917701721191406
3743.1  0.5568813681602478
3745.7  0.5114825367927551
3748.3  0.4883524179458618
3750.9  0.5011036396026611
3753.5  0.5331366658210754
3756.1  0.5559730529785156
3758.7  0.5570990443229675
3761.3  0.5498728156089782
3763.9  0.555458128452301
3766.5  0.5790408253669738
3769.1  0.6090034842491149
3771.7  0.6351403594017028
3774.3  0.6593139171600341
3776.9  0.6894695162773132
3779.5  0.7292180657386779
3782.1  0.7719557285308837
3784.7  0.8012776374816894
3787.3  0.800033688545227
3789.9  0.7644031047821044
3792.5  0.7107906341552734
3795.1  0.6678910255432128
3797.7  0.6578525304794311
3800.3  0.6790843605995178
3802.9  0.7057743668556213
3805.5  0.707127571105957
3808.1  0.6711758375167846
3810.7  0.612947404384613
3813.3  0.5615057349205017
3815.9  0.5383405089378356
3818.5  0.5451685786247253
3821.1  0.5676003098487854
3823.7  0.5858696699142456
3826.3  0.5841174721717834
3828.9  0.5586098432540893
3831.5  0.5234705209732055
3834.1  0.5053867101669311
3836.7  0.5259833931922912
3839.3  0.5860098600387573
3841.9  0.6657329201698303
3844.5  0.7394520640373229
3847.1  0.7903727293014526
3849.7  0.8150959610939025
3852.3  0.8178015947341918
3854.9  0.8041869401931762
3857.5  0.7813677191734313
3860.1  0.7577729225158691
3862.7  0.7380446791648864
3865.3  0.7198649644851684
3867.9  0.6981045007705688
3870.5  0.6716559529304504
3873.1  0.6466518640518188
3875.7  0.6319556832313537
3878.3  0.627933382987976
3880.9  0.6216972470283508
3883.5  0.6002298593521118
3886.1  0.5685012936592102
3888.7  0.5481136441230773
3891.3  0.5577253699302673
3893.9  0.5996713638305664
3896.5  0.6628075242042541
3899.1  0.7311281561851501
3901.7  0.7901477813720703
3904.3  0.8319604992866516
3906.9  0.858146846294403
3909.5  0.8757067918777465
3912.1  0.8873662948608398
3914.7  0.8858633041381835
3917.3  0.8583221435546875
3919.9  0.7956291437149047
3922.5  0.6990171074867248
3925.1  0.5816431045532226
3927.7  0.4665464758872986
3930.3  0.3808797597885132
3932.9  0.3461366295814514
3935.5  0.3678379058837891
3938.1  0.4323598444461823
3940.7  0.5140511989593505
3943.3  0.5869181752204895
3945.9  0.633309006690979
3948.5  0.6480333805084228
3951.1  0.6370119452476501
3953.7  0.6095151901245117
3956.3  0.5701860189437866
3958.9  0.5197697281837463
3961.5  0.4630557000637054
3964.1  0.4139192700386047
3966.7  0.3920069336891174
3969.3  0.4135472476482391
3971.9  0.4812728762626648
3974.5  0.5798807144165039
3977.1  0.6821797490119934
3979.7  0.7630336284637451
3982.3  0.8107474446296691
3984.9  0.8283714056015014
3987.5  0.8259652853012084
3990.1  0.8131787180900573
3992.7  0.7995401620864868
3995.3  0.7976845502853393
3997.9  0.818225622177124
4000.5  0.8588708043098449
4003.1  0.9038377404212951
4005.7  0.9375436902046203
4008.3  0.9570204615592956
4010.9  0.9707283973693847
4013.5  0.9874817132949829
4016.1  1.006797671318054
4018.7  1.019688725471497
4021.3  1.018182039260864
4023.9  1.00124204158783
4026.5  0.9727008342742919
4029.1  0.9402469992637634
4031.7  0.9177299737930297
4034.3  0.9194046258926391
4036.9  0.9459702968597412
4039.5  0.9810723662376403
4042.1  1.00503420829773
4044.7  1.0090411901474
4047.3  0.9962271451950073
4049.9  0.9754251241683959
4052.5  0.9567319154739379
4055.1  0.9480658173561096
4057.7  0.950653076171875
4060.3  0.9568287730216979
4062.9  0.954178512096405
4065.5  0.9346267580986022
4068.1  0.9019091129302978
4070.7  0.8694541454315185
4073.3  0.8487205505371093
4075.9  0.8398396968841552
4078.5  0.8349822163581848
4081.1  0.8292914032936096
4083.7  0.8255535960197448
4086.3  0.8277045488357543
4088.9  0.8325536847114562
4091.5  0.8299633264541625
4094.1  0.8104485869407653
4096.7  0.7738012671470642
4099.3  0.7325221300125122
4101.9  0.7044482231140136
4104.5  0.6990172266960144
4107.1  0.7128380537033081
4109.7  0.7384266853332519
4112.3  0.7709891200065612
4114.9  0.8065569400787353
4117.5  0.841209053993225
4120.1  0.8737158179283142
4122.7  0.9042738676071166
4125.3  0.9315029382705688
4127.9  0.9538610577583312
4130.5  0.9714229106903076
4133.1  0.9832722544670104
4135.7  0.986508309841156
4138.3  0.9805413484573364
4140.9  0.9701219797134399
4143.5  0.961140751838684
4146.1  0.9526208043098449
4148.7  0.9350925683975219
4151.3  0.9007990360260009
4153.9  0.8566086292266845
4156.5  0.8232132196426391
4159.1  0.8183643221855163
4161.7  0.8407310843467712
4164.3  0.8713502883911132
4166.9  0.8913575410842895
4169.5  0.8981414437294006
4172.1  0.9042467474937438
4174.7  0.9214605093002319
4177.3  0.9462980031967163
4179.9  0.9611731171607971
4182.5  0.9510766863822937
4185.1  0.9189386367797851
4187.7  0.8812476992607116
4190.3  0.8490623831748962
4192.9  0.822100818157196
4195.5  0.8036354780197143
4198.1  0.8068866729736328
4200.7  0.8377310037612915
4203.3  0.8819490671157836
4205.9  0.91963392496109
4208.5  0.9448556900024414
4211.1  0.962464690208435
4213.7  0.9706276655197143
4216.3  0.9550971388816833
4218.9  0.9028774499893188
4221.5  0.8222442865371704
4224.1  0.7473032474517822
4226.7  0.7138143181800842
4229.3  0.7252364754676818
4231.9  0.7490196824073791
4234.5  0.7517791390419006
4237.1  0.7330952286720275
4239.7  0.719245433807373
4242.3  0.7292685508728027
4244.9  0.7570329904556274
4247.5  0.7862716317176818
4250.1  0.8099806904792785
4252.7  0.8283217549324035
4255.3  0.8395546078681945
4257.9  0.8448908329010009
4260.5  0.8546992540359497
4263.1  0.8779507875442504
4265.7  0.9096738100051879
4268.3  0.9375528693199157
4270.9  0.9570744037628173
4273.5  0.9725305438041687
4276.1  0.9864488840103149
4278.7  0.9952930808067321
4281.3  0.994840383529663
4283.9  0.9853585362434387
4286.5  0.9698437452316284
4289.1  0.9479940533638
4291.7  0.9142646193504333
4294.3  0.8657314181327819
4296.9  0.8119250535964965
4299.5  0.7724030017852783
4302.1  0.7616416811943054
4304.7  0.777664840221405
4307.3  0.8067156076431274
4309.9  0.8365986943244934
4312.5  0.8622964620590209
4315.1  0.8798087835311889
4317.7  0.881648302078247
4320.3  0.8644003272056579
4322.9  0.8381879329681396
4325.5  0.820843756198883
4328.1  0.8201823234558105
4330.7  0.8260497450828552
4333.3  0.821613609790802
4335.9  0.8006502389907836
4338.5  0.7734870910644531
4341.1  0.7570714950561523
4343.7  0.7599897384643554
4346.3  0.7784982323646545
4348.9  0.8057319521903991
4351.5  0.8391559720039367
4354.1  0.8769659399986267
4356.7  0.9125589132308959
4359.3  0.9361304640769958
4361.9  0.939749538898468
4364.5  0.9215386509895324
4367.1  0.8893173933029174
4369.7  0.8593420386314392
4372.3  0.8452067971229553
4374.9  0.8453690409660339
4377.5  0.8448044061660766
4380.1  0.831986129283905
4382.7  0.8129799962043762
4385.3  0.8049193024635314
4387.9  0.8163375854492187
4390.5  0.8395411372184753
4393.1  0.8627580404281616
4395.7  0.8833475112915039
4398.3  0.9067134261131286
4400.9  0.9368173480033874
4403.5  0.9713126420974731
4406.1  1.003963589668274
4408.7  1.02922797203064
4411.3  1.044497489929199
4413.9  1.049799799919129
4416.5  1.04682183265686
4419.1  1.038437604904175
4421.7  1.028248071670532
4424.3  1.019268035888672
4426.9  1.012469530105591
4429.5  1.007703304290772
4432.1  1.006008505821228
4434.7  1.008398652076721
4437.3  1.010469436645508
4439.9  1.00088369846344
4442.5  0.9697458744049072
4445.1  0.9208938479423522
4447.7  0.8739941716194152
4450.3  0.8503673076629638
4452.9  0.8555353283882141
4455.5  0.8778066039085388
4458.1  0.9018691182136535
4460.7  0.9192573428153991
4463.3  0.9285560846328735
4465.9  0.93328458070755
4468.5  0.9400431513786315
4471.1  0.9521620869636535
4473.7  0.9628713726997375
4476.3  0.9597454071044921
4478.9  0.9392604231834411
4481.5  0.9141134619712829
4484.1  0.9012430906295776
4486.7  0.9038405418395996
4489.3  0.9113145470619201
4491.9  0.9174244403839111
4494.5  0.929609477519989
4497.1  0.9562025070190429
4499.7  0.9917294979095458
4502.3  1.020312190055847
4504.9  1.028418064117432
4507.5  1.011271953582764
4510.1  0.9741203784942626
4512.7  0.9330039620399475
4515.3  0.9089329242706298
4517.9  0.9129125475883483
4520.5  0.9356064200401306
4523.1  0.9560275673866271
4525.7  0.9613793492317199
4528.3  0.9561052918434143
4530.9  0.9516416192054748
4533.5  0.9516514539718627
4536.1  0.9509286284446716
4538.7  0.9461680650711059
4541.3  0.941933274269104
4543.9  0.9449990987777709
4546.5  0.9569801092147827
4549.1  0.9743327498435974
4551.7  0.9929047226905822
4554.3  1.010179042816162
4556.9  1.024297118186951
4559.5  1.033641695976257
4562.1  1.038596391677857
4564.7  1.042162895202637
4567.3  1.046745181083679
4569.9  1.050631165504456
4572.5  1.048974990844727
4575.1  1.038068294525147
4577.7  1.017925381660461
4580.3  0.9910734295845031
4582.9  0.9608687758445739
4585.5  0.9324036836624145
4588.1  0.9129932522773742
4590.7  0.9081844091415405
4593.3  0.9178663492202758
4595.9  0.9378572702407836
4598.5  0.9629273414611816
4601.1  0.9873238801956176
4603.7  1.005693554878235
4606.3  1.015175700187683
4608.9  1.015808701515198
4611.5  1.009476661682129
4614.1  0.9994808435440063
4616.7  0.9905270934104919
4619.3  0.9875243306159973
4621.9  0.9927987456321716
4624.5  1.003694534301758
4627.1  1.013336062431336
4629.7  1.014674425125122
4632.3  1.004878282546997
4634.9  0.9874789118766784
4637.5  0.9702674150466918
4640.1  0.9594586491584777
4642.7  0.955859363079071
4645.3  0.9573937654495239
4647.9  0.9630914330482482
4650.5  0.9721776247024536
4653.1  0.9814414978027343
4655.7  0.9864642024040222
4658.3  0.9849321246147155
4660.9  0.9778984189033508
4663.5  0.9686217904090881
4666.1  0.9603424072265625
4668.7  0.9543133378028869
4671.3  0.9498263597488403
4673.9  0.9462385177612304
4676.5  0.9450613260269165
4679.1  0.9497472643852233
4681.7  0.9622441530227661
4684.3  0.9793173670768737
4686.9  0.9937512278556823
4689.5  1.000101685523987
4692.1  0.9987121224403381
4694.7  0.9942507147789001
4697.3  0.9914388060569763
4699.9  0.9923487305641174
4702.5  0.9963762760162353
4705.1  1.00150191783905
4707.7  1.006105065345764
4710.3  1.010488629341126
4712.9  1.016206026077271
4715.5  1.023229479789734
4718.1  1.028109431266785
4720.7  1.025964379310608
4723.3  1.015447378158569
4725.9  1.001904606819153
4728.5  0.99382084608078
4731.1  0.9945015311241149
4733.7  0.9988517761230468
4736.3  1.000389337539673
4738.9  0.9995588660240173
4741.5  1.002118825912476
4744.1  1.010535836219788
4746.7  1.020418524742126
4749.3  1.025643587112427
4751.9  1.023341536521912
4754.5  1.013045072555542
4757.1  0.9956821799278259
4759.7  0.9766440391540527
4762.3  0.9651168584823608
4764.9  0.9652510285377502
4767.5  0.9717344045639038
4770.1  0.9788053631782531
4772.7  0.9887731671333312
4775.3  1.006093502044678
4777.9  1.027759552001953
4780.5  1.045584321022034
4783.1  1.055142045021057
4785.7  1.058131694793701
4788.3  1.057994961738586
4790.9  1.056826233863831
4793.5  1.055792570114136
4796.1  1.056048154830933
4798.7  1.058070063591003
4801.3  1.060767650604248
4803.9  1.062207937240601
4806.5  1.061654090881348
4809.1  1.060395240783691
4811.7  1.060324549674988
4814.3  1.061973571777344
4816.9  1.063969016075134
4819.5  1.064088821411133
4822.1  1.06059193611145
4824.7  1.052892684936524
4827.3  1.041763186454773
4829.9  1.029119610786438
4832.5  1.016461253166199
4835.1  1.002631783485413
4837.7  0.9841355681419372
4840.3  0.9589940905570983
4842.9  0.9301961660385131
4845.5  0.9039536118507385
4848.1  0.8829246163368225
4850.7  0.8604836463928222
4853.3  0.8250194191932678
4855.9  0.7744569182395935
4858.5  0.7263628244400024
4861.1  0.7085651159286499
4863.7  0.7358694672584533
4866.3  0.7971947193145751
4868.9  0.8666474819183349
4871.5  0.9234019517898559
4874.1  0.959274411201477
4876.7  0.9737546443939208
4879.3  0.9698191881179809
4881.9  0.9555734992027282
4884.5  0.9445189237594604
4887.1  0.9482610821723937
4889.7  0.9671696424484252
4892.3  0.9901432394981384
4894.9  1.005070924758911
4897.5  1.008165717124939
4900.1  1.002707123756409
4902.7  0.991958737373352
4905.3  0.9771094322204589
4907.9  0.9608498215675354
4910.5  0.9477412700653076
4913.1  0.9399071335792541
4915.7  0.9368770718574523
4918.3  0.9400184154510498
4920.9  0.9513575434684753
4923.5  0.965404987335205
4926.1  0.9676061272621154
4928.7  0.9466877579689025
4931.3  0.9091773629188537
4933.9  0.8783358931541442
4936.5  0.875885784626007
4939.1  0.9048994779586791
4941.7  0.9493204951286315
4944.3  0.9862090349197387
4946.9  0.9979482889175415
4949.5  0.9790601730346679
4952.1  0.9386031627655029
4954.7  0.8970115780830383
4957.3  0.8741905093193054
4959.9  0.8751214742660522
4962.5  0.8883011937141418
4965.1  0.8999715447425842
4967.7  0.9077165722846984
4970.3  0.91901296377182
4972.9  0.9396968483924865
4975.5  0.9661990404129028
4978.1  0.9883939027786254
4980.7  0.997806429862976
4983.3  0.9924551248550415
4985.9  0.9766371250152587
4988.5  0.9593462347984313
4991.1  0.9513286352157592
4993.7  0.9583603739738464
4996.3  0.97601979970932
4998.9  0.9932765960693359
5001.5  1.000851154327393
5004.1  0.9953736662864685
5006.7  0.9795519709587097
5009.3  0.9621192216873168
5011.9  0.954434335231781
5014.5  0.9617174863815307
5017.1  0.978218674659729
5019.7  0.9936577081680297
5022.3  1.002464175224304
5024.9  1.004577398300171
5027.5  1.000550508499146
5030.1  0.9908934831619262
5032.7  0.9802541136741638
5035.3  0.9770174026489257
5037.9  0.9846479296684265
5040.5  0.9960018992424011
5043.1  1.000418663024902
5045.7  0.9958108663558959
5048.3  0.9906784892082214
5050.9  0.9945190548896789
5053.5  1.008913278579712
5056.1  1.028080940246582
5058.7  1.045072674751282
5061.3  1.056050062179565
5063.9  1.060733556747437
5066.5  1.0607590675354
5069.1  1.057569146156311
5071.7  1.050930500030518
5074.3  1.039541959762573
5076.9  1.023465156555176
5079.5  1.005689382553101
5082.1  0.9912327527999877
5084.7  0.9851993918418884
5087.3  0.9906973838806152
5089.9  1.005949139595032
5092.5  1.023199915885925
5095.1  1.032755255699158
5097.7  1.029472589492798
5100.3  1.016200661659241
5102.9  1.001968860626221
5105.5  0.9959387779235839
5108.1  1.001125454902649
5110.7  1.01326584815979
5113.3  1.024815320968628
5115.9  1.02920937538147
5118.5  1.023409605026245
5121.1  1.00970470905304
5123.7  0.9944015145301818
5126.3  0.9821410179138183
5128.9  0.970960795879364
5131.5  0.9544755220413208
5134.1  0.9305880665779113
5136.7  0.9086042046546936
5139.3  0.9046602845191955
5141.9  0.9264754652976989
5144.5  0.964474081993103
5147.1  1.000556349754334
5149.7  1.022731781005859
5152.3  1.029559254646301
5154.9  1.02428412437439
5157.5  1.008802056312561
5160.1  0.9842625260353088
5162.7  0.9560076594352722
5165.3  0.9341904520988464
5167.9  0.9264336824417114
5170.5  0.9306013584136962
5173.1  0.9347657561302185
5175.7  0.9227041006088256
5178.3  0.8833016753196716
5180.9  0.8213606476783752
5183.5  0.7590267062187194
5186.1  0.7227044701576232
5188.7  0.7279555201530456
5191.3  0.7733427882194519
5193.9  0.8411994576454162
5196.5  0.9052494168281555
5199.1  0.946150779724121
5201.7  0.9632372856140136
5204.3  0.9693862199783325
5206.9  0.9743186235427856
5209.5  0.9756546020507812
5212.1  0.9673048257827758
5214.7  0.9524810910224914
5217.3  0.943445086479187
5219.9  0.9479192495346069
5222.5  0.9593100547790527
5225.1  0.9628345966339111
5227.7  0.9509310126304626
5230.3  0.9322817325592041
5232.9  0.9249224662780761
5235.5  0.9391016364097595
5238.1  0.9682601690292358
5240.7  0.9977968335151672
5243.3  1.018873572349548
5245.9  1.031188368797302
5248.5  1.036182522773743
5251.1  1.031623244285584
5253.7  1.011495590209961
5256.3  0.9705672860145568
5258.9  0.9120277166366577
5261.5  0.8519867658615112
5264.1  0.8128092288970947
5266.7  0.8090128302574157
5269.3  0.8388277888298034
5271.9  0.8871553540229797
5274.5  0.9350943565368652
5277.1  0.9700568914413452
5279.7  0.990837812423706
5282.3  1.003661870956421
5284.9  1.013370633125305
5287.5  1.018528819084168
5290.1  1.014131188392639
5292.7  0.9983744621276855
5295.3  0.9768637418746948
5297.9  0.9593855142593383
5300.5  0.9516744017601013
5303.1  0.951754868030548
5305.7  0.9548370838165283
5308.3  0.9590032696723937
5310.9  0.964826762676239
5313.5  0.9716149568557739
5316.1  0.9758704304695129
5318.7  0.9739481806755065
5321.3  0.9668899178504943
5323.9  0.9617092013359069
5326.5  0.9659924507141113
5329.1  0.9811725616455078
5331.7  1.001783490180969
5334.3  1.020399928092957
5336.9  1.03268313407898
5339.5  1.038609385490417
5342.1  1.040421485900879
5344.7  1.040370225906372
5347.3  1.040060877799988
5349.9  1.040339231491089
5352.5  1.040756583213806
5355.1  1.039569139480591
5357.7  1.035441040992737
5360.3  1.029427766799927
5362.9  1.024755239486694
5365.5  1.024137496948242
5368.1  1.027557373046875
5370.7  1.032705068588257
5373.3  1.036941647529602
5375.9  1.038514256477356
5378.5  1.03669536113739
5381.1  1.031554102897644
5383.7  1.023779273033142
5386.3  1.014673709869385
5388.9  1.006066203117371
5391.5  0.9995085597038269
5394.1  0.9947454929351806
5396.7  0.9892942309379577
5399.3  0.9796638488769531
5401.9  0.9632259011268615
5404.5  0.9407735466957092
5407.1  0.9192027449607849
5409.7  0.9095010161399841
5412.3  0.9183816909790039
5414.9  0.9421600103378295
5417.5  0.9705069661140441
5420.1  0.9948238730430603
5422.7  1.011837482452393
5425.3  1.021501779556275
5427.9  1.024370908737183
5430.5  1.021705985069275
5433.1  1.016905665397644
5435.7  1.014674544334412
5438.3  1.017540454864502
5440.9  1.023751139640808
5443.5  1.02942967414856
5446.1  1.031987547874451
5448.7  1.031290888786316
5451.3  1.028779745101929
5453.9  1.026128768920898
5456.5  1.023936986923218
5459.1  1.021417260169983
5461.7  1.017961263656616
5464.3  1.014968514442444
5466.9  1.015081167221069
5469.5  1.019320249557495
5472.1  1.02566921710968
5474.7  1.030669450759888
5477.3  1.031429290771484
5479.9  1.026278495788574
5482.5  1.015653491020203
5485.1  1.003653049468994
5487.7  0.9968160390853881
5490.3  0.9989308714866638
5492.9  1.007367968559265
5495.5  1.015619277954102
5498.1  1.018680095672608
5500.7  1.015814900398255
5503.3  1.010064363479614
5505.9  1.006178855895996
5508.5  1.007660746574402
5511.1  1.014055490493774
5513.7  1.020791530609131
5516.3  1.021732211112976
5518.9  1.012554168701172
5521.5  0.9940570592880249
5524.1  0.9739433526992797
5526.7  0.9632917642593383
5529.3  0.9680564999580383
5531.9  0.9842943549156188
5534.5  1.002823710441589
5537.1  1.01701295375824
5539.7  1.025447249412537
5542.3  1.029662489891052
5544.9  1.031248450279236
5547.5  1.03037416934967
5550.1  1.026052713394165
5552.7  1.017931818962097
5555.3  1.007984757423401
5557.9  0.9997586011886596
5560.5  0.9957648515701293
5563.1  0.9961305856704711
5565.7  0.9992222189903259
5568.3  1.002204418182373
5570.9  1.001835465431213
5573.5  0.9968076944351196
5576.1  0.9884955286979675
5578.7  0.9778110384941101
5581.3  0.9633482098579406
5583.9  0.9446224570274353
5586.5  0.9250209927558898
5589.1  0.9099375009536743
5591.7  0.9047306776046752
5594.3  0.9142563343048095
5596.9  0.9390274882316589
5599.5  0.9710791110992431
5602.1  0.9980721473693847
5604.7  1.01185941696167
5607.3  1.011466860771179
5609.9  1.000612139701843
5612.5  0.9856007695198059
5615.1  0.9737322926521301
5617.7  0.9699548482894897
5620.3  0.9744384288787841
5622.9  0.9841997623443603
5625.5  0.9961971640586853
5628.1  1.008180141448975
5630.7  1.017873048782349
5633.3  1.023190021514893
5635.9  1.023563027381897
5638.5  1.020466923713684
5641.1  1.0163893699646
5643.7  1.013224840164185
5646.3  1.011338591575623
5648.9  1.009982109069824
5651.5  1.008317112922668
5654.1  1.00592827796936
5656.7  1.002618908882141
5659.3  0.9982935190200805
5661.9  0.9933466911315917
5664.5  0.9891521334648132
5667.1  0.9877398014068603
5669.7  0.9902266860008239
5672.3  0.9952530860900878
5674.9  0.9995840787887573
5677.5  1.000536918640137
5680.1  0.9976558089256286
5682.7  0.9925270080566406
5685.3  0.98770272731781
5687.9  0.9851161837577819
5690.5  0.9841279983520507
5693.1  0.9815064668655395
5695.7  0.9749163389205932
5698.3  0.9664002060890197
5700.9  0.9611231684684753
5703.5  0.962623119354248
5706.1  0.9700845479965209
5708.7  0.9798804521560668
5711.3  0.988650619983673
5713.9  0.9948207736015319
5716.5  0.9981540441513061
5719.1  0.9988747239112854
5721.7  0.9976973533630371
5724.3  0.9962654709815979
5726.9  0.9966611862182617
5729.5  0.9999630451202392
5732.1  1.005336761474609
5734.7  1.01059365272522
5737.3  1.013314962387085
5739.9  1.011578798294067
5742.5  1.004381537437439
5745.1  0.9923856258392333
5747.7  0.9786732792854309
5750.3  0.9679952263832092
5752.9  0.9638773202896118
5755.5  0.9651086926460266
5758.1  0.9640558958053588
5760.7  0.9461951851844787
5763.3  0.8904898762702941
5765.9  0.7770284414291381
5768.5  0.6052727103233337
5771.1  0.4063843190670013
5773.7  0.2286475449800491
5776.3  0.1055913716554642
5778.9  0.03943496569991112
5781.5  0.01178483385592699
5784.1  0.002794157713651657
5786.7  5.175719270482659E-4
5789.3  6.886755727464333E-5
5791.9  0.
5794.5  0.
5797.1  0.
5799.7  0.
5802.3  0.
5804.9  0.
5807.5  0.
5810.1  0.
5812.7  0.
5815.3  0.
5817.9  0.
5820.5  6.996042793616652E-5
5823.1  5.262445192784070E-4
5825.7  0.002844471950083971
5828.3  0.01201624423265457
5830.9  0.04027784988284111
5833.5  0.1081005409359932
5836.1  0.2348615080118179
5838.7  0.419354259967804
5841.3  0.6283831000328063
5843.9  0.8124197125434875
5846.5  0.9372345209121704
5849.1  0.999438464641571
5851.7  1.015606045722961
5854.3  1.005221962928772
5856.9  0.9847945570945739
5859.5  0.9687728285789489
5862.1  0.9668530225753784
5864.7  0.9791567921638488
5867.3  0.9975701570510864
5869.9  1.013162612915039
5872.5  1.02202308177948
5875.1  1.025290727615356
5877.7  1.025928020477295
5880.3  1.025379180908203
5882.9  1.021840691566467
5885.5  1.010608911514282
5888.1  0.9871164560317993
5890.7  0.9529173374176025
5893.3  0.9205946922302246
5895.9  0.9086878299713134
5898.5  0.9260022044181823
5901.1  0.9618177413940429
5903.7  0.994689404964447
5906.3  1.009377717971802
5908.9  1.004972338676453
5911.5  0.9919235706329345
5914.1  0.9836711883544921
5916.7  0.987460434436798
5919.3  1.000467658042908
5921.9  1.014635920524597
5924.5  1.024323344230652
5927.1  1.028921604156494
5929.7  1.030596613883972
5932.3  1.031348586082459
5934.9  1.031861305236816
5937.5  1.032031297683716
5940.1  1.03184175491333
5942.7  1.031474828720093
5945.3  1.030800580978394
5947.9  1.029391884803772
5950.5  1.027300357818604
5953.1  1.025497913360596
5955.7  1.025142669677734
5958.3  1.026432394981384
5960.9  1.02827000617981
5963.5  1.029004216194153
5966.1  1.027393937110901
5968.7  1.023061275482178
5971.3  1.016513228416443
5973.9  1.009081840515137
5976.5  1.001981854438782
5979.1  0.9947748184204101
5981.7  0.986218512058258
5984.3  0.9778720736503601
5986.9  0.9747252464294433
5989.5  0.979949414730072
5992.1  0.9905714988708496
5994.7  1.000296950340271
5997.3  1.005042791366577
5999.9  1.004446387290955
6002.5  1.00029718875885
6005.1  0.9956798553466796
6007.7  0.9941531419754028
6010.3  0.9974476099014282
6012.9  1.004015922546387
6015.5  1.010783076286316
6018.1  1.015818357467651
6020.7  1.018890976905823
6023.3  1.020326852798462
6025.9  1.020283341407776
6028.5  1.018920302391052
6031.1  1.016717672348022
6033.7  1.014451146125794
6036.3  1.012859463691711
6038.9  1.012203097343445
6041.5  1.012128829956055
6044.1  1.012001514434815
6046.7  1.011359453201294
6049.3  1.010102033615112
6051.9  1.008482098579407
6054.5  1.00707471370697
6057.1  1.00654935836792
6059.7  1.00719428062439
6062.3  1.008691787719727
6064.9  1.010492444038391
6067.5  1.012281656265259
6070.1  1.014017701148987
6072.7  1.015713095664978
6075.3  1.01729691028595
6077.9  1.018508672714233
6080.5  1.018786668777466
6083.1  1.01727020740509
6085.7  1.013240814208984
6088.3  1.007139801979065
6090.9  1.001275181770325
6093.5  0.99867844581604
6096.1  1.000483393669129
6098.7  1.004775404930115
6101.3  1.008543491363525
6103.9  1.010344624519348
6106.5  1.01031756401062
6109.1  1.007741451263428
6111.7  0.9991248846054077
6114.3  0.9799899458885192
6116.9  0.9507707953453063
6119.5  0.9216679334640502
6122.1  0.9082093238830566
6124.7  0.918160080909729
6127.3  0.9439175724983215
6129.9  0.9700531363487243
6132.5  0.9866756200790405
6135.1  0.9944193959236145
6137.7  0.9994744658470153
6140.3  1.006324052810669
6142.9  1.01467502117157
6145.5  1.021368026733398
6148.1  1.023453235626221
6150.7  1.019055604934692
6153.3  1.006537914276123
6155.9  0.9846864342689514
6158.5  0.9546413421630859
6161.1  0.9218387007713317
6163.7  0.8956139087677001
6166.3  0.8853356838226318
6168.9  0.8944340944290161
6171.5  0.9173505306243896
6174.1  0.9440701603889465
6176.7  0.9681201577186584
6179.3  0.9886131286621093
6181.9  1.005929708480835
6184.5  1.01889705657959
6187.1  1.026012778282166
6189.7  1.026679635047913
6192.3  1.021037817001343
6194.9  1.01072084903717
6197.5  1.000312447547913
6200.1  0.9958429336547851
6202.7  0.9998095631599426
6205.3  1.008492588996887
6207.9  1.015765905380249
6210.5  1.018975019454956
6213.1  1.020027041435242
6215.7  1.021750807762146
6218.3  1.02475917339325
6220.9  1.027755260467529
6223.5  1.029512047767639
6226.1  1.029797077178955
6228.7  1.028819680213928
6231.3  1.026441693305969
6233.9  1.022021174430847
6236.5  1.014968752861023
6239.1  1.005902886390686
6241.7  0.9976003766059875
6244.3  0.9939647316932678
6246.9  0.9969405531883239
6249.5  1.0046067237854
6252.1  1.012831568717957
6254.7  1.018142700195313
6257.3  1.01886773109436
6259.9  1.015295267105103
6262.5  1.010009527206421
6265.1  1.006808400154114
6267.7  1.007413029670715
6270.3  1.009436011314392
6272.9  1.008944511413574
6275.5  1.004970908164978
6278.1  1.000559449195862
6280.7  0.9992535710334777
6283.3  1.001334428787231
6285.9  1.003477096557617
6288.5  1.001053214073181
6291.1  0.9909743070602416
6293.7  0.9744515419006347
6296.3  0.9581301808357238
6298.9  0.9508031010627746
6301.5  0.9565568566322326
6304.1  0.9705159068107604
6306.7  0.9823750853538513
6309.3  0.9850916266441345
6311.9  0.9805488586425781
6314.5  0.9766582250595092
6317.1  0.9789831042289733
6319.7  0.9859520196914672
6322.3  0.9922018647193908
6324.9  0.9944248795509338
6327.5  0.9928114414215087
6330.1  0.9890505671501159
6332.7  0.9853454828262329
6335.3  0.9843345880508422
6337.9  0.9875431656837463
6340.5  0.9938246011734008
6343.1  1.000478386878967
6345.7  1.005447149276733
6348.3  1.007831454277039
6350.9  1.007210969924927
6353.5  1.003642439842224
6356.1  0.9983078241348266
6358.7  0.9934579133987426
6361.3  0.9911384582519531
6363.9  0.9918938875198364
6366.5  0.9948163628578186
6369.1  0.998643934726715
6371.7  1.002459526062012
6374.3  1.00562846660614
6376.9  1.007681131362915
6379.5  1.00849175453186
6382.1  1.008435487747192
6384.7  1.00814425945282
6387.3  1.007923603057861
6389.9  1.007373809814453
6392.5  1.005760312080383
6395.1  1.002819895744324
6397.7  0.999096393585205
6400.3  0.9954899549484252
6402.9  0.9927060604095458
6405.5  0.991083800792694
6408.1  0.9903895854949951
6410.7  0.9890621304512023
6413.3  0.9842978119850158
6415.9  0.9747546911239624
6418.5  0.9639143347740173
6421.1  0.958875834941864
6423.7  0.9639245271682739
6426.3  0.9762089252471923
6428.9  0.9889083504676818
6431.5  0.9973006248474121
6434.1  1.000672101974487
6436.7  0.9999362826347351
6439.3  0.9949225783348083
6441.9  0.9841939806938171
6444.5  0.9679886698722839
6447.1  0.9514889121055603
6449.7  0.9430382251739501
6452.3  0.9468204975128173
6454.9  0.9585205912590026
6457.5  0.9700837135314941
6460.1  0.9775043725967407
6462.7  0.9823488593101501
6465.3  0.9872198700904846
6467.9  0.9922268986701965
6470.5  0.9958928823471069
6473.1  0.9975954294204711
6475.7  0.9979582428932189
6478.3  0.9974621534347534
6480.9  0.9954112768173217
6483.5  0.9904500246047973
6486.1  0.9820604920387268
6488.7  0.9718702435493469
6491.3  0.9635188579559326
6493.9  0.960639476776123
6496.5  0.9644579887390136
6499.1  0.9730476140975952
6501.7  0.9826922416687011
6504.3  0.9900892972946166
6506.9  0.9937736988067626
6509.5  0.9940493702888488
6512.1  0.992102563381195
6514.7  0.9893518090248107
6517.3  0.9872105121612548
6519.9  0.9867382645606994
6522.5  0.9880286455154418
6525.1  0.9900789260864257
6527.7  0.9915437698364257
6530.3  0.9916343688964843
6532.9  0.9901713728904724
6535.5  0.9868737459182739
6538.1  0.9810091853141784
6540.7  0.972194492816925
6543.3  0.9614724516868591
6545.9  0.9505656361579895
6548.5  0.9391847848892211
6551.1  0.9235852360725402
6553.7  0.8992225527763366
6556.3  0.866117775440216
6558.9  0.8322948217391967
6561.5  0.8110769987106323
6564.1  0.8126127123832702
6566.7  0.8365300893783569
6569.3  0.8728449344635009
6571.9  0.9095282554626464
6574.5  0.9389204978942871
6577.1  0.9585563540458679
6579.7  0.9685387015342712
6582.3  0.9691781997680664
6584.9  0.9610897302627563
6587.5  0.9475864171981811
6590.1  0.9363441467285156
6592.7  0.9361922740936279
6595.3  0.9500199556350708
6597.9  0.9717185497283935
6600.5  0.9917105436325073
6603.1  1.004600524902344
6605.7  1.010838508605957
6608.3  1.01331889629364
6610.9  1.014484643936157
6613.5  1.015759587287903
6616.1  1.017700791358948
6618.7  1.02001416683197
6621.3  1.021941900253296
6623.9  1.022818326950073
6626.5  1.022340893745422
6629.1  1.020523190498352
6631.7  1.017692446708679
6634.3  1.014617204666138
6636.9  1.012550711631775
6639.5  1.012755036354065
6642.1  1.015530467033386
6644.7  1.019788861274719
6647.3  1.023886322975159
6649.9  1.026741862297058
6652.5  1.02800452709198
6655.1  1.027597546577454
6657.7  1.025704860687256
6660.3  1.023248195648193
6662.9  1.021833777427673
6665.5  1.022698640823364
6668.1  1.025718212127686
6670.7  1.029603719711304
6673.3  1.032974004745483
6675.9  1.035171031951904
6678.5  1.036322474479675
6681.1  1.036908864974976
6683.7  1.037300825119019
6686.3  1.037569761276245
6688.9  1.037576913833618
6691.5  1.037190437316895
6694.1  1.036451101303101
6696.7  1.035529494285584
6699.3  1.034478068351746
6701.9  1.032864689826965
6704.5  1.029475212097168
6707.1  1.022153735160828
6709.7  1.008646488189697
6712.3  0.9895063638687133
6714.9  0.9709962606430053
6717.5  0.9626829624176025
6720.1  0.969355821609497
6722.7  0.9861747622489929
6725.3  1.003428220748901
6727.9  1.014713883399963
6730.5  1.01963210105896
6733.1  1.020864129066467
6735.7  1.020686507225037
6738.3  1.019757986068726
6740.9  1.017951130867005
6743.5  1.015655159950256
6746.1  1.014158606529236
6748.7  1.014735817909241
6751.3  1.017498016357422
6753.9  1.021224856376648
6756.5  1.024304270744324
6759.1  1.02557647228241
6761.7  1.024212241172791
6764.3  1.019503355026245
6766.9  1.011782288551331
6769.5  1.003660559654236
6772.1  0.9991819858551025
6774.7  1.000582337379456
6777.3  1.006211996078491
6779.9  1.012282609939575
6782.5  1.01619291305542
6785.1  1.017729997634888
6787.7  1.017921805381775
6790.3  1.017729759216309
6792.9  1.017747521400452
6795.5  1.018370389938355
6798.1  1.019724726676941
6800.7  1.021490931510925
6803.3  1.023020029067993
6805.9  1.023791909217835
6808.5  1.02380108833313
6811.1  1.023549556732178
6813.7  1.023638010025025
6816.3  1.024291753768921
6818.9  1.025234699249268
6821.5  1.025948643684387
6824.1  1.02594530582428
6826.7  1.02481746673584
6829.3  1.022198677062988
6831.9  1.017918109893799
6834.5  1.012438297271729
6837.1  1.007174372673035
6839.7  1.003993391990662
6842.3  1.00381076335907
6844.9  1.005534410476685
6847.5  1.006471157073975
6850.1  1.003990650177002
6852.7  0.9973783493041992
6855.3  0.9885857701301574
6857.9  0.9802076816558837
6860.5  0.9715244770050048
6863.1  0.957786738872528
6865.7  0.9348325133323669
6868.3  0.9038777947425842
6870.9  0.8722640872001647
6873.5  0.8517279028892517
6876.1  0.8535189032554626
6878.7  0.8793836236000061
6881.3  0.9175719022750854
6883.9  0.9518388509750366
6886.5  0.9738276004791259
6889.1  0.9850229024887084
6891.7  0.9900022149085998
6894.3  0.9905608892440795
6896.9  0.9845001101493835
6899.5  0.9669861197471618
6902.1  0.9344322085380554
6904.7  0.8913775086402893
6907.3  0.8546065688133239
6909.9  0.8451797366142272
6912.5  0.8706783056259155
6915.1  0.9170305132865905
6917.7  0.961236298084259
6920.3  0.9897024631500244
6922.9  1.002738237380982
6925.5  1.006781935691834
6928.1  1.00712788105011
6930.7  1.006390810012817
6933.3  1.005816221237183
6935.9  1.0061274766922
6938.5  1.00751793384552
6941.1  1.009370446205139
6943.7  1.010506272315979
6946.3  1.009870886802673
6948.9  1.007315397262573
6951.5  1.003918409347534
6954.1  1.001436471939087
6956.7  1.001131653785706
6959.3  1.002972364425659
6961.9  1.005931735038757
6964.5  1.008885264396668
6967.1  1.011151075363159
6969.7  1.012489795684815
6972.3  1.012950420379639
6974.9  1.012720227241516
6977.5  1.011997938156128
6980.1  1.01103675365448
6982.7  1.010244131088257
6985.3  1.00997257232666
6987.9  1.010027408599854
6990.5  1.009508728981018
6993.1  1.007222533226013
6995.7  1.002300977706909
6998.3  0.9949110746383666
7000.9  0.9868999123573303
7003.5  0.9812362790107727
7006.1  0.9796774983406066
7008.7  0.9810180068016052
7011.3  0.9825028181076049
7013.9  0.9827548861503601
7016.5  0.9824397563934326
7019.1  0.9822258353233337
7021.7  0.9811645746231079
7024.3  0.9772505760192871
7026.9  0.9692080020904541
7029.5  0.9584484696388244
7032.1  0.9500336050987243
7034.7  0.9500687718391418
7037.3  0.9602598547935485
7039.9  0.9757705926895141
7042.5  0.9895001649856567
7045.1  0.9975426793098449
7047.7  1.000210046768189
7050.3  0.9997174739837646
7052.9  0.9981153011322021
7055.5  0.9964969158172607
7058.1  0.9950250387191772
7060.7  0.993615984916687
7063.3  0.992722749710083
7065.9  0.9932015538215637
7068.5  0.9953532814979553
7071.1  0.9983214735984802
7073.7  1.000632643699646
7076.3  1.001250267028809
7078.9  1.000084519386292
7081.5  0.9977813363075256
7084.1  0.9952520728111267
7086.7  0.9931684732437133
7089.3  0.9916486144065856
7091.9  0.9905261397361755
7094.5  0.9899654984474182
7097.1  0.9904861450195312
7099.7  0.9921972155570983
7102.3  0.9942984580993652
7104.9  0.9955734610557556
7107.5  0.9952178597450256
7110.1  0.9931859970092773
7112.7  0.9901580810546875
7115.3  0.9873319864273071
7117.9  0.9857517480850219
7120.5  0.9853119254112243
7123.1  0.984653890132904
7125.7  0.9827052950859069
7128.3  0.9804211258888244
7130.9  0.980309247970581
7133.5  0.9837756752967834
7136.1  0.9894878268241882
7138.7  0.994781494140625
7141.3  0.9980289936065673
7143.9  0.9992119073867797
7146.5  0.9989195466041564
7149.1  0.9974914789199829
7151.7  0.9949336647987365
7154.3  0.9911695718765258
7156.9  0.9863048195838928
7159.5  0.9810004830360412
7162.1  0.9766805171966552
7164.7  0.9748017787933349
7167.3  0.9753485918045043
7169.9  0.9764888286590576
7172.5  0.976340889930725
7175.1  0.9748440980911254
7177.7  0.9733722209930419
7180.3  0.9727420210838317
7182.9  0.9722211360931396
7185.5  0.9705619812011718
7188.1  0.9674486517906188
7190.7  0.9637125134468078
7193.3  0.960545003414154
7195.9  0.9588491916656494
7198.5  0.9593337774276733
7201.1  0.9626446366310119
7203.7  0.9686406254768371
7206.3  0.9757398962974548
7208.9  0.9816651344299316
7211.5  0.9849094152450561
7214.1  0.985437273979187
7216.7  0.9844411611557006
7219.3  0.9834471940994262
7221.9  0.9831103682518005
7224.5  0.9824835062026977
7227.1  0.9797433018684387
7229.7  0.9742560386657714
7232.3  0.9682109355926513
7234.9  0.9653965234756469
7237.5  0.9673489332199096
7240.1  0.9710319638252258
7242.7  0.9712228178977966
7245.3  0.9653486609458923
7247.9  0.9559027552604675
7250.5  0.9477783441543579
7253.1  0.9427730441093444
7255.7  0.93682861328125
7258.3  0.9237814545631408
7260.9  0.9029884338378906
7263.5  0.8835238814353942
7266.1  0.8787759542465209
7268.7  0.8944776654243469
7271.3  0.9229719042778015
7273.9  0.950676143169403
7276.5  0.9691937565803527
7279.1  0.9782211184501647
7281.7  0.9811170697212219
7284.3  0.9807142615318298
7286.9  0.9785053133964538
7289.5  0.9755112528800964
7292.1  0.972678780555725
7294.7  0.9703589677810668
7297.3  0.9676542282104492
7299.9  0.9631004333496093
7302.5  0.9567099809646606
7305.1  0.9512997865676879
7307.7  0.9507918953895568
7310.3  0.9562538266181945
7312.9  0.9639396667480468
7315.5  0.9677082896232604
7318.1  0.9633980989456176
7320.7  0.9518528580665588
7323.3  0.9393588900566101
7325.9  0.9343263506889343
7328.5  0.9409559369087219
7331.1  0.9557558894157409
7333.7  0.9711824655532836
7336.3  0.9819371104240417
7338.9  0.9871867299079895
7341.5  0.9886670708656311
7344.1  0.9884102940559387
7346.7  0.9877521395683288
7349.3  0.9871525764465332
7351.9  0.9863494038581848
7354.5  0.9848708510398864
7357.1  0.9826236367225646
7359.7  0.9801042675971984
7362.3  0.9778186678886413
7364.9  0.9755685329437255
7367.5  0.972844123840332
7370.1  0.970123291015625
7372.7  0.9690613746643066
7375.3  0.9707618951797485
7377.9  0.9741643071174621
7380.5  0.9766271710395812
7383.1  0.9757474064826965
7385.7  0.970521867275238
7388.3  0.9619858860969543
7390.9  0.9537287354469299
7393.5  0.9503623843193054
7396.1  0.9534567594528198
7398.7  0.9589887857437133
7401.3  0.9601038694381713
7403.9  0.9529197216033935
7406.5  0.9400221705436706
7409.1  0.9285119175910949
7411.7  0.9238139986991882
7414.3  0.925204575061798
7416.9  0.9281768202781677
7419.5  0.9308148026466369
7422.1  0.9360293745994567
7424.7  0.946822702884674
7427.3  0.9613558650016784
7429.9  0.9740533828735351
7432.5  0.9799062609672546
7435.1  0.9762225747108459
7437.7  0.9625272154808044
7440.3  0.9421733021736145
7442.9  0.924038290977478
7445.5  0.9186005592346191
7448.1  0.9294065833091735
7450.7  0.9496440291404724
7453.3  0.9685972332954406
7455.9  0.9801965951919555
7458.5  0.984888732433319
7461.1  0.9859518408775329
7463.7  0.986001968383789
7466.3  0.9860444664955139
7468.9  0.9860201478004455
7471.5  0.9855120778083801
7474.1  0.9842724800109863
7476.7  0.9826065301895141
7479.3  0.981305181980133
7481.9  0.9805700182914733
7484.5  0.9784523844718933
7487.1  0.9712755680084228
7489.7  0.9576978087425231
7492.3  0.9430307745933532
7494.9  0.9370632767677307
7497.5  0.9451416730880737
7500.1  0.962449312210083
7502.7  0.9786792397499084
7505.3  0.9869582056999206
7507.9  0.987378180027008
7510.5  0.9842349290847778
7513.1  0.9818933010101318
7515.7  0.9824693202972412
7518.3  0.985574185848236
7520.9  0.9893608093261718
7523.5  0.9920799732208251
7526.1  0.9931378960609436
7528.7  0.9931082129478454
7531.3  0.9928404092788696
7533.9  0.9925699234008789
7536.5  0.9918874502182006
7539.1  0.9904887080192565
7541.7  0.988695740699768
7544.3  0.9871600270271301
7546.9  0.98622727394104
7549.5  0.9857714176177978
7552.1  0.9856351613998413
7554.7  0.9860462546348571
7557.3  0.9873657822608947
7559.9  0.9894902110099792
7562.5  0.9918240904808044
7565.1  0.9938284754753112
7567.7  0.9953179955482482
7570.3  0.9960991144180297
7572.9  0.9953656792640686
7575.5  0.9913352727890014
7578.1  0.9819058775901794
7580.7  0.9665128588676452
7583.3  0.9469728469848632
7585.9  0.9235731959342956
7588.5  0.8887802362442016
7591.1  0.8293532729148864
7593.7  0.7398406267166137
7596.3  0.6323580741882324
7598.9  0.5303131341934204
7601.5  0.4564899802207947
7604.1  0.4281978905200958
7606.7  0.4535025060176849
7609.3  0.523573875427246
7611.9  0.6113024950027465
7614.5  0.6809581518173217
7617.1  0.7008329033851623
7619.7  0.6566138863563537
7622.3  0.5642350316047668
7624.9  0.4672445356845856
7627.5  0.410023957490921
7630.1  0.4097948670387268
7632.7  0.4541636109352112
7635.3  0.5159788727760314
7637.9  0.5673022866249084
7640.5  0.5931356549263
7643.1  0.6024909615516662
7645.7  0.6204128265380859
7648.3  0.6633400321006774
7650.9  0.7246962189674377
7653.5  0.7838637828826904
7656.1  0.8225177526473999
7658.7  0.8331592679023742
7661.3  0.8219633698463439
7663.9  0.8077988624572753
7666.5  0.8118788003921508
7669.1  0.8413746356964111
7671.7  0.8844383358955383
7674.3  0.9238439202308654
7676.9  0.9519341588020324
7679.5  0.9709622263908386
7682.1  0.984592854976654
7684.7  0.9939440488815307
7687.3  0.9995045661926269
7689.9  1.002764582633972
7692.5  1.005304932594299
7695.1  1.007683992385864
7697.7  1.009567141532898
7700.3  1.010607242584229
7702.9  1.010858058929443
7705.5  1.010600447654724
7708.1  1.010059595108032
7710.7  1.009338855743408
7713.3  1.008431673049927
7715.9  1.007221937179565
7718.5  1.005577564239502
7721.1  1.003552794456482
7723.7  1.001484870910645
7726.3  0.9998350739479064
7728.9  0.9989179372787475
7731.5  0.9987539649009704
7734.1  0.9991174340248107
7736.7  0.9997148513793945
7739.3  1.000381112098694
7741.9  1.001109004020691
7744.5  1.001854658126831
7747.1  1.002415299415588
7749.7  1.002609729766846
7752.3  1.002501964569092
7754.9  1.002366423606873
7757.5  1.002496242523193
7760.1  1.00308084487915
7762.7  1.004140377044678
7765.3  1.005523324012756
7767.9  1.007036209106445
7770.5  1.008563041687012
7773.1  1.009867548942566
7775.7  1.010210514068604
7778.3  1.008188009262085
7780.9  1.002391457557678
7783.5  0.9931640028953552
7786.1  0.9841349124908447
7788.7  0.9806692600250244
7791.3  0.9852028489112854
7793.9  0.994696021080017
7796.5  1.003782391548157
7799.1  1.009499073028564
7801.7  1.012155532836914
7804.3  1.013104677200317
7806.9  1.013208150863647
7809.5  1.012921452522278
7812.1  1.01261043548584
7814.7  1.012448906898499
7817.3  1.012351274490357
7819.9  1.012124300003052
7822.5  1.011629939079285
7825.1  1.010778665542603
7827.7  1.009529232978821
7830.3  1.008034348487854
7832.9  1.006741881370545
7835.5  1.006144285202026
7838.1  1.006325244903565
7840.7  1.00686776638031
7843.3  1.00726842880249
7845.9  1.007344126701355
7848.5  1.00725519657135
7851.1  1.007275938987732
7853.7  1.007518887519836
7856.3  1.007731437683106
7858.9  1.007313370704651
7861.5  1.005692601203918
7864.1  1.002970933914185
7866.7  1.000214099884033
7869.3  0.9987673759460449
7871.9  0.9991289973258972
7874.5  1.000835537910461
7877.1  1.003418684005737
7879.7  1.006803274154663
7882.3  1.010706186294556
7884.9  1.014339447021484
7887.5  1.016935348510742
7890.1  1.018284201622009
7892.7  1.018774032592773
7895.3  1.019030332565308
7897.9  1.019369602203369
7900.5  1.019472002983093
7903.1  1.01866614818573
7905.7  1.016486525535583
7908.3  1.012914538383484
7910.9  1.008360981941223
7913.5  1.003556370735168
7916.1  0.9990864396095275
7918.7  0.99466073513031
7921.3  0.9889962673187255
7923.9  0.9807903170585632
7926.5  0.9695648550987243
7929.1  0.9557383060455322
7931.7  0.9412346482276916
7934.3  0.9309309720993041
7936.9  0.9313377141952514
7939.5  0.9448104500770568
7942.1  0.9658552408218383
7944.7  0.9855526685714721
7947.3  0.9988024234771728
7949.9  1.005998611450195
7952.5  1.009634494781494
7955.1  1.011435151100159
7957.7  1.012118935585022
7960.3  1.012194156646729
7962.9  1.01227879524231
7965.5  1.012848973274231
7968.1  1.013873815536499
7970.7  1.014910697937012
7973.3  1.015620946884155
7975.9  1.016231536865234
7978.5  1.017321467399597
7981.1  1.019007682800293
7983.7  1.020414471626282
7986.3  1.020207762718201
7988.9  1.017855525016785
7991.5  1.014417886734009
7994.1  1.011930346488953
7996.7  1.011741638183594
7999.3  1.013473749160767
8001.9  1.015622854232788
8004.5  1.016918778419495
8007.1  1.017010688781738
8009.7  1.016227722167969
8012.3  1.015033841133118
8014.9  1.013613224029541
8017.5  1.011661410331726
8020.1  1.008616805076599
8022.7  1.004527926445007
8025.3  1.000753164291382
8027.9  0.999222457408905
8030.5  1.00053334236145
8033.1  1.003130078315735
8035.7  1.004581689834595
8038.3  1.003320097923279
8040.9  0.9994491338729858
8043.5  0.9947922229766845
8046.1  0.9919873476028442
8048.7  0.9925859570503234
8051.3  0.9960126876831054
8053.9  1.000614523887634
8056.5  1.005102634429932
8059.1  1.008675217628479
8061.7  1.010650038719177
8064.3  1.010757803916931
8066.9  1.009675860404968
8069.5  1.008670210838318
8072.1  1.008305430412293
8074.7  1.007469058036804
8077.3  1.004040956497192
8079.9  0.9971497654914855
8082.5  0.9888912439346313
8085.1  0.9831061959266662
8087.7  0.9820367693901062
8090.3  0.9849533438682556
8092.9  0.9901477694511413
8095.5  0.996775209903717
8098.1  1.004290580749512
8100.7  1.011416912078857
8103.3  1.016481995582581
8105.9  1.018573999404907
8108.5  1.018236517906189
8111.1  1.016986727714539
8113.7  1.016065955162048
8116.3  1.01568341255188
8118.9  1.015441775321961
8121.5  1.015053391456604
8124.1  1.014262676239014
8126.7  1.012294292449951
8129.3  1.00812840461731
8131.9  1.001774430274963
8134.5  0.9947598576545715
8137.1  0.9887313246726989
8139.7  0.9837793707847595
8142.3  0.9786877632141113
8144.9  0.9727343320846557
8147.5  0.9669499993324279
8150.1  0.9635905623435974
8152.7  0.9643688201904296
8155.3  0.96901136636734
8157.9  0.9753057956695556
8160.5  0.9805861711502075
8163.1  0.9834910631179809
8165.7  0.9844799041748046
8168.3  0.9848935008049011
8170.9  0.9857826828956604
8173.5  0.9872967004776
8176.1  0.9886703491210937
8178.7  0.9887505173683166
8181.3  0.9868813157081604
8183.9  0.983497142791748
8186.5  0.9796639680862426
8189.1  0.975928783416748
8191.7  0.9723296165466308
8194.3  0.9698059558868408
8196.9  0.9703111052513122
8199.5  0.9746175408363342
8202.1  0.9806002974510192
8204.7  0.9843835830688476
8207.3  0.9833031892776489
8209.9  0.9775601625442504
8212.5  0.9693289399147033
8215.1  0.9613557457923889
8217.7  0.9569172263145446
8220.3  0.9594329595565795
8222.9  0.9697962403297424
8225.5  0.9845024347305297
8228.1  0.9981816411018371
8230.7  1.007521748542786
8233.3  1.011966586112976
8235.9  1.012040734291077
8238.5  1.008615732192993
8241.1  1.003556489944458
8243.7  0.9996825456619262
8246.3  0.9990697503089904
8248.9  1.00145423412323
8251.5  1.004741072654724
8254.1  1.007011771202087
8256.7  1.007672309875488
8259.3  1.006503462791443
8261.9  1.001866459846497
8264.5  0.9896213412284851
8267.1  0.9645271301269531
8269.7  0.9250811338424682
8272.3  0.8790073990821838
8274.9  0.8424797654151916
8277.5  0.830900490283966
8280.1  0.8489998579025268
8282.7  0.8884642124176025
8285.3  0.9331904649734497
8287.9  0.9678974747657775
8290.5  0.9846712350845336
8293.1  0.9838469624519348
8295.7  0.9714648723602294
8298.3  0.957344651222229
8300.9  0.9520591497421264
8303.5  0.9607405662536621
8306.1  0.9789861440658569
8308.7  0.996730089187622
8311.3  1.005225658416748
8313.9  1.000215649604797
8316.5  0.9819505214691162
8319.1  0.9556233882904052
8321.7  0.9308745265007019
8324.3  0.9174754619598388
8326.9  0.9194175601005554
8329.5  0.9329761266708374
8332.1  0.9508009552955627
8334.7  0.9676906466484069
8337.3  0.9820410013198852
8339.9  0.9935244917869567
8342.5  1.00187349319458
8345.1  1.007471203804016
8347.7  1.011139631271362
8350.3  1.013139367103577
8352.9  1.013068795204163
8355.5  1.011013507843018
8358.1  1.008404970169067
8360.7  1.00727641582489
8363.3  1.008380651473999
8365.9  1.010475277900696
8368.5  1.011878967285156
8371.1  1.012361288070679
8373.7  1.0130934715271
8376.3  1.014950513839722
8378.9  1.017358899116516
8381.5  1.018996596336365
8384.1  1.019247651100159
8386.7  1.018592119216919
8389.3  1.017895936965942
8391.9  1.017850279808044
8394.5  1.018903374671936
8397.1  1.021080613136292
8399.7  1.023738265037537
8402.3  1.02586305141449
8404.9  1.026774525642395
8407.5  1.02660882472992
8410.1  1.02621054649353
8412.7  1.026480436325073
8415.3  1.027684211730957
8417.9  1.029387593269348
8420.5  1.031059622764587
8423.1  1.032638788223267
8425.7  1.034332156181335
8428.3  1.035853505134583
8430.9  1.03600025177002
8433.5  1.033121943473816
8436.1  1.026019930839539
8438.7  1.014818549156189
8441.3  1.001859903335571
8443.9  0.9919027686119079
8446.5  0.9899075031280517
8449.1  0.9970720410346984
8451.7  1.009400010108948
8454.3  1.020977735519409
8456.9  1.0282222032547
8459.5  1.030911803245544
8462.1  1.030616164207459
8464.7  1.029102802276611
8467.3  1.027524828910828
8469.9  1.026042819023132
8472.5  1.024008870124817
8475.1  1.020879864692688
8477.7  1.01710307598114
8480.3  1.013925194740295
8482.9  1.011941909790039
8485.5  1.009756326675415
8488.1  1.004165410995483
8490.7  0.9922366142272949
8493.3  0.9745731949806213
8495.9  0.9572992324829101
8498.5  0.9492047429084777
8501.1  0.9548062682151794
8503.7  0.9703708291053771
8506.3  0.987579345703125
8508.9  1.000325798988342
8511.5  1.007665038108826
8514.1  1.011876702308655
8516.7  1.015138030052185
8519.3  1.017844438552857
8521.9  1.019006729125977
8524.5  1.017057776451111
8527.1  1.009155750274658
8529.7  0.9887689352035522
8532.3  0.9433708190917968
8534.9  0.8563654422760009
8537.5  0.7172658443450927
8540.1  0.5360251665115356
8542.7  0.3464047908782959
8545.3  0.1885946244001389
8547.9  0.08476106822490692
8550.5  0.03097157366573811
8553.1  0.009095706976950168
8555.7  0.002125305589288473
8558.3  3.879404393956065E-4
8560.9  4.993048423784785E-5
8563.5  0.
8566.1  0.
8568.7  0.
8571.3  0.
8573.9  0.
8576.5  0.
8579.1  0.
8581.7  0.
8584.3  0.
8586.9  0.
8589.5  0.
8592.1  0.
8594.7  0.
8597.3  0.
8599.9  0.
8602.5  0.
8605.1  0.
8607.7  0.
8610.3  0.
8612.9  0.
8615.5  0.
8618.1  0.
8620.7  0.
8623.3  0.
8625.9  0.
8628.5  0.
8631.1  0.
8633.7  0.
8636.3  0.
8638.9  0.
8641.5  2.955982199637219E-5
8644.1  2.550788922235370E-4
8646.7  0.001453399076126516
8649.3  0.006448968779295682
8651.9  0.02286504209041596
8654.5  0.06547292321920394
8657.1  0.1530300378799439
8659.7  0.2958438396453857
8662.3  0.4812958538532257
8664.9  0.6737706065177917
8667.5  0.8343371152877807
8670.1  0.9429051876068115
8672.7  1.002804160118103
8675.3  1.028886914253235
8677.9  1.034610390663147
8680.5  1.02779233455658
8683.1  1.013794660568237
8685.7  1.000036835670471
8688.3  0.9955086112022399
8690.9  1.004521489143372
8693.5  1.022621870040894
8696.1  1.040937066078186
8698.7  1.053665995597839
8701.3  1.060421943664551
8703.9  1.063434839248657
8706.5  1.064597964286804
8709.1  1.06469738483429
8711.7  1.063914179801941
8714.3  1.06233549118042
8716.9  1.060132145881653
8719.5  1.057481646537781
8722.1  1.054616212844849
8724.7  1.051894903182983
8727.3  1.049666523933411
8729.9  1.047998666763306
8732.5  1.04668653011322
8735.1  1.045493483543396
8737.7  1.044118165969849
8740.3  1.041951417922974
8742.9  1.038374066352844
8745.5  1.033729553222656
8748.1  1.029908895492554
8750.7  1.029382586479187
8753.3  1.033219575881958
8755.9  1.040168642997742
8758.5  1.047797203063965
8761.1  1.054198741912842
8763.7  1.05846118927002
8766.3  1.059365034103394
8768.9  1.052628636360169
8771.5  1.027771234512329
8774.1  0.9693025946617126
8776.7  0.8699278831481933
8779.3  0.7515829801559448
8781.9  0.6677910089492797
8784.5  0.6678115725517272
8787.1  0.7523376941680908
8789.7  0.8730177879333496
8792.3  0.9760323166847229
8794.9  1.037969350814819
8797.5  1.064364552497864
8800.1  1.069929718971252
8802.7  1.06634783744812
8805.3  1.061147332191467
8807.9  1.059008836746216
8810.5  1.061330080032349
8813.1  1.066102266311646
8815.7  1.070051312446594
8818.3  1.071385741233826
8820.9  1.070564270019531
8823.5  1.069128036499023
8826.1  1.068195104598999
8828.7  1.067848086357117
8831.3  1.067550539970398
8833.9  1.066869258880615
8836.5  1.065691709518433
8839.1  1.063955187797546
8841.7  1.061512351036072
8844.3  1.05833888053894
8846.9  1.054570198059082
8849.5  1.050061702728272
8852.1  1.044054985046387
8854.7  1.035776138305664
8857.3  1.025866627693176
8859.9  1.017218828201294
8862.5  1.01360833644867
8865.1  1.016695857048035
8867.7  1.024491429328918
8870.3  1.033184409141541
8872.9  1.040194630622864
8875.5  1.045242071151733
8878.1  1.04926872253418
8880.7  1.053168654441834
8883.3  1.057270646095276
8885.9  1.061268925666809
8888.5  1.064506769180298
8891.1  1.066627979278565
8893.7  1.067921280860901
8896.3  1.068993449211121
8898.9  1.070274949073792
8901.5  1.071804523468018
8904.1  1.073188543319702
8906.7  1.073629379272461
8909.3  1.071987986564636
8911.9  1.067082285881043
8914.5  1.058593392372131
8917.1  1.048291563987732
8919.7  1.039977073669434
8922.3  1.037282824516296
8924.9  1.041268944740295
8927.5  1.050081968307495
8930.1  1.060374855995178
8932.7  1.068971753120422
8935.3  1.074033498764038
8937.9  1.075478792190552
8940.5  1.074576020240784
8943.1  1.073025941848755
8945.7  1.072009921073914
8948.3  1.071633458137512
8950.9  1.070972800254822
8953.5  1.068621039390564
8956.1  1.063416719436646
8958.7  1.055271983146668
8961.3  1.045518755912781
8963.9  1.036043286323547
8966.5  1.027967810630798
8969.1  1.021868705749512
8971.7  1.018797874450684
8974.3  1.019321918487549
8976.9  1.020942091941834
8979.5  1.017843842506409
8982.1  1.004259467124939
8984.7  0.9791336059570312
8987.3  0.9491994380950927
8989.9  0.9277158379554748
8992.5  0.9264950156211853
8995.1  0.9451654553413391
8997.7  0.9686552286148071
9000.3  0.9781926870346069
9002.9  0.9663291573524475
9005.5  0.9426984190940856
9008.1  0.9257916212081909
9010.7  0.9275587797164916
9013.3  0.9451813697814941
9015.9  0.9673130512237548
9018.5  0.9854375123977661
9021.1  0.9984047412872314
9023.7  1.009521245956421
9026.3  1.02188766002655
9028.9  1.035236835479736
9031.5  1.045741081237793
9034.1  1.048381805419922
9036.7  1.04013979434967
9039.3  1.022941470146179
9041.9  1.00524628162384
9044.5  0.9984596371650695
9047.1  1.008208155632019
9049.7  1.029310464859009
9052.3  1.050928235054016
9054.9  1.065508365631104
9057.5  1.072088122367859
9060.1  1.073615074157715
9062.7  1.073136210441589
9065.3  1.071772336959839
9067.9  1.068867444992065
9070.5  1.063474416732788
9073.1  1.055895328521729
9075.7  1.048179268836975
9078.3  1.043133020401001
9080.9  1.042221426963806
9083.5  1.044380903244019
9086.1  1.047082304954529
9088.7  1.04787814617157
9091.3  1.045149683952332
9093.9  1.039317488670349
9096.5  1.033899903297424
9099.1  1.033285737037659
9101.7  1.038284540176392
9104.3  1.045309543609619
9106.9  1.050423502922058
9109.5  1.052498579025269
9112.1  1.052412152290344
9114.7  1.051183819770813
9117.3  1.049212694168091
9119.9  1.045422196388245
9122.5  1.03665554523468
9125.1  1.02021598815918
9127.7  0.9989969730377197
9130.3  0.9825850129127502
9132.9  0.9801988005638122
9135.5  0.9919756650924682
9138.1  1.00883948802948
9140.7  1.020530223846436
9143.3  1.021648287773132
9145.9  1.010201811790466
9148.5  0.9851620197296142
9151.1  0.9507080912590026
9153.7  0.9215007424354553
9156.3  0.9158511161804199
9158.9  0.9392769336700439
9161.5  0.9782935380935668
9164.1  1.012614846229553
9166.7  1.030248522758484
9169.3  1.030906677246094
9171.9  1.020928263664246
9174.5  1.007867097854614
9177.1  0.9969552755355834
9179.7  0.9901274442672729
9182.3  0.9885621070861816
9184.9  0.9948436617851257
9187.5  1.010078191757202
9190.1  1.030297875404358
9192.7  1.048658013343811
9195.3  1.060631155967712
9197.9  1.065460562705994
9200.5  1.064084887504578
9203.1  1.057779669761658
9205.7  1.048482179641724
9208.3  1.038930177688599
9210.9  1.031675577163696
9213.5  1.027694344520569
9216.1  1.025475740432739
9218.7  1.021442651748657
9221.3  1.012326717376709
9223.9  0.998404324054718
9226.5  0.984416127204895
9229.1  0.9761297702789306
9231.7  0.9754276275634765
9234.3  0.9796494841575622
9236.9  0.9860294461250305
9239.5  0.9947163462638854
9242.1  1.006153345108032
9244.7  1.017593502998352
9247.3  1.02455461025238
9249.9  1.025109529495239
9252.5  1.021418571472168
9255.1  1.017445206642151
9257.7  1.016083240509033
9260.3  1.018336653709412
9262.9  1.02409291267395
9265.5  1.032435655593872
9268.1  1.041401982307434
9270.7  1.048716425895691
9273.3  1.053184032440186
9275.9  1.054835796356201
9278.5  1.053952813148499
9281.1  1.05070173740387
9283.7  1.045714139938355
9286.3  1.040164828300476
9288.9  1.034191489219666
9291.5  1.024738073348999
9294.1  1.006053566932678
9296.7  0.9750643372535705
9299.3  0.9381043910980224
9301.9  0.9098608493804931
9304.5  0.9009198546409606
9307.1  0.9039220213890075
9309.7  0.8942711949348449
9312.3  0.848202109336853
9314.9  0.7643888592720031
9317.5  0.6710984110832214
9320.1  0.6116163730621337
9322.7  0.6172022819519042
9325.3  0.6861417293548583
9327.9  0.7841801643371582
9330.5  0.8665111660957336
9333.1  0.9024164080619812
9335.7  0.8833932280540466
9338.3  0.8187968134880065
9340.9  0.7341814041137695
9343.5  0.6676987409591674
9346.1  0.6489461064338684
9348.7  0.6724771857261657
9351.3  0.7019757032394409
9353.9  0.7067278623580932
9356.5  0.6868972778320312
9359.1  0.6609681248664855
9361.7  0.6388487815856933
9364.3  0.6173914074897766
9366.9  0.5991053581237792
9369.5  0.6018411517143249
9372.1  0.6417773365974426
9374.7  0.7113818526268005
9377.3  0.7811467051506042
9379.9  0.8241171836853027
9382.5  0.8369528651237487
9385.1  0.8389045596122741
9387.7  0.8528336286544799
9390.3  0.8837877511978149
9392.9  0.9140416979789733
9395.5  0.9213086366653442
9398.1  0.9012148976325988
9400.7  0.8682639002799987
9403.3  0.8366405963897705
9405.9  0.8093885779380798
9408.5  0.7892394661903381
9411.1  0.7883049845695495
9413.7  0.8155861496925354
9416.3  0.8605708479881286
9418.9  0.8993309736251831
9421.5  0.9153081178665161
9424.1  0.9101561903953552
9426.7  0.8989597558975219
9429.3  0.8977249264717102
9431.9  0.9105792045593261
9434.5  0.9262471199035644
9437.1  0.9293202757835388
9439.7  0.9161158204078674
9442.3  0.897871196269989
9444.9  0.886154294013977
9447.5  0.8762059807777404
9450.1  0.8489032983779907
9452.7  0.7909361124038696
9455.3  0.7084859013557434
9457.9  0.6193435192108154
9460.5  0.5394535064697265
9463.1  0.4839757978916168
9465.7  0.4742697179317474
9468.3  0.5277833938598632
9470.9  0.6351311206817626
9473.5  0.7574779987335205
9476.1  0.8543457984924316
9478.7  0.9104912877082824
9481.3  0.9355923533439636
9483.9  0.9461380839347839
9486.5  0.9506705999374389
9489.1  0.9480440020561218
9491.7  0.9343788623809814
9494.3  0.9103472828865051
9496.9  0.8832802176475524
9499.5  0.8653976321220397
9502.1  0.8676382899284362
9504.7  0.8881683349609375
9507.3  0.9059171676635742
9509.9  0.8922869563102722
9512.5  0.8333245515823364
9515.1  0.7415482401847839
9517.7  0.6481748819351196
9520.3  0.5861045122146606
9522.9  0.5773200392723083
9525.5  0.6261346936225891
9528.1  0.7159193158149719
9530.7  0.8144488334655761
9533.3  0.8895322084426879
9535.9  0.9238050580024719
9538.5  0.9179151058197021
9541.1  0.8843647241592407
9543.7  0.8389245271682739
9546.3  0.7930339574813842
9548.9  0.7514503598213195
9551.5  0.718452513217926
9554.1  0.7014331221580505
9556.7  0.7003216743469238
9559.3  0.6986114382743835
9561.9  0.6802871823310852
9564.5  0.6565679311752319
9567.1  0.6607571244239807
9569.7  0.7111193537712097
9572.3  0.7897372841835021
9574.9  0.8629176020622253
9577.5  0.9120060205459594
9580.1  0.9383496642112731
9582.7  0.9476756453514099
9585.3  0.9407246708869934
9587.9  0.918897271156311
9590.5  0.8919911384582519
9593.1  0.8753507137298583
9595.7  0.8788414597511291
9598.3  0.8995136022567749
9600.9  0.9230954647064208
9603.5  0.9280291199684143
9606.1  0.8890520930290222
9608.7  0.7876074314117431
9611.3  0.6315659880638122
9613.9  0.4670431911945343
9616.5  0.3592090606689453
9619.1  0.3497692048549652
9621.7  0.4309407770633698
9624.3  0.560412585735321
9626.9  0.6957870125770568
9629.5  0.8122329711914062
9632.1  0.8990536332130432
9634.7  0.9549587368965148
9637.3  0.9873309135437011
9639.9  1.006636261940002
9642.5  1.018068194389343
9645.1  1.020040273666382
9647.7  1.009395837783814
9650.3  0.9865489602088928
9652.9  0.957722783088684
9655.5  0.9339737892150878
9658.1  0.9253910183906555
9660.7  0.9328340888023376
9663.3  0.9460116624832153
9665.9  0.9531695246696472
9668.5  0.953245997428894
9671.1  0.9557980895042419
9673.7  0.9683831334114074
9676.3  0.9876849651336669
9678.9  1.004684686660767
9681.5  1.014438390731812
9684.1  1.01812756061554
9686.7  1.019046902656555
9689.3  1.019446730613709
9691.9  1.019734382629395
9694.5  1.019025087356567
9697.1  1.017082333564758
9699.7  1.01587975025177
9702.3  1.018182516098023
9704.9  1.024569630622864
9707.5  1.032710671424866
9710.1  1.039736986160278
9712.7  1.044448375701904
9715.3  1.047016501426697
9717.9  1.047407388687134
9720.5  1.044915080070496
9723.1  1.039314270019531
9725.7  1.032070279121399
9728.3  1.025439023971558
9730.9  1.019537568092346
9733.5  1.010325908660889
9736.1  0.9921737909317016
9738.7  0.9642741084098815
9741.3  0.9346178770065307
9743.9  0.9143165349960327
9746.5  0.9059910178184509
9749.1  0.9019483923912048
9751.7  0.896264910697937
9754.3  0.8910135030746459
9756.9  0.8831151723861694
9759.5  0.851931869983673
9762.1  0.7741006016731262
9764.7  0.6564984321594238
9767.3  0.5480148196220397
9769.9  0.5074332952499389
9772.5  0.5541246533393859
9775.1  0.6530960202217102
9777.7  0.749901533126831
9780.3  0.8158776760101318
9782.9  0.8583143949508666
9785.5  0.8949988484382629
9788.1  0.9305160641670227
9790.7  0.9582790732383728
9793.3  0.9744324088096618
9795.9  0.9820417761802673
9798.5  0.9856711030006408
9801.1  0.9878867864608764
9803.7  0.9898719787597656
9806.3  0.9916900396347045
9808.9  0.9922094941139221
9811.5  0.991090714931488
9814.1  0.9902697801589965
9816.7  0.9918277263641357
9819.3  0.9950534701347351
9821.9  0.9974840283393859
9824.5  0.9985153079032897
9827.1  1.000309109687805
9829.7  1.004918456077576
9832.3  1.011770486831665
9834.9  1.018377184867859
9837.5  1.022560834884644
9840.1  1.023455500602722
9842.7  1.02128267288208
9845.3  1.017071008682251
9847.9  1.012409210205078
9850.5  1.008769869804382
9853.1  1.006765842437744
9855.7  1.005981206893921
9858.3  1.005420446395874
9860.9  1.004191398620606
9863.5  1.002036571502686
9866.1  0.9994632601737976
9868.7  0.997330904006958
9871.3  0.9962199926376342
9873.9  0.9961349368095397
9876.5  0.9966102242469787
9879.1  0.9969446063041687
9881.7  0.9965180158615112
9884.3  0.9952473640441894
9886.9  0.9937884211540222
9889.5  0.9930607080459594
9892.1  0.9935150742530822
9894.7  0.9949436783790588
9897.3  0.9968130588531494
9899.9  0.9985422492027282
9902.5  0.9994731545448303
9905.1  0.9988284111022949
9907.7  0.9953005909919738
9910.3  0.9852432012557983
9912.9  0.9593327641487121
9915.5  0.9023782610893249
9918.1  0.8047574162483215
9920.7  0.683194875717163
9923.3  0.5866351127624511
9925.9  0.5662820935249328
9928.5  0.6324338316917419
9931.1  0.7462615966796875
9933.7  0.854851484298706
9936.3  0.9282644391059875
9938.9  0.9661607146263122
9941.5  0.9821155071258544
9944.1  0.9885579943656921
9946.7  0.9919840693473815
9949.3  0.994652509689331
9951.9  0.9968467354774475
9954.5  0.9976189732551574
9957.1  0.9956231117248535
9959.7  0.9909382462501525
9962.3  0.9857876896858215
9964.9  0.9826599359512329
9967.5  0.982099175453186
9970.1  0.9828929305076599
9972.7  0.9836699962615966
9975.3  0.9836655855178833
9977.9  0.9826822876930236
9980.5  0.9809975028038024
9983.1  0.9781732559204101
9985.7  0.9699302911758422
9988.3  0.9442225694656372
9990.9  0.880983829498291
9993.5  0.7617840766906738
9996.1  0.5882297754287719
