3501.3  0.322649210691452
3503.9  0.4133568406105042
3506.5  0.470867395401001
3509.1  0.4962488412857056
3511.7  0.5023463368415832
3514.3  0.5011318325996398
3516.9  0.4972695112228394
3519.5  0.4906177818775177
3522.1  0.4823673069477081
3524.7  0.4774430394172669
3527.3  0.4807918667793274
3529.9  0.4926601350307465
3532.5  0.50864177942276
3535.1  0.5235756635665893
3537.7  0.5344969034194946
3540.3  0.5409797430038452
3542.9  0.5444698929786682
3545.5  0.5472961664199829
3548.1  0.5510680675506591
3550.7  0.5554038286209106
3553.3  0.558439552783966
3555.9  0.5582425594329833
3558.5  0.5533812642097473
3561.1  0.5431283116340637
3563.7  0.5285715460777282
3566.3  0.5132315158843994
3568.9  0.500851571559906
3571.5  0.4920911192893982
3574.1  0.4843493103981018
3576.7  0.4750288128852844
3579.3  0.464536726474762
3581.9  0.4564253985881805
3584.5  0.45509472489357
3587.1  0.463128536939621
3589.7  0.4795688688755035
3592.3  0.4994492530822754
3594.9  0.5156010389328002
3597.5  0.5226945281028747
3600.1  0.5205684304237365
3602.7  0.5135955810546875
3605.3  0.5067562460899353
3607.9  0.5024263262748718
3610.5  0.5005485415458679
3613.1  0.5006124377250671
3615.7  0.5027892589569091
3618.3  0.5075325965881347
3620.9  0.5140436887741088
3623.5  0.5191078186035156
3626.1  0.5188928842544555
3628.7  0.5132996439933776
3631.3  0.5075281262397766
3633.9  0.5074878334999084
3636.5  0.5139456987380981
3639.1  0.5225123763084411
3641.7  0.5287607312202453
3644.3  0.5319398045539855
3646.9  0.5343444943428039
3649.5  0.5387897491455078
3652.1  0.5465932488441467
3654.7  0.5564244985580444
3657.3  0.5648176670074462
3659.9  0.5686704516410827
3662.5  0.5675411820411682
3665.1  0.5635362863540649
3667.7  0.5590899586677551
3670.3  0.554616093635559
3672.9  0.5482834577560424
3675.5  0.5388097763061523
3678.1  0.5283563137054443
3680.7  0.5215023756027221
3683.3  0.5216391086578369
3685.9  0.5293671488761901
3688.5  0.543093204498291
3691.1  0.5592761635780334
3693.7  0.5727060437202453
3696.3  0.5781589746475219
3698.9  0.5728858709335327
3701.5  0.558943748474121
3704.1  0.5440610647201538
3706.7  0.5382999777793884
3709.3  0.5468569993972778
3711.9  0.5647848844528198
3714.5  0.57965749502182
3717.1  0.5816304087638854
3719.7  0.5723772644996643
3722.3  0.562788963317871
3724.9  0.5603752136230468
3727.5  0.5609377026557922
3730.1  0.5553120970726013
3732.7  0.5429079532623291
3735.3  0.5342150330543518
3737.9  0.538197636604309
3740.5  0.5506630539894104
3743.1  0.559060513973236
3745.7  0.557964265346527
3748.3  0.5558427572250366
3750.9  0.5650471448898315
3753.5  0.5873752236366271
3756.1  0.6122964620590209
3758.7  0.6280514597892761
3761.3  0.6303958892822265
3763.9  0.6214808821678161
3766.5  0.6068584322929382
3769.1  0.5959982275962829
3771.7  0.6002717614173889
3774.3  0.6253663897514343
3776.9  0.6657110452651977
3779.5  0.7071186900138854
3782.1  0.7343721389770507
3784.7  0.7380940914154052
3787.3  0.717935562133789
3789.9  0.6810584068298339
3792.5  0.6387585997581481
3795.1  0.6050043702125549
3797.7  0.5940080881118774
3800.3  0.6127862930297851
3802.9  0.6547644734382629
3805.5  0.7031096220016479
3808.1  0.7412599921226501
3810.7  0.7610396742820739
3813.3  0.7638660669326782
3815.9  0.7562684416770935
3818.5  0.7432265281677246
3821.1  0.7245474457740783
3823.7  0.6969016790390014
3826.3  0.6585093140602111
3828.9  0.6122600436210632
3831.5  0.5666426420211791
3834.1  0.5350497364997863
3836.7  0.5315150618553161
3839.3  0.5625125765800476
3841.9  0.6215792894363403
3844.5  0.6930372714996337
3847.1  0.7608534693717956
3849.7  0.8138775825500488
3852.3  0.8462224006652832
3854.9  0.8580921292304992
3857.5  0.8569375872611999
3860.1  0.8535141944885253
3862.7  0.853441298007965
3865.3  0.8536170721054077
3867.9  0.8480114936828613
3870.5  0.8352579474449157
3873.1  0.8188424110412597
3875.7  0.800730288028717
3878.3  0.7767598628997802
3880.9  0.7400407195091247
3883.5  0.6903734803199768
3886.1  0.6401326060295104
3888.7  0.6084555983543395
3891.3  0.6076782941818237
3893.9  0.6352180242538452
3896.5  0.6773695945739746
3899.1  0.719185471534729
3901.7  0.7522304058074951
3904.3  0.7763547301292419
3906.9  0.7952996492385864
3909.5  0.8102650046348571
3912.1  0.8186716437339782
3914.7  0.8185301423072814
3917.3  0.8103104829788208
3919.9  0.7922488451004028
3922.5  0.7562774419784545
3925.1  0.6932634711265563
3927.7  0.6057801246643066
3930.3  0.51611989736557
3932.9  0.458256870508194
3935.5  0.4565638601779938
3938.1  0.5086893439292907
3940.7  0.5882311463356018
3943.3  0.6640578508377075
3945.9  0.7178705334663391
3948.5  0.7470482587814331
3951.1  0.7564330697059631
3953.7  0.7497650384902954
3956.3  0.7260759472846984
3958.9  0.6812641024589538
3961.5  0.6146289706230163
3964.1  0.5371156334877014
3966.7  0.4728767275810242
3969.3  0.4484634101390839
3971.9  0.4759736061096191
3974.5  0.5447601079940795
3977.1  0.6291515231132507
3979.7  0.7046976089477539
3982.3  0.7599711418151855
3984.9  0.7973653078079223
3987.5  0.8252694010734558
3990.1  0.8494228720664978
3992.7  0.8704593181610107
3995.3  0.8873067498207092
3997.9  0.9001426100730895
4000.5  0.9100701808929443
4003.1  0.9188505411148071
4005.7  0.9294256567955017
4008.3  0.9439358115196228
4010.9  0.960894227027893
4013.5  0.9764285683631896
4016.1  0.9880915284156799
4018.7  0.9957120418548583
4021.3  0.9987618327140808
4023.9  0.9949293136596679
4026.5  0.9829501509666442
4029.1  0.9667878746986389
4031.7  0.9550578594207763
4034.3  0.9540911316871643
4036.9  0.961756408214569
4039.5  0.9699277877807617
4042.1  0.9724994301795959
4044.7  0.9688741564750671
4047.3  0.960476815700531
4049.9  0.9478229880332946
4052.5  0.9325739741325378
4055.1  0.9194949269294738
4057.7  0.9131602644920349
4060.3  0.9133040904998779
4062.9  0.9154813289642333
4065.5  0.9159604310989379
4068.1  0.9138768315315246
4070.7  0.9090432524681091
4073.3  0.9008480310440063
4075.9  0.8905867338180541
4078.5  0.8823003768920898
4081.1  0.8791156411170959
4083.7  0.8796326518058776
4086.3  0.8781468272209167
4088.9  0.8668078780174255
4091.5  0.8381304740905761
4094.1  0.7893929481506347
4096.7  0.7282845377922058
4099.3  0.6740333437919616
4101.9  0.6488354206085205
4104.5  0.663573145866394
4107.1  0.7107700109481811
4109.7  0.7715961337089538
4112.3  0.8283655643463134
4114.9  0.8710946440696716
4117.5  0.8973468542098999
4120.1  0.9100231528282165
4122.7  0.9143441915512084
4125.3  0.9148122072219848
4127.9  0.9145916700363159
4130.5  0.9169039726257324
4133.1  0.9245182871818542
4135.7  0.9370976090431213
4138.3  0.9509720802307128
4140.9  0.9630217552185058
4143.5  0.9734511375427246
4146.1  0.983219027519226
4148.7  0.9904006123542785
4151.3  0.9915189146995544
4153.9  0.9862046837806701
4156.5  0.9787768721580505
4159.1  0.974595308303833
4161.7  0.9748674631118774
4164.3  0.9748294353485107
4166.9  0.9676019549369812
4169.5  0.9509129524230957
4172.1  0.9300469160079956
4174.7  0.9134200811386108
4177.3  0.9058462977409362
4179.9  0.9071729779243469
4182.5  0.9161211252212524
4185.1  0.9325131773948669
4187.7  0.9547616243362426
4190.3  0.9771375060081481
4192.9  0.9921002388000488
4195.5  0.9961623549461364
4198.1  0.9925925731658935
4200.7  0.9880575537681579
4203.3  0.987255036830902
4205.9  0.9902585744857788
4208.5  0.9936495423316955
4211.1  0.9940642118453979
4213.7  0.9913490414619445
4216.3  0.9877780079841613
4218.9  0.984129786491394
4221.5  0.9791558384895324
4224.1  0.9740638732910156
4226.7  0.9734292030334472
4229.3  0.9785660505294799
4231.9  0.9839937090873718
4234.5  0.9841409921646118
4237.1  0.9802046418190002
4239.7  0.9771104454994201
4242.3  0.9767800569534301
4244.9  0.9777413606643676
4247.5  0.9790379405021667
4250.1  0.9808232188224792
4252.7  0.9822444319725036
4255.3  0.9823356866836547
4257.9  0.982816994190216
4260.5  0.9870726466178894
4263.1  0.9955794215202331
4265.7  1.0042964220047
4268.3  1.00868833065033
4270.9  1.008109331130982
4273.5  1.005193591117859
4276.1  1.001714587211609
4278.7  0.9961277842521667
4281.3  0.9853981137275695
4283.9  0.9687826037406921
4286.5  0.9492778778076171
4289.1  0.9311711192131042
4291.7  0.9162744879722595
4294.3  0.9032763838768005
4296.9  0.8913637399673461
4299.5  0.8831496238708496
4302.1  0.8821178078651428
4304.7  0.8879918456077575
4307.3  0.8970379829406738
4309.9  0.9064523577690124
4312.5  0.9161231517791748
4315.1  0.9256581664085388
4317.7  0.9313597679138183
4320.3  0.9279690980911254
4322.9  0.9138486385345458
4325.5  0.892455518245697
4328.1  0.8667973279953002
4330.7  0.8338361382484436
4333.3  0.7880612611770629
4335.9  0.7326346635818481
4338.5  0.6853516697883605
4341.1  0.6689518690109252
4343.7  0.692537784576416
4346.3  0.7440195679664611
4348.9  0.8020194768905639
4351.5  0.8523604273796081
4354.1  0.8923802971839904
4356.7  0.924614131450653
4359.3  0.9506772756576538
4361.9  0.9695748686790466
4364.5  0.9789690971374511
4367.1  0.9781202673912048
4369.7  0.9703574180603027
4372.3  0.9621962308883666
4374.9  0.9588780999183654
4377.5  0.9601778984069824
4380.1  0.9615651369094848
4382.7  0.9604687690734863
4385.3  0.9596946835517883
4387.9  0.9630185961723327
4390.5  0.9694780707359313
4393.1  0.9747294783592224
4395.7  0.9765973687171936
4398.3  0.976699411869049
4400.9  0.9773752689361572
4403.5  0.9793652296066284
4406.1  0.9823808670043945
4408.7  0.9859628677368164
4411.3  0.9892501235008239
4413.9  0.9917885661125183
4416.5  0.9951192736625671
4419.1  1.001618385314941
4421.7  1.01112961769104
4424.3  1.020331263542175
4426.9  1.02551794052124
4429.5  1.025345206260681
4432.1  1.021384239196777
4434.7  1.016312122344971
4437.3  1.011067390441895
4439.9  1.004457712173462
4442.5  0.9959199428558349
4445.1  0.9866920709609985
4447.7  0.9773423075675964
4450.3  0.9665638804435729
4452.9  0.9542875885963439
4455.5  0.9443014860153198
4458.1  0.9414829015731811
4460.7  0.9469667077064514
4463.3  0.9576991200447082
4465.9  0.9700611233711242
4468.5  0.9821500182151794
4471.1  0.9924355745315551
4473.7  0.9980242848396301
4476.3  0.9963448047637939
4478.9  0.9887880086898803
4481.5  0.9806165099143981
4484.1  0.9759469628334045
4486.7  0.9744078516960144
4489.3  0.9739636778831481
4491.9  0.9747730493545532
4494.5  0.9787035584449768
4497.1  0.9869435429573059
4499.7  0.9993914365768432
4502.3  1.014784574508667
4504.9  1.030110716819763
4507.5  1.040990948677063
4510.1  1.044232487678528
4512.7  1.039952158927918
4515.3  1.030735373497009
4517.9  1.018996477127075
4520.5  1.00563657283783
4523.1  0.9910821318626403
4525.7  0.9768446087837219
4528.3  0.9657904505729675
4530.9  0.9610295295715332
4533.5  0.964064598083496
4536.1  0.9731966257095336
4538.7  0.9836938977241516
4541.3  0.9904764294624328
4543.9  0.9914342761039733
4546.5  0.9884143471717834
4549.1  0.9852594137191772
4551.7  0.9852107763290405
4554.3  0.9897743463516235
4556.9  0.99855637550354
4559.5  1.009120225906372
4562.1  1.017877459526062
4564.7  1.022385478019714
4567.3  1.022703647613525
4569.9  1.020459651947022
4572.5  1.016840696334839
4575.1  1.011316299438477
4577.7  1.00255274772644
4580.3  0.991104245185852
4582.9  0.980285108089447
4585.5  0.9733422994613647
4588.1  0.9706445336341857
4590.7  0.9705771803855895
4593.3  0.9722779989242553
4595.9  0.9763702154159545
4598.5  0.983591079711914
4601.1  0.9934980869293212
4603.7  1.004053831100464
4606.3  1.012086749076843
4608.9  1.014833092689514
4611.5  1.011911273002625
4614.1  1.005974531173706
4616.7  1.000998735427856
4619.3  0.9992537498474121
4621.9  0.9996733665466308
4624.5  0.9993622303009033
4627.1  0.996640920639038
4629.7  0.9923068881034851
4632.3  0.9883832335472106
4634.9  0.9865071773529052
4637.5  0.9870309829711914
4640.1  0.9886670112609863
4642.7  0.9894555211067199
4645.3  0.988921046257019
4647.9  0.9885960817337036
4650.5  0.9898475408554077
4653.1  0.9921092391014099
4655.7  0.9935174584388732
4658.3  0.9919163584709167
4660.9  0.985372245311737
4663.5  0.9738558530807495
4666.1  0.9610601663589477
4668.7  0.9527705311775207
4671.3  0.9522131085395812
4673.9  0.9576426148414611
4676.5  0.9650527238845825
4679.1  0.9722999930381774
4681.7  0.9796563386917114
4684.3  0.9873287081718444
4686.9  0.9943267107009887
4689.5  0.9997221231460571
4692.1  1.003283858299255
4694.7  1.004456877708435
4697.3  1.002295613288879
4699.9  0.9970879554748535
4702.5  0.9910396933555603
4705.1  0.9868080615997314
4707.7  0.9860663414001464
4710.3  0.9894172549247741
4712.9  0.9966239929199218
4715.5  1.006385087966919
4718.1  1.016024112701416
4720.7  1.021915555000305
4723.3  1.021347284317017
4725.9  1.015036106109619
4728.5  1.007765412330628
4731.1  1.00545084476471
4733.7  1.010796666145325
4736.3  1.021851539611816
4738.9  1.034461140632629
4741.5  1.04519534111023
4744.1  1.052101135253906
4746.7  1.054210066795349
4749.3  1.051521182060242
4751.9  1.045172572135925
4754.5  1.036897897720337
4757.1  1.02808952331543
4759.7  1.019684433937073
4762.3  1.013066053390503
4764.9  1.010318160057068
4767.5  1.012853503227234
4770.1  1.020083427429199
4772.7  1.029675960540772
4775.3  1.038811206817627
4777.9  1.045498728752136
4780.5  1.04942786693573
4783.1  1.051661252975464
4785.7  1.053636193275452
4788.3  1.05662477016449
4790.9  1.061180710792542
4793.5  1.066105961799622
4796.1  1.068709969520569
4798.7  1.067057371139526
4801.3  1.061676263809204
4803.9  1.054906725883484
4806.5  1.049346566200256
4809.1  1.04676616191864
4811.7  1.047191262245178
4814.3  1.048292756080627
4816.9  1.046316027641296
4819.5  1.038734078407288
4822.1  1.026613354682922
4824.7  1.014124155044556
4827.3  1.005312919616699
4829.9  1.001287937164307
4832.5  1.000176906585693
4835.1  0.9991055727005004
4837.7  0.9962048530578613
4840.3  0.9910251498222351
4842.9  0.9829828143119812
4845.5  0.9695238471031188
4848.1  0.9461846947669982
4850.7  0.9085663557052612
4853.3  0.8555610179901123
4855.9  0.7932907342910766
4858.5  0.7368940114974975
4861.1  0.7051349878311157
4863.7  0.7085046768188476
4866.3  0.7413625121116638
4868.9  0.7871838808059692
4871.5  0.8311778306961059
4874.1  0.8671211004257202
4876.7  0.8948934078216552
4879.3  0.915644884109497
4881.9  0.9301771521568298
4884.5  0.9401249885559082
4887.1  0.9489957690238952
4889.7  0.9609765410423278
4892.3  0.9778239130973815
4894.9  0.9968944191932678
4897.5  1.012949824333191
4900.1  1.022096991539001
4902.7  1.023700833320618
4905.3  1.019495487213135
4907.9  1.012177705764771
4910.5  1.004081130027771
4913.1  0.9956685900688171
4915.7  0.9860442280769348
4918.3  0.9761230945587158
4920.9  0.9699375629425048
4923.5  0.9708389639854431
4926.1  0.9772696495056152
4928.7  0.9840757846832275
4931.3  0.9879539012908935
4933.9  0.9906421899795532
4936.5  0.9967114925384521
4939.1  1.008789777755737
4941.7  1.024860739707947
4944.3  1.039829611778259
4946.9  1.049326777458191
4949.5  1.052050352096558
4952.1  1.049723625183106
4954.7  1.046092748641968
4957.3  1.044831871986389
4959.9  1.046511650085449
4962.5  1.048076748847961
4965.1  1.046520948410034
4967.7  1.042332887649536
4970.3  1.037992119789124
4972.9  1.03366482257843
4975.5  1.026123762130737
4978.1  1.012918949127197
4980.7  0.9970595240592956
4983.3  0.9860059022903442
4985.9  0.9851094484329223
4988.5  0.9927356839179992
4991.1  1.002285838127136
4993.7  1.007601976394653
4996.3  1.005857467651367
4998.9  0.9975956082344055
5001.5  0.9860883355140686
5004.1  0.9756755828857421
5006.7  0.9688906073570251
5009.3  0.9649051427841186
5011.9  0.9614513516426086
5014.5  0.9581883549690246
5017.1  0.9575524926185607
5019.7  0.9623610377311706
5022.3  0.973029613494873
5024.9  0.9870117902755737
5027.5  1.00032639503479
5030.1  1.009250521659851
5032.7  1.011347413063049
5035.3  1.00662899017334
5037.9  0.9984041452407836
5040.5  0.9918627142906188
5043.1  0.9903858304023742
5045.7  0.9932959079742431
5048.3  0.9979943037033081
5050.9  1.003614187240601
5053.5  1.011255502700806
5056.1  1.020925521850586
5058.7  1.029724955558777
5061.3  1.033788084983826
5063.9  1.031738519668579
5066.5  1.025797724723816
5069.1  1.01922595500946
5071.7  1.013059973716736
5074.3  1.006123900413513
5076.9  0.9981813430786132
5079.5  0.9920015931129455
5082.1  0.9914939403533935
5084.7  0.997845709323883
5087.3  1.007787942886353
5089.9  1.01556408405304
5092.5  1.016829252243042
5095.1  1.011705279350281
5097.7  1.004715323448181
5100.3  1.000986933708191
5102.9  1.002038836479187
5105.5  1.005942940711975
5108.1  1.01108455657959
5110.7  1.017570734024048
5113.3  1.024713397026062
5115.9  1.029365301132202
5118.5  1.028019189834595
5121.1  1.02005922794342
5123.7  1.008530616760254
5126.3  0.9978508949279785
5128.9  0.9907057285308837
5131.5  0.9869364500045776
5134.1  0.9850746989250183
5136.7  0.9843646883964538
5139.3  0.9850568771362304
5141.9  0.9872251749038696
5144.5  0.9900901317596435
5147.1  0.9926696419715881
5149.7  0.994688332080841
5152.3  0.9964026808738708
5154.9  0.9973459243774414
5157.5  0.9950867891311645
5160.1  0.9858547449111938
5162.7  0.9676024913787841
5165.3  0.94350266456604
5167.9  0.9223670959472656
5170.5  0.9139477610588073
5173.1  0.9213572144508361
5175.7  0.9373815059661865
5178.3  0.9499991536140441
5180.9  0.9529746174812316
5183.5  0.9501945972442626
5186.1  0.9492501616477966
5188.7  0.9529726505279541
5191.3  0.9586111903190612
5193.9  0.9630573987960815
5196.5  0.9661036729812622
5199.1  0.9687401056289672
5201.7  0.9707496762275695
5204.3  0.9714078307151794
5206.9  0.9714632630348205
5209.5  0.9727001190185546
5212.1  0.9757502079010009
5214.7  0.9793720245361328
5217.3  0.9812778234481811
5219.9  0.9787761569023132
5222.5  0.9702298045158386
5225.1  0.9578296542167663
5227.7  0.9477200508117675
5230.3  0.9454553723335266
5232.9  0.9518616795539855
5235.5  0.9638475775718688
5238.1  0.9775733351707458
5240.7  0.9899488091468811
5243.3  0.9987049102783203
5245.9  1.00272274017334
5248.5  1.002542614936829
5251.1  0.9998013973236083
5253.7  0.9952164888381958
5256.3  0.987091064453125
5258.9  0.9728721976280212
5261.5  0.9531608819961547
5264.1  0.9336374998092651
5266.7  0.921651542186737
5269.3  0.9206000566482543
5271.9  0.9282841682434082
5274.5  0.9401317238807678
5277.1  0.9527500867843627
5279.7  0.9650067090988159
5282.3  0.9774842262268066
5284.9  0.9908950924873352
5287.5  1.003825664520264
5290.1  1.012492418289185
5292.7  1.013909339904785
5295.3  1.009181976318359
5297.9  1.002931475639343
5300.5  0.9995015859603881
5303.1  1.00002908706665
5305.7  1.002759456634522
5308.3  1.005174398422241
5310.9  1.005644202232361
5313.5  1.003887057304382
5316.1  1.000426411628723
5318.7  0.9954227209091186
5321.3  0.9883488416671752
5323.9  0.9796047210693359
5326.5  0.9721347689628601
5329.1  0.9698249101638793
5331.7  0.973617672920227
5334.3  0.9803261160850524
5336.9  0.9859936237335205
5339.5  0.9892964959144592
5342.1  0.9912540316581726
5344.7  0.9932702183723449
5347.3  0.9965199828147888
5349.9  1.001826763153076
5352.5  1.008448958396912
5355.1  1.013254761695862
5357.7  1.012396812438965
5360.3  1.004419326782227
5362.9  0.9919667840003967
5365.5  0.9805348515510559
5368.1  0.9752602577209472
5370.7  0.9779288172721862
5373.3  0.985932171344757
5375.9  0.9941619634628295
5378.5  0.9989956021308898
5381.1  1.000709772109985
5383.7  1.00153923034668
5386.3  1.002077221870422
5388.9  1.000829100608826
5391.5  0.9967249035835266
5394.1  0.9903517365455627
5396.7  0.9826575517654418
5399.3  0.9739938974380493
5401.9  0.9651745557785034
5404.5  0.9585210084915161
5407.1  0.9567492008209228
5409.7  0.9608097076416015
5412.3  0.9691929817199707
5414.9  0.9788360595703125
5417.5  0.9864274859428405
5420.1  0.9898408651351928
5422.7  0.9893488883972167
5425.3  0.9872750639915466
5427.9  0.9862232208251953
5430.5  0.987828254699707
5433.1  0.9925839900970458
5435.7  0.9995334148406982
5438.3  1.005999207496643
5440.9  1.008928060531616
5443.5  1.007502913475037
5446.1  1.00390350818634
5448.7  1.000781774520874
5451.3  0.9986892938613891
5453.9  0.9967559576034545
5456.5  0.9946992397308349
5459.1  0.993056833744049
5461.7  0.9924678802490234
5464.3  0.9935114979743957
5466.9  0.9958446621894836
5469.5  0.9972298741340637
5472.1  0.9952856302261352
5474.7  0.990823209285736
5477.3  0.9878170490264892
5479.9  0.9893615245819091
5482.5  0.9947380423545837
5485.1  1.000835061073303
5487.7  1.005147337913513
5490.3  1.006802678108215
5492.9  1.005849242210388
5495.5  1.00274920463562
5498.1  0.998384416103363
5500.7  0.9938858747482299
5503.3  0.9902678132057189
5505.9  0.9882625341415405
5508.5  0.9884455800056457
5511.1  0.9913703799247741
5513.7  0.9970307946205139
5516.3  1.00387966632843
5518.9  1.00885534286499
5521.5  1.009292960166931
5524.1  1.005311608314514
5526.7  1.000218987464905
5529.3  0.998014211654663
5531.9  1.000162243843079
5534.5  1.004841446876526
5537.1  1.009033083915711
5539.7  1.010878801345825
5542.3  1.010507345199585
5544.9  1.009325504302979
5547.5  1.008475065231323
5550.1  1.007808804512024
5552.7  1.006484150886536
5555.3  1.004190325737
5557.9  1.001339912414551
5560.5  0.9984479546546936
5563.1  0.9958391785621643
5565.7  0.9937202334403991
5568.3  0.9923972487449645
5570.9  0.99259614944458
5573.5  0.9951105713844299
5576.1  0.9994094371795654
5578.7  1.002871870994568
5581.3  1.002327799797058
5583.9  0.9967499375343322
5586.5  0.9883418083190917
5589.1  0.9808003306388854
5591.7  0.9763165712356567
5594.3  0.9743002653121948
5596.9  0.9732170701026916
5599.5  0.9733175635337829
5602.1  0.9766015410423278
5604.7  0.9836916923522949
5607.3  0.9917759895324707
5609.9  0.9967169761657714
5612.5  0.997010052204132
5615.1  0.9949159622192382
5617.7  0.9937528371810913
5620.3  0.9949458837509155
5622.9  0.9980040788650512
5625.5  1.00205409526825
5628.1  1.006065726280212
5630.7  1.008273601531982
5633.3  1.007148623466492
5635.9  1.003254413604736
5638.5  0.9992128014564514
5641.1  0.9973551034927368
5643.7  0.997545301914215
5646.3  0.9972952008247375
5648.9  0.9937542676925659
5651.5  0.9857628941535949
5654.1  0.9747929573059082
5656.7  0.9644775390625
5659.3  0.9587329626083374
5661.9  0.9594085812568664
5664.5  0.9655004739761352
5667.1  0.9744936823844909
5669.7  0.9838643074035644
5672.3  0.9913715720176696
5674.9  0.9951350092887878
5677.5  0.9943622946739196
5680.1  0.9900571107864379
5682.7  0.984783113002777
5685.3  0.9814065694808959
5687.9  0.9814863801002502
5690.5  0.9843440055847167
5693.1  0.9875992536544799
5695.7  0.988716721534729
5698.3  0.9862458109855651
5700.9  0.9801211953163146
5703.5  0.9716158509254455
5706.1  0.9633324742317199
5708.7  0.9585585594177246
5711.3  0.9595528244972229
5713.9  0.9660341143608093
5716.5  0.975583016872406
5719.1  0.9855270981788635
5721.7  0.9942290782928466
5724.3  1.000994801521301
5726.9  1.005682468414307
5729.5  1.008724808692932
5732.1  1.010972261428833
5734.7  1.012985944747925
5737.3  1.014480948448181
5739.9  1.014649391174316
5742.5  1.012922763824463
5745.1  1.009370088577271
5747.7  1.004644155502319
5750.3  0.9997656941413879
5752.9  0.9956363439559936
5755.5  0.9915236234664916
5758.1  0.9825131893157958
5760.7  0.9565536379814147
5763.3  0.8940013647079467
5765.9  0.7759473919868469
5768.5  0.6023435592651367
5771.1  0.4037120044231415
5773.7  0.2270280122756958
5776.3  0.1048620566725731
5778.9  0.0391823947429657
5781.5  0.01171587500721216
5784.1  0.002778519643470645
5786.7  5.153095698915421E-4
5789.3  6.859013228677213E-5
5791.9  0.
5794.5  0.
5797.1  0.
5799.7  0.
5802.3  0.
5804.9  0.
5807.5  0.
5810.1  0.
5812.7  0.
5815.3  0.
5817.9  0.
5820.5  7.011101115494966E-5
5823.1  5.277386517263948E-4
5825.7  0.00285276141948998
5828.3  0.01205294672399759
5830.9  0.04040473699569702
5833.5  0.1084381565451622
5836.1  0.2355442196130753
5838.7  0.4203617572784424
5841.3  0.6293121576309204
5843.9  0.8124985098838806
5846.5  0.9359868168830871
5849.1  0.9981640577316284
5851.7  1.018974304199219
5854.3  1.020738363265991
5856.9  1.018236994743347
5859.5  1.018193125724793
5862.1  1.021730661392212
5864.7  1.027005434036255
5867.3  1.0317143201828
5869.9  1.034624695777893
5872.5  1.035776019096375
5875.1  1.035701155662537
5877.7  1.034526824951172
5880.3  1.031402945518494
5882.9  1.024814963340759
5885.5  1.01412832736969
5888.1  1.001484990119934
5890.7  0.9917819499969482
5893.3  0.9897799491882324
5895.9  0.9967333078384399
5898.5  1.009640574455261
5901.1  1.023437738418579
5903.7  1.034024953842163
5906.3  1.039905071258545
5908.9  1.041827321052551
5911.5  1.041605710983276
5914.1  1.04111111164093
5916.7  1.041318535804749
5919.3  1.04168438911438
5921.9  1.040711164474487
5924.5  1.037526845932007
5927.1  1.032975792884827
5929.7  1.02919864654541
5932.3  1.028029680252075
5934.9  1.029608130455017
5937.5  1.032370448112488
5940.1  1.034295558929443
5942.7  1.034225821495056
5945.3  1.032365083694458
5947.9  1.029947638511658
5950.5  1.028470993041992
5953.1  1.028818488121033
5955.7  1.030792832374573
5958.3  1.033473014831543
5960.9  1.035945177078247
5963.5  1.037665367126465
5966.1  1.038333535194397
5968.7  1.037672877311707
5971.3  1.035444259643555
5973.9  1.031698822975159
5976.5  1.026878356933594
5979.1  1.021574258804321
5981.7  1.016454100608826
5984.3  1.012485504150391
5986.9  1.010640382766724
5989.5  1.010974526405335
5992.1  1.012330889701843
5994.7  1.013230443000794
5997.3  1.01291298866272
5999.9  1.011535525321961
6002.5  1.009705781936646
6005.1  1.008041143417358
6007.7  1.006948828697205
6010.3  1.006402730941773
6012.9  1.0058513879776
6015.5  1.00465726852417
6018.1  1.002910256385803
6020.7  1.001720190048218
6023.3  1.002455353736877
6025.9  1.005609393119812
6028.5  1.010385870933533
6031.1  1.015203952789307
6033.7  1.018499493598938
6036.3  1.019361019134522
6038.9  1.017878293991089
6041.5  1.015055537223816
6044.1  1.012170076370239
6046.7  1.009934663772583
6049.3  1.008246660232544
6051.9  1.00676953792572
6054.5  1.005541086196899
6057.1  1.004711627960205
6059.7  1.004022359848023
6062.3  1.003277897834778
6064.9  1.003248929977417
6067.5  1.00507116317749
6070.1  1.008409857749939
6072.7  1.011175513267517
6075.3  1.011622309684754
6077.9  1.010076642036438
6080.5  1.008198261260986
6083.1  1.00717556476593
6085.7  1.007088303565979
6088.3  1.007466197013855
6090.9  1.007773399353027
6093.5  1.007322311401367
6096.1  1.005285024642944
6098.7  1.001477599143982
6101.3  0.9973253011703491
6103.9  0.9953084588050842
6106.5  0.996707797050476
6109.1  1.000205874443054
6111.7  1.00317656993866
6114.3  1.003981232643127
6116.9  1.002816796302795
6119.5  1.0010666847229
6122.1  1.000199675559998
6124.7  1.000738143920898
6127.3  1.001726031303406
6129.9  1.001347780227661
6132.5  0.998460054397583
6135.1  0.9937975406646728
6137.7  0.9896910786628723
6140.3  0.9882773160934448
6142.9  0.9898681640625
6145.5  0.9929994344711303
6148.1  0.9956501126289367
6150.7  0.9962764382362365
6153.3  0.9942524433135986
6155.9  0.990016222000122
6158.5  0.984940767288208
6161.1  0.9808221459388732
6163.7  0.9791012406349182
6166.3  0.9802443385124206
6168.9  0.9838003516197204
6171.5  0.9890623092651367
6174.1  0.9954351186752319
6176.7  1.002214670181274
6179.3  1.008362054824829
6181.9  1.012702465057373
6184.5  1.014508485794067
6187.1  1.014132022857666
6189.7  1.013107538223267
6192.3  1.013308882713318
6194.9  1.015636563301086
6197.5  1.01951813697815
6200.1  1.023651838302612
6202.7  1.026902318000793
6205.3  1.028437614440918
6207.9  1.027642011642456
6210.5  1.02451765537262
6213.1  1.020126700401306
6215.7  1.016185522079468
6218.3  1.013880729675293
6220.9  1.012980341911316
6223.5  1.012030243873596
6226.1  1.009582042694092
6228.7  1.005483746528626
6231.3  1.000914931297302
6233.9  0.9970353245735168
6236.5  0.9938891530036926
6239.1  0.9908040165901184
6241.7  0.9874988794326782
6244.3  0.9845739603042602
6246.9  0.9830750226974487
6249.5  0.9836773872375488
6252.1  0.9864267110824584
6254.7  0.9911791682243347
6257.3  0.9976943731307983
6259.9  1.00514018535614
6262.5  1.012089014053345
6265.1  1.017240762710571
6267.7  1.019818067550659
6270.3  1.019299507141113
6272.9  1.015508413314819
6275.5  1.009573698043823
6278.1  1.004425644874573
6280.7  1.003048300743103
6283.3  1.00548779964447
6285.9  1.008018493652344
6288.5  1.005799412727356
6291.1  0.9966790080070495
6293.7  0.9832941889762878
6296.3  0.9720135927200317
6298.9  0.9688303470611572
6301.5  0.9749648571014404
6304.1  0.9861839413642883
6306.7  0.9963176250457763
6309.3  1.001297473907471
6311.9  1.000709772109985
6314.5  0.9969957470893859
6317.1  0.9936671257019042
6319.7  0.9933865666389465
6322.3  0.9966113567352294
6324.9  1.001575589179993
6327.5  1.005581259727478
6330.1  1.006682634353638
6332.7  1.004703521728516
6335.3  1.001047730445862
6337.9  0.997480034828186
6340.5  0.9949284195899963
6343.1  0.9934291839599609
6345.7  0.9929341077804565
6348.3  0.993484616279602
6350.9  0.9944393634796142
6353.5  0.9943587183952331
6356.1  0.9922965764999389
6358.7  0.9889628887176513
6361.3  0.9862077832221984
6363.9  0.9854496121406555
6366.5  0.9867912530899047
6369.1  0.9895391464233398
6371.7  0.9930583834648132
6374.3  0.9968165159225463
6376.9  1.000146389007568
6379.5  1.002596616744995
6382.1  1.004297018051148
6384.7  1.005464434623718
6387.3  1.005763053894043
6389.9  1.004578351974487
6392.5  1.001900553703308
6395.1  0.9986514449119567
6397.7  0.9959949851036071
6400.3  0.99433434009552
6402.9  0.9930118322372436
6405.5  0.9910717606544494
6408.1  0.9882748126983642
6410.7  0.985198438167572
6413.3  0.9825735092163085
6415.9  0.9809681177139282
6418.5  0.9809266924858093
6421.1  0.9826975464820861
6423.7  0.9855144619941711
6426.3  0.987661600112915
6428.9  0.9878166317939758
6431.5  0.9862383008003234
6434.1  0.9844164252281188
6436.7  0.9837831258773803
6439.3  0.9847562313079833
6441.9  0.9864594936370849
6444.5  0.9872284531593322
6447.1  0.9858456254005432
6449.7  0.9824437499046325
6452.3  0.9782025218009948
6454.9  0.9746342897415161
6457.5  0.9731982350349426
6460.1  0.9747539162635803
6462.7  0.9788244366645812
6465.3  0.9836794734001159
6467.9  0.9875803589820861
6470.5  0.9900498390197753
6473.1  0.9917917847633361
6475.7  0.9933857321739196
6478.3  0.994467556476593
6480.9  0.9942008852958679
6483.5  0.9918469786643981
6486.1  0.986564815044403
6488.7  0.9776055812835693
6491.3  0.9659140706062316
6493.9  0.9553155899047851
6496.5  0.9507693648338317
6499.1  0.9545531868934631
6501.7  0.9643280506134033
6504.3  0.9750925302505493
6506.9  0.9826471209526062
6509.5  0.9853463172912597
6512.1  0.9838133454322814
6514.7  0.9800769686698913
6517.3  0.9766252040863037
6519.9  0.9751211404800415
6522.5  0.9755233526229858
6525.1  0.9766182303428649
6527.7  0.9772800803184509
6530.3  0.9769845604896545
6532.9  0.9754921793937683
6535.5  0.9725603461265563
6538.1  0.9678777456283569
6540.7  0.9610347747802734
6543.3  0.9516236782073974
6545.9  0.9392260909080505
6548.5  0.9226753711700439
6551.1  0.8991543054580688
6553.7  0.8648898601531982
6556.3  0.8188543915748596
6558.9  0.7679937481880187
6561.5  0.7284194231033325
6564.1  0.7173989415168762
6566.7  0.7405270338058471
6569.3  0.7870696187019348
6571.9  0.8388272523880004
6574.5  0.8824719190597534
6577.1  0.9138920903205871
6579.7  0.9347484111785888
6582.3  0.9480447769165039
6584.9  0.9562901258468627
6587.5  0.9614611268043518
6590.1  0.9653136730194091
6592.7  0.9694736003875732
6595.3  0.9750058054924011
6597.9  0.9817585349082946
6600.5  0.988397479057312
6603.1  0.9935535192489624
6605.7  0.9969890117645263
6608.3  0.9995494484901428
6610.9  1.002161502838135
6613.5  1.00507390499115
6616.1  1.007916927337647
6618.7  1.010138154029846
6621.3  1.011284112930298
6623.9  1.011061906814575
6626.5  1.009415030479431
6629.1  1.006735324859619
6631.7  1.004043459892273
6634.3  1.0026695728302
6636.9  1.003365397453308
6639.5  1.005753040313721
6642.1  1.008875727653504
6644.7  1.012082576751709
6647.3  1.015101075172424
6649.9  1.017586946487427
6652.5  1.019058346748352
6655.1  1.019217610359192
6657.7  1.018195033073425
6660.3  1.016671061515808
6662.9  1.015763401985168
6665.5  1.016332983970642
6668.1  1.018133163452148
6670.7  1.019882202148437
6673.3  1.020498991012573
6675.9  1.020263671875
6678.5  1.020574569702148
6681.1  1.022464275360107
6683.7  1.025510787963867
6686.3  1.028291821479797
6688.9  1.029633164405823
6691.5  1.029284954071045
6694.1  1.02774977684021
6696.7  1.025754570960999
6699.3  1.023766398429871
6701.9  1.021855473518372
6704.5  1.019958019256592
6707.1  1.018054604530335
6709.7  1.015986204147339
6712.3  1.013493418693543
6714.9  1.010822296142578
6717.5  1.009029269218445
6720.1  1.009194374084473
6722.7  1.011330604553223
6725.3  1.01433002948761
6727.9  1.016918659210205
6730.5  1.018466711044312
6733.1  1.019007086753845
6735.7  1.018811583518982
6738.3  1.01806390285492
6740.9  1.016822218894959
6743.5  1.015200734138489
6746.1  1.01355504989624
6748.7  1.012421011924744
6751.3  1.012194275856018
6753.9  1.012859106063843
6756.5  1.014033913612366
6759.1  1.015176057815552
6761.7  1.015739321708679
6764.3  1.015437245368958
6766.9  1.01457667350769
6769.5  1.013942360877991
6772.1  1.014110326766968
6774.7  1.014862537384033
6777.3  1.015357255935669
6779.9  1.014912605285645
6782.5  1.013666152954102
6785.1  1.012428283691406
6787.7  1.011834621429443
6790.3  1.011788606643677
6792.9  1.01185929775238
6795.5  1.011979699134827
6798.1  1.012436509132385
6800.7  1.013305544853211
6803.3  1.014274477958679
6805.9  1.015109658241272
6808.5  1.016106128692627
6811.1  1.017911314964295
6813.7  1.020822167396545
6816.3  1.02430272102356
6818.9  1.027264714241028
6821.5  1.028814673423767
6824.1  1.028818726539612
6826.7  1.027982711791992
6829.3  1.027253866195679
6831.9  1.026678562164307
6834.5  1.025023937225342
6837.1  1.021190166473389
6839.7  1.015904426574707
6842.3  1.011273264884949
6844.9  1.008568644523621
6847.5  1.007081031799317
6850.1  1.005407929420471
6852.7  1.003114104270935
6855.3  1.000379800796509
6857.9  0.9961655735969543
6860.5  0.9875380992889404
6863.1  0.9717004895210266
6865.7  0.9488791227340698
6868.3  0.9230263829231262
6870.9  0.9003230333328247
6873.5  0.8878364562988281
6876.1  0.8912914991378784
6878.7  0.9102621674537658
6881.3  0.9363237023353576
6883.9  0.9592577219009399
6886.5  0.9746942520141601
6889.1  0.9843380451202392
6891.7  0.990900695323944
6894.3  0.9946010708808898
6896.9  0.9930940270423889
6899.5  0.9825956225395202
6902.1  0.9603806734085083
6904.7  0.9296157956123352
6907.3  0.9024720788002014
6909.9  0.894382357597351
6912.5  0.9110661745071411
6915.1  0.9425960183143615
6917.7  0.9726606011390686
6920.3  0.9917630553245544
6922.9  1.000400185585022
6925.5  1.003361225128174
6928.1  1.004259705543518
6930.7  1.004414439201355
6933.3  1.004247665405273
6935.9  1.004176378250122
6938.5  1.004288673400879
6941.1  1.004013776779175
6943.7  1.002837181091309
6946.3  1.001010656356812
6948.9  0.9992953538894653
6951.5  0.9982759952545166
6954.1  0.998107373714447
6956.7  0.9986444115638732
6959.3  0.9996255636215209
6961.9  1.000846743583679
6964.5  1.002230167388916
6967.1  1.003620028495789
6969.7  1.004523277282715
6972.3  1.004365801811218
6974.9  1.003347516059876
6977.5  1.00288999080658
6980.1  1.004644513130188
6982.7  1.008795499801636
6985.3  1.013681650161743
6987.9  1.017229557037354
6990.5  1.018338322639465
6993.1  1.016760230064392
6995.7  1.012391924858093
6998.3  1.005484580993652
7000.9  0.9973913431167602
7003.5  0.9903518557548522
7006.1  0.9860405325889587
7008.7  0.9842867851257324
7011.3  0.9834875464439392
7013.9  0.9823739528656005
7016.5  0.9810767769813537
7019.1  0.9804513454437255
7021.7  0.9809310436248779
7024.3  0.9822767376899719
7026.9  0.983901023864746
7029.5  0.9851344227790832
7032.1  0.9856249690055847
7034.7  0.985787034034729
7037.3  0.9865924715995788
7039.9  0.9887005686759948
7042.5  0.9918741583824157
7045.1  0.9952651262283325
7047.7  0.9981067180633544
7050.3  1.000120639801025
7052.9  1.001495599746704
7055.5  1.002658486366272
7058.1  1.004009485244751
7060.7  1.005718350410461
7063.3  1.007693767547608
7065.9  1.00970470905304
7068.5  1.011478066444397
7071.1  1.012653827667236
7073.7  1.012719750404358
7076.3  1.011097192764282
7078.9  1.007424354553223
7081.5  1.001939654350281
7084.1  0.9956481456756591
7086.7  0.9899819493293762
7089.3  0.9861387610435485
7091.9  0.9846199750900268
7094.5  0.9851846694946289
7097.1  0.9870389103889465
7099.7  0.9890806078910827
7102.3  0.9901365041732788
7104.9  0.9892257452011108
7107.5  0.9859471917152404
7110.1  0.9809009432792663
7112.7  0.9756725430488586
7115.3  0.972065269947052
7117.9  0.971073031425476
7120.5  0.9724485874176025
7123.1  0.9750828146934509
7125.7  0.9778180122375488
7128.3  0.9802908897399902
7130.9  0.9831809997558593
7133.5  0.9873085618019104
7136.1  0.9923276305198669
7138.7  0.996599793434143
7141.3  0.9985902309417724
7143.9  0.9983517527580261
7146.5  0.9975797533988952
7149.1  0.9980663061141967
7151.7  0.9999262690544128
7154.3  1.001344323158264
7156.9  1.000094294548035
7159.5  0.9953857064247131
7162.1  0.9886648654937744
7164.7  0.9828216433525085
7167.3  0.9800115227699279
7169.9  0.9798371195793151
7172.5  0.9799332022666931
7175.1  0.9783386588096618
7177.7  0.9748929738998413
7180.3  0.9705862998962402
7182.9  0.9664317965507507
7185.5  0.9631842374801635
7188.1  0.961424171924591
7190.7  0.9612667560577392
7193.3  0.9620744585990905
7195.9  0.96280437707901
7198.5  0.9627458453178405
7201.1  0.9619805812835693
7203.7  0.9612548351287841
7206.3  0.9614643454551696
7208.9  0.9630780816078186
7211.5  0.9657849669456481
7214.1  0.968669056892395
7216.7  0.9709721803665161
7219.3  0.9727681875228881
7221.9  0.97486412525177
7224.5  0.9780104160308837
7227.1  0.9821587204933166
7229.7  0.9864759445190429
7232.3  0.990091860294342
7234.9  0.992701768875122
7237.5  0.9943642616271972
7240.1  0.9950050115585327
7242.7  0.9943999052047729
7245.3  0.9924822449684143
7247.9  0.989473819732666
7250.5  0.9857256412506103
7253.1  0.9813704490661621
7255.7  0.975932240486145
7258.3  0.9686201214790344
7260.9  0.9597933292388916
7263.5  0.9522232413291931
7266.1  0.9497055411338806
7268.7  0.953452706336975
7271.3  0.9605157971382141
7273.9  0.966438353061676
7276.5  0.9687415361404418
7279.1  0.9675413966178894
7281.7  0.964112102985382
7284.3  0.9599044322967529
7286.9  0.9564676284790039
7289.5  0.9553238749504089
7292.1  0.9572911858558654
7294.7  0.9617493748664855
7297.3  0.9668006896972656
7299.9  0.9705313444137573
7302.5  0.9722570776939392
7305.1  0.9727649092674255
7307.7  0.9736777544021606
7310.3  0.9764544367790222
7312.9  0.9813785552978515
7315.5  0.9871833324432373
7318.1  0.9918482899665832
7320.7  0.993958830833435
7323.3  0.9935271143913269
7325.9  0.991827368736267
7328.5  0.9904907941818237
7331.1  0.9904271960258483
7333.7  0.9913200736045837
7336.3  0.992060363292694
7338.9  0.991661787033081
7341.5  0.989819586277008
7344.1  0.9867833256721496
7346.7  0.9829573035240173
7349.3  0.9788289070129394
7351.9  0.9751548171043395
7354.5  0.9728075861930847
7357.1  0.9721795916557312
7359.7  0.9728603363037109
7362.3  0.9740334153175354
7364.9  0.9750518202781677
7367.5  0.9755488634109497
7370.1  0.9753293395042419
7372.7  0.9744554162025451
7375.3  0.9732130765914916
7377.9  0.971592366695404
7380.5  0.9689605832099914
7383.1  0.964862048625946
7385.7  0.9603002071380615
7388.3  0.9576934576034545
7390.9  0.9590409398078918
7393.5  0.9641721248626708
7396.1  0.9708953499794006
7398.7  0.9766531586647033
7401.3  0.9799636602401733
7403.9  0.9807783365249633
7406.5  0.980050504207611
7409.1  0.9790236353874206
7411.7  0.9785186052322387
7414.3  0.9785583615303039
7416.9  0.9786618947982788
7419.5  0.97856867313385
7422.1  0.9786850810050964
7424.7  0.9796711802482604
7427.3  0.9815189242362976
7429.9  0.9832942485809326
7432.5  0.9838716387748718
7435.1  0.9826331734657287
7437.7  0.9795196056365966
7440.3  0.9750313162803649
7442.9  0.97041517496109
7445.5  0.9674317240715026
7448.1  0.967362642288208
7450.7  0.9699612259864807
7453.3  0.973392903804779
7455.9  0.9754488468170166
7458.5  0.9751278758049011
7461.1  0.9732846021652221
7463.7  0.9717376232147216
7466.3  0.9715946912765502
7468.9  0.9724704623222351
7471.5  0.9733190536499023
7474.1  0.9736986756324768
7476.7  0.9740521907806396
7479.3  0.9750838875770568
7481.9  0.9771115183830261
7484.5  0.9797869324684143
7487.1  0.9822431206703186
7489.7  0.9838314056396484
7492.3  0.9850220084190368
7494.9  0.9872381687164306
7497.5  0.9912599325180053
7500.1  0.9958606362342834
7502.7  0.9985195994377136
7505.3  0.9976484179496765
7507.9  0.9940072894096374
7510.5  0.9900315999984741
7513.1  0.9878605604171752
7515.7  0.9877811670303344
7518.3  0.9883554577827453
7520.9  0.9879826307296752
7523.5  0.9862551093101501
7526.1  0.9838935732841491
7528.7  0.981875717639923
7531.3  0.9808564782142639
7533.9  0.9809114933013916
7536.5  0.9814491868019104
7539.1  0.9816962480545043
7541.7  0.981461226940155
7544.3  0.9810695648193359
7546.9  0.9805699586868286
7549.5  0.979505181312561
7552.1  0.9776360392570495
7554.7  0.9755658507347106
7557.3  0.9743568301200866
7559.9  0.9744896292686462
7562.5  0.9753611087799072
7565.1  0.9759387373924255
7567.7  0.9758384823799133
7570.3  0.9756632447242736
7572.9  0.9762716889381408
7575.5  0.9777659773826599
7578.1  0.9791895151138305
7580.7  0.9789609909057617
7583.3  0.9748263359069824
7585.9  0.9621050357818603
7588.5  0.9317739009857177
7591.1  0.8734753727912902
7593.7  0.7844519615173339
7596.3  0.6760721802711486
7598.9  0.5703047513961791
7601.5  0.4912209212779999
7604.1  0.4587817788124085
7606.7  0.4819617569446564
7609.3  0.5507327914237976
7611.9  0.6363537311553955
7614.5  0.7023321390151977
7617.1  0.7174983024597167
7619.7  0.6688379645347595
7622.3  0.5731454491615295
7624.9  0.4738159775733948
7627.5  0.4147439301013947
7630.1  0.4131038188934326
7632.7  0.456921398639679
7635.3  0.5194163918495178
7637.9  0.5725002288818359
7640.5  0.6006669998168945
7643.1  0.6129156351089477
7645.7  0.6349446177482604
7648.3  0.6831310391426086
7650.9  0.7489262223243713
7653.5  0.8093037009239196
7656.1  0.8459829092025756
7658.7  0.8540838956832885
7661.3  0.8415556550025939
7663.9  0.8258759975433349
7666.5  0.8258014321327209
7669.1  0.8484387993812561
7671.7  0.8844372034072875
7674.3  0.9189326167106628
7676.9  0.944789171218872
7679.5  0.9636321663856506
7682.1  0.9784421324729919
7684.7  0.9895738959312438
7687.3  0.996400773525238
7689.9  0.9995105266571044
7692.5  1.000545144081116
7695.1  1.001049280166626
7697.7  1.001882076263428
7700.3  1.003200769424439
7702.9  1.004216313362122
7705.5  1.003420948982239
7708.1  0.9999608993530273
7710.7  0.9949219226837158
7713.3  0.9906991720199584
7715.9  0.9888830780982971
7718.5  0.9889589548110961
7721.1  0.9891417622566223
7723.7  0.988214373588562
7726.3  0.9863979220390319
7728.9  0.9847031831741333
7731.5  0.9837616086006164
7734.1  0.9832375049591064
7736.7  0.9821506142616271
7739.3  0.9797883629798889
7741.9  0.9765288233757019
7744.5  0.9738599061965942
7747.1  0.9734628200531005
7749.7  0.9760663509368896
7752.3  0.980910301208496
7754.9  0.9862138628959655
7757.5  0.9903020858764648
7760.1  0.9923620223999023
7762.7  0.9920960664749145
7765.3  0.9889684915542602
7767.9  0.9826123714447021
7770.5  0.9745020866394042
7773.1  0.9685926437377929
7775.7  0.9689857959747314
7778.3  0.9765635132789611
7780.9  0.9884016513824462
7783.5  1.000350475311279
7786.1  1.009611248970032
7788.7  1.015246391296387
7791.3  1.017368197441101
7793.9  1.016513109207153
7796.5  1.013709545135498
7799.1  1.010499119758606
7801.7  1.008212804794312
7804.3  1.007158875465393
7806.9  1.006857395172119
7809.5  1.006943702697754
7812.1  1.007423639297485
7814.7  1.008173584938049
7817.3  1.008682131767273
7819.9  1.008375883102417
7822.5  1.00688111782074
7825.1  1.003942251205444
7827.7  0.9995132684707641
7830.3  0.9942700862884521
7832.9  0.9897766709327697
7835.5  0.9876165390014648
7838.1  0.988170564174652
7840.7  0.9903485178947448
7843.3  0.9925194978713989
7845.9  0.9936980009078979
7848.5  0.9939888715744018
7851.1  0.994082748889923
7853.7  0.9944263100624084
7856.3  0.994928240776062
7858.9  0.9953440427780151
7861.5  0.9956740736961364
7864.1  0.9961050748825073
7866.7  0.9967305660247802
7869.3  0.9974871277809143
7871.9  0.9984030723571777
7874.5  0.9998929500579833
7877.1  1.002707600593567
7879.7  1.007364511489868
7882.3  1.013459801673889
7884.9  1.019574165344238
7887.5  1.023987412452698
7890.1  1.02570104598999
7892.7  1.025066614151001
7895.3  1.023543834686279
7897.9  1.022616147994995
7900.5  1.022634625434876
7903.1  1.022680163383484
7905.7  1.021480083465576
7908.3  1.018352031707764
7910.9  1.013525366783142
7913.5  1.007969975471497
7916.1  1.002884268760681
7918.7  0.9988480806350708
7921.3  0.995229423046112
7923.9  0.9907019734382629
7926.5  0.9847059845924377
7929.1  0.9783616662025451
7931.7  0.9737200736999511
7934.3  0.972028911113739
7936.9  0.9727515578269958
7939.5  0.9743051528930664
7942.1  0.9757642745971679
7944.7  0.9776948690414428
7947.3  0.98111492395401
7949.9  0.9859178662300109
7952.5  0.990806758403778
7955.1  0.9946042895317077
7957.7  0.9970898032188415
7960.3  0.9986738562583923
7962.9  0.9997926354408264
7965.5  1.000696539878845
7968.1  1.001540780067444
7970.7  1.002529144287109
7973.3  1.004016518592835
7975.9  1.00649631023407
7978.5  1.010396599769592
7981.1  1.015720844268799
7983.7  1.021733164787293
7986.3  1.027005672454834
7988.9  1.029968738555908
7991.5  1.029718637466431
7994.1  1.02665650844574
7996.7  1.022485136985779
7999.3  1.019308686256409
8001.9  1.018252491950989
8004.5  1.018766045570374
8007.1  1.019339799880981
8009.7  1.018862128257752
8012.3  1.017271876335144
8014.9  1.015117645263672
8017.5  1.012772679328919
8020.1  1.010152339935303
8022.7  1.007147192955017
8025.3  1.00418758392334
8027.9  1.002161383628845
8030.5  1.001615285873413
8033.1  1.002128601074219
8035.7  1.002517461776733
8038.3  1.001533150672913
8040.9  0.9985350966453552
8043.5  0.9940546154975891
8046.1  0.989823579788208
8048.7  0.9877100586891174
8051.3  0.9883266687393188
8053.9  0.9908370971679687
8056.5  0.9940189123153686
8059.1  0.9971059560775756
8061.7  0.9996781945228576
8064.3  1.001306772232056
8066.9  1.001724481582642
8069.5  1.001240611076355
8072.1  1.000628352165222
8074.7  1.000398874282837
8077.3  1.000338554382324
8079.9  1.000048995018005
8082.5  0.9998962879180908
8085.1  1.001003503799439
8087.7  1.004024028778076
8090.3  1.008183360099793
8092.9  1.01194429397583
8095.5  1.014549016952515
8098.1  1.016555666923523
8100.7  1.018864154815674
8103.3  1.021592617034912
8105.9  1.024095058441162
8108.5  1.025777816772461
8111.1  1.026516675949097
8113.7  1.026376843452454
8116.3  1.02534544467926
8118.9  1.023472785949707
8121.5  1.02101469039917
8124.1  1.018272876739502
8126.7  1.015384554862976
8129.3  1.012380480766296
8131.9  1.009346127510071
8134.5  1.006386637687683
8137.1  1.003472447395325
8139.7  1.000446796417236
8142.3  0.9972034096717834
8144.9  0.9938443899154663
8147.5  0.9907754659652709
8150.1  0.9886429905891418
8152.7  0.9879791736602783
8155.3  0.9887987971305847
8157.9  0.9905680418014526
8160.5  0.9925457835197448
8163.1  0.9941304922103881
8165.7  0.9949569702148437
8168.3  0.9948477149009704
8170.9  0.9938165545463562
8173.5  0.9919735789299011
8176.1  0.9893693327903747
8178.7  0.9862158894538879
8181.3  0.9833596944808959
8183.9  0.9819272756576538
8186.5  0.982025921344757
8189.1  0.9823059439659118
8191.7  0.9815952181816101
8194.3  0.9808263778686523
8196.9  0.9825592637062072
8199.5  0.988301932811737
8202.1  0.9965791702270507
8204.7  1.003745317459106
8207.3  1.006693840026856
8209.9  1.005080580711365
8212.5  1.0013108253479
8215.1  0.9984745979309082
8217.7  0.9982487559318542
8220.3  1.000492453575134
8222.9  1.004069447517395
8225.5  1.007561445236206
8228.1  1.009783148765564
8230.7  1.010365843772888
8233.3  1.009793043136597
8235.9  1.008628487586975
8238.5  1.006839513778687
8241.1  1.003997087478638
8243.7  0.9999703168869018
8246.3  0.9953546524047851
8248.9  0.9913395047187805
8251.5  0.9890969395637512
8254.1  0.9891090989112854
8256.7  0.9909461736679077
8259.3  0.9934465289115905
8261.9  0.9949824810028076
8264.5  0.9936413764953613
8267.1  0.9876824617385864
8269.7  0.9766913056373596
8272.3  0.9630278348922729
8274.9  0.9517610669136047
8277.5  0.948036253452301
8280.1  0.953701913356781
8282.7  0.9661002159118652
8285.3  0.9798647165298461
8287.9  0.9901944398880004
8290.5  0.9950073957443237
8293.1  0.9947890043258666
8295.7  0.9914425015449523
8298.3  0.9876400232315063
8300.9  0.9861959815025329
8303.5  0.9887978434562683
8306.1  0.9950586557388305
8308.7  1.002976298332214
8311.3  1.009852886199951
8313.9  1.012994527816773
8316.5  1.010990262031555
8319.1  1.005274653434753
8321.7  0.9995395541191101
8324.3  0.9965125322341918
8326.9  0.9957123398780822
8329.5  0.9949390888214111
8332.1  0.9932712316513061
8334.7  0.9919105768203735
8337.3  0.9924305081367492
8339.9  0.9949405789375305
8342.5  0.9982300400733947
8345.1  1.001341581344604
8347.7  1.004291296005249
8350.3  1.007193922996521
8352.9  1.009427785873413
8355.5  1.010167717933655
8358.1  1.009326577186585
8360.7  1.007636189460754
8363.3  1.006059288978577
8365.9  1.005295395851135
8368.5  1.005542278289795
8371.1  1.006463766098023
8373.7  1.007415175437927
8376.3  1.00774610042572
8378.9  1.006911158561707
8381.5  1.004598259925842
8384.1  1.001185536384583
8386.7  0.998051106929779
8389.3  0.9969299435615539
8391.9  0.9986090064048767
8394.5  1.002315998077393
8397.1  1.00640606880188
8399.7  1.009485006332398
8402.3  1.011007428169251
8404.9  1.011197566986084
8407.5  1.010611057281494
8410.1  1.009748935699463
8412.7  1.008989930152893
8415.3  1.00877320766449
8417.9  1.009728312492371
8420.5  1.012465596199036
8423.1  1.017030954360962
8425.7  1.022405505180359
8428.3  1.026677370071411
8430.9  1.028074502944946
8433.5  1.026121139526367
8436.1  1.021777629852295
8438.7  1.016398191452026
8441.3  1.010898351669312
8443.9  1.006252288818359
8446.5  1.004181027412415
8449.1  1.006170630455017
8451.7  1.011594176292419
8454.3  1.017608046531677
8456.9  1.021198511123657
8459.5  1.021006345748901
8462.1  1.017513155937195
8464.7  1.012385725975037
8467.3  1.007804989814758
8469.9  1.005563020706177
8472.5  1.006037950515747
8475.1  1.008095622062683
8477.7  1.01018762588501
8480.3  1.011417865753174
8482.9  1.011373996734619
8485.5  1.009014844894409
8488.1  1.001918792724609
8490.7  0.9872576594352722
8493.3  0.9649308323860168
8495.9  0.9406688809394836
8498.5  0.9246580004692077
8501.1  0.9245389103889465
8503.7  0.9390432238578796
8506.3  0.9593144655227661
8508.9  0.9763153195381164
8511.5  0.9865370392799377
8514.1  0.9917829632759094
8516.7  0.9952399730682373
8519.3  0.9982480406761169
8521.9  0.9999580979347229
8524.5  0.9987550377845764
8527.1  0.9925249814987182
8529.7  0.9762095808982849
8532.3  0.938277781009674
8534.9  0.8612205982208251
8537.5  0.7313625216484069
8540.1  0.5548610687255859
8542.7  0.3639780282974243
8545.3  0.2009259611368179
8547.9  0.09141475707292556
8550.5  0.03375417739152908
8553.1  0.01000028569251299
8555.7  0.002354220487177372
8558.3  4.330302472226322E-4
8560.9  5.682196206180378E-5
8563.5  0.
8566.1  0.
8568.7  0.
8571.3  0.
8573.9  0.
8576.5  0.
8579.1  0.
8581.7  0.
8584.3  0.
8586.9  0.
8589.5  0.
8592.1  0.
8594.7  0.
8597.3  0.
8599.9  0.
8602.5  0.
8605.1  0.
8607.7  0.
8610.3  0.
8612.9  0.
8615.5  0.
8618.1  0.
8620.7  0.
8623.3  0.
8625.9  0.
8628.5  0.
8631.1  0.
8633.7  0.
8636.3  0.
8638.9  0.
8641.5  4.496831024880521E-5
8644.1  3.439573920331895E-4
8646.7  0.001884469296783209
8649.3  0.00805837009102106
8651.9  0.02743025682866573
8654.5  0.07515500485897064
8657.1  0.1678586304187775
8659.7  0.3107359111309052
8662.3  0.4870921969413757
8664.9  0.6637473702430725
8667.5  0.809931457042694
8670.1  0.9121137857437133
8672.7  0.9739980697631835
8675.3  1.007334232330322
8677.9  1.023726224899292
8680.5  1.03126585483551
8683.1  1.034566760063171
8685.7  1.036096334457397
8688.3  1.037497401237488
8690.9  1.039903998374939
8693.5  1.043548464775086
8696.1  1.047738671302795
8698.7  1.051507830619812
8701.3  1.054098129272461
8703.9  1.054934144020081
8706.5  1.053684234619141
8709.1  1.050705075263977
8711.7  1.047179460525513
8714.3  1.044355630874634
8716.9  1.042562603950501
8719.5  1.041042566299439
8722.1  1.038665771484375
8724.7  1.034823656082153
8727.3  1.029789090156555
8729.9  1.024279713630676
8732.5  1.018765807151794
8735.1  1.013358354568481
8737.7  1.00798487663269
8740.3  1.002183675765991
8742.9  0.9950954914093017
8745.5  0.9864874482154846
8748.1  0.9780580997467041
8750.7  0.9732917547225952
8753.3  0.9752934575080871
8755.9  0.9842811822891235
8758.5  0.9972836971282958
8761.1  1.010371208190918
8763.7  1.021005272865296
8766.3  1.028528451919556
8768.9  1.033411979675293
8771.5  1.036707878112793
8774.1  1.03970468044281
8776.7  1.043136835098267
8779.3  1.04656720161438
8781.9  1.048930406570435
8784.5  1.049761056900024
8787.1  1.049898624420166
8789.7  1.051133632659912
8792.3  1.05495011806488
8794.9  1.060971736907959
8797.5  1.066442728042603
8800.1  1.06791877746582
8802.7  1.064356923103333
8805.3  1.058710932731628
8807.9  1.055816888809204
8810.5  1.058124899864197
8813.1  1.063657402992249
8815.7  1.068193197250366
8818.3  1.068965077400208
8820.9  1.066349625587463
8823.5  1.062861204147339
8826.1  1.060837388038635
8828.7  1.06061577796936
8831.3  1.060595273971558
8833.9  1.05899178981781
8836.5  1.055400371551514
8839.1  1.050687432289124
8841.7  1.04575777053833
8844.3  1.040733098983765
8846.9  1.035101890563965
8849.5  1.028048515319824
8852.1  1.018455505371094
8854.7  1.0052330493927
8857.3  0.9886177778244018
8859.9  0.9715631604194641
8862.5  0.9593346714973449
8865.1  0.9566541314125061
8867.7  0.9644597172737121
8870.3  0.9792869687080383
8872.9  0.9958277940750122
8875.5  1.010137796401978
8878.1  1.020940065383911
8880.7  1.028887391090393
8883.3  1.035178065299988
8885.9  1.04056191444397
8888.5  1.045084834098816
8891.1  1.04852020740509
8893.7  1.050867915153504
8896.3  1.052343249320984
8898.9  1.053049325942993
8901.5  1.052704215049744
8904.1  1.05053174495697
8906.7  1.045764088630676
8909.3  1.039051175117493
8911.9  1.033334016799927
8914.5  1.03209912776947
8917.1  1.035977840423584
8919.7  1.041743159294128
8922.3  1.045521378517151
8924.9  1.04679012298584
8927.5  1.048653721809387
8930.1  1.054164290428162
8932.7  1.062876343727112
8935.3  1.071237087249756
8937.9  1.075805068016052
8940.5  1.075646042823792
8943.1  1.072316527366638
8945.7  1.068475008010864
8948.3  1.066344022750854
8950.9  1.066553950309754
8953.5  1.06788432598114
8956.1  1.068253874778748
8958.7  1.066331386566162
8961.3  1.062474131584168
8963.9  1.058212161064148
8966.5  1.054812908172607
8969.1  1.052431464195252
8971.7  1.050555944442749
8974.3  1.048892259597778
8976.9  1.047362446784973
8979.5  1.045263409614563
8982.1  1.040945768356323
8984.7  1.033056378364563
8987.3  1.022469997406006
8989.9  1.012673735618591
8992.5  1.007246255874634
8995.1  1.00626528263092
8997.7  1.005474805831909
9000.3  0.9994096159934997
9002.9  0.9853530526161193
9005.5  0.9649899005889892
9008.1  0.9432831406593322
9010.7  0.9256927371025085
9013.3  0.915805160999298
9015.9  0.914655864238739
9018.5  0.9210749864578247
9021.1  0.9327719807624816
9023.7  0.9482284784317016
9026.3  0.9673086404800415
9028.9  0.9891304969787597
9031.5  1.010374188423157
9034.1  1.027092695236206
9036.7  1.037546038627625
9039.3  1.042462706565857
9041.9  1.043594360351563
9044.5  1.043081760406494
9047.1  1.043378353118896
9049.7  1.046037673950195
9052.3  1.049931287765503
9054.9  1.051600098609924
9057.5  1.048622250556946
9060.1  1.04296350479126
9062.7  1.039987087249756
9065.3  1.043269753456116
9067.9  1.050894975662231
9070.5  1.057416558265686
9073.1  1.058871030807495
9075.7  1.055572390556336
9078.3  1.05076801776886
9080.9  1.046752095222473
9083.5  1.042209267616272
9086.1  1.034310698509216
9088.7  1.023746609687805
9091.3  1.016034007072449
9093.9  1.016654133796692
9096.5  1.025860071182251
9099.1  1.038860678672791
9101.7  1.049788236618042
9104.3  1.054857969284058
9106.9  1.053340792655945
9109.5  1.047428131103516
9112.1  1.04125726222992
9114.7  1.038664340972901
9117.3  1.040763378143311
9119.9  1.04537844657898
9122.5  1.048758268356323
9125.1  1.048327445983887
9127.7  1.044697880744934
9130.3  1.041279315948486
9132.9  1.041314005851746
9135.5  1.04503071308136
9138.1  1.049692988395691
9140.7  1.05171537399292
9143.3  1.048012495040894
9145.9  1.036081314086914
9148.5  1.015271544456482
9151.1  0.9900406002998352
9153.7  0.9707704186439514
9156.3  0.9675596356391906
9158.9  0.9814702868461608
9161.5  1.003363370895386
9164.1  1.021621942520142
9166.7  1.0290846824646
9169.3  1.023084878921509
9171.9  1.001403093338013
9174.5  0.9609072804450988
9177.1  0.9039275646209716
9179.7  0.8480108976364135
9182.3  0.8225694894790649
9184.9  0.8458979725837707
9187.5  0.906456708908081
9190.1  0.9732853174209594
9192.7  1.022274732589722
9195.3  1.0481858253479
9197.9  1.057321548461914
9200.5  1.056850671768189
9203.1  1.050787687301636
9205.7  1.040787100791931
9208.3  1.027795553207398
9210.9  1.013276934623718
9213.5  0.9992507100105285
9216.1  0.9869665503501892
9218.7  0.9752169847488403
9221.3  0.9607709050178527
9223.9  0.9418821334838867
9226.5  0.9219880104064941
9229.1  0.9088887572288513
9231.7  0.9088569283485412
9234.3  0.9216217398643493
9236.9  0.9415671229362487
9239.5  0.962681233882904
9242.1  0.9813494086265563
9244.7  0.995795726776123
9247.3  1.004935622215271
9249.9  1.008326053619385
9252.5  1.006882786750794
9255.1  1.003283143043518
9257.7  1.001089096069336
9260.3  1.003012657165527
9262.9  1.009821057319641
9265.5  1.020418286323547
9268.1  1.032519102096558
9270.7  1.043525099754334
9273.3  1.051512956619263
9275.9  1.055826306343079
9278.5  1.056925296783447
9281.1  1.05583393573761
9283.7  1.053758144378662
9286.3  1.051965713500977
9288.9  1.051413059234619
9291.5  1.051965713500977
9294.1  1.05193042755127
9296.7  1.048755288124084
9299.3  1.04075300693512
9301.9  1.028010725975037
9304.5  1.011170506477356
9307.1  0.9884079694747924
9309.7  0.9542387127876281
9312.3  0.9029048681259155
9314.9  0.8355583548545837
9317.5  0.7664900422096252
9320.1  0.7216961979866027
9322.7  0.7255084514617919
9325.3  0.7815150022506713
9327.9  0.8659159541130065
9330.5  0.9431543350219726
9333.1  0.9880492687225341
9335.7  0.992641806602478
9338.3  0.960386574268341
9340.9  0.904520034790039
9343.5  0.8502114415168762
9346.1  0.8242402672767639
9348.7  0.832889974117279
9351.3  0.855435311794281
9353.9  0.865585446357727
9356.5  0.8546490669250488
9359.1  0.8301345109939575
9361.7  0.7995913028717041
9364.3  0.7661107778549194
9366.9  0.7384619712829589
9369.5  0.7347319722175598
9372.1  0.7685676217079162
9374.7  0.833367645740509
9377.3  0.9039308428764343
9379.9  0.9553152918815612
9382.5  0.9797029495239257
9385.1  0.986670970916748
9387.7  0.990887701511383
9390.3  0.9996673464775085
9392.9  1.009615898132324
9395.5  1.012912034988403
9398.1  1.00527548789978
9400.7  0.9879068732261657
9403.3  0.9641008973121643
9405.9  0.9378080368041992
9408.5  0.9158785939216613
9411.1  0.9077175855636596
9413.7  0.9187748432159423
9416.3  0.9447588920593261
9418.9  0.9739863872528076
9421.5  0.9953631162643432
9424.1  1.00445568561554
9426.7  1.004176139831543
9429.3  1.000836491584778
9431.9  0.9986448884010314
9434.5  0.9971077442169189
9437.1  0.993555724620819
9439.7  0.9876372218132019
9442.3  0.98240327835083
9444.9  0.9796724319458007
9447.5  0.974308967590332
9450.1  0.9544004201889038
9452.7  0.9087269306182861
9455.3  0.8344137668609619
9457.9  0.738503098487854
9460.5  0.6365611553192138
9463.1  0.5538222789764404
9465.7  0.5231063961982727
9468.3  0.5674371719360351
9470.9  0.6764007806777954
9473.5  0.8069803714752197
9476.1  0.914650559425354
9478.7  0.9809665083885192
9481.3  1.012830853462219
9483.9  1.025404095649719
9486.5  1.029321312904358
9489.1  1.028088092803955
9491.7  1.020776987075806
9494.3  1.006163239479065
9496.9  0.9863148927688598
9499.5  0.968324601650238
9502.1  0.9611361026763916
9504.7  0.9673079848289489
9507.3  0.9776721596717834
9509.9  0.9765377044677734
9512.5  0.9523466825485229
9515.1  0.9043875336647033
9517.7  0.8440470099449157
9520.3  0.7927532792091369
9522.9  0.77351975440979
9525.5  0.7957394123077392
9528.1  0.846416413784027
9530.7  0.8995578289031982
9533.3  0.9340311884880065
9535.9  0.9421406984329223
9538.5  0.9264973998069763
9541.1  0.8949895501136779
9543.7  0.8585056662559509
9546.3  0.828399121761322
9548.9  0.8124858140945434
9551.5  0.8130147457122802
9554.1  0.8267133831977844
9556.7  0.8440684676170349
9559.3  0.8514200448989868
9561.9  0.8418630361557006
9564.5  0.8262643814086914
9567.1  0.8268195390701293
9569.7  0.8553856611251831
9572.3  0.9019269347190856
9574.9  0.9463893771171569
9577.5  0.976517915725708
9580.1  0.9914841055870056
9582.7  0.9939048290252685
9585.3  0.9845728278160095
9587.9  0.9655103683471679
9590.5  0.9449099898338317
9593.1  0.9347317218780517
9595.7  0.9408867955207824
9598.3  0.9566071033477783
9600.9  0.9661438465118408
9603.5  0.9513086676597595
9606.1  0.8941187262535095
9608.7  0.7832267880439758
9611.3  0.6311491727828979
9613.9  0.4858639538288117
9616.5  0.4107130169868469
9619.1  0.4395986497402191
9621.7  0.551579475402832
9624.3  0.6920241117477416
9626.9  0.8147493600845336
9629.5  0.9024354219436645
9632.1  0.9581317901611328
9634.7  0.9908766150474548
9637.3  1.009482383728027
9639.9  1.020607113838196
9642.5  1.027344107627869
9645.1  1.029706478118897
9647.7  1.02706241607666
9650.3  1.019845128059387
9652.9  1.009834885597229
9655.5  0.9999339580535888
9658.1  0.9933301210403442
9660.7  0.9913418292999267
9663.3  0.9917054772377014
9665.9  0.9905970692634582
9668.5  0.9873003959655761
9671.1  0.9854229092597961
9673.7  0.9883404374122619
9676.3  0.9950448870658874
9678.9  1.001821160316467
9681.5  1.006240963935852
9684.1  1.008045673370361
9686.7  1.007769703865051
9689.3  1.00621771812439
9691.9  1.004531264305115
9694.5  1.003649473190308
9697.1  1.003907442092896
9699.7  1.005448341369629
9702.3  1.008443832397461
9704.9  1.012584209442139
9707.5  1.016818523406982
9710.1  1.020105123519897
9712.7  1.022230625152588
9715.3  1.023662328720093
9717.9  1.024732828140259
9720.5  1.025144100189209
9723.1  1.024216413497925
9725.7  1.021502017974854
9728.3  1.016948342323303
9730.9  1.010400414466858
9733.5  1.001297950744629
9736.1  0.9895825386047363
9738.7  0.9770719408988952
9741.3  0.9673368334770202
9743.9  0.9632250666618347
9746.5  0.9641106724739074
9749.1  0.9664167761802673
9751.7  0.9667457938194274
9754.3  0.961698293685913
9756.9  0.9414479136466979
9759.5  0.8854952454566955
9762.1  0.7734562754631042
9764.7  0.6092351675033569
9767.3  0.4361873865127564
9769.9  0.3211508393287659
9772.5  0.3140638470649719
9775.1  0.415429413318634
9777.7  0.577828049659729
9780.3  0.7390990853309631
9782.9  0.8589653372764587
9785.5  0.9305958151817321
9788.1  0.9667788743972778
9790.7  0.9825068116188049
9793.3  0.9879044890403747
9795.9  0.9887143969535827
9798.5  0.9879871010780334
9801.1  0.9873197674751281
9803.7  0.9875760078430175
9806.3  0.9887970685958862
9808.9  0.9901343584060668
9811.5  0.9905874729156494
9814.1  0.9899059534072875
9816.7  0.9885193705558776
9819.3  0.9868234395980834
9821.9  0.9850444793701171
9824.5  0.983731210231781
9827.1  0.9837494492530822
9829.7  0.9854041337966918
9832.3  0.9878529906272888
9834.9  0.9897854328155517
9837.5  0.9904723763465881
9840.1  0.9897925853729248
9842.7  0.9876322150230407
9845.3  0.9839825630187988
9847.9  0.9795527458190917
9850.5  0.9756244421005249
9853.1  0.9730912446975708
9855.7  0.9719128608703613
9858.3  0.9715494513511657
9860.9  0.9716057777404785
9863.5  0.9718791246414184
9866.1  0.9720760583877563
9868.7  0.9718647003173828
9871.3  0.9712312221527099
9873.9  0.9705055356025695
9876.5  0.969802439212799
9879.1  0.9684523940086364
9881.7  0.9651924967765808
9884.3  0.9592857956886291
9886.9  0.9517971277236938
9889.5  0.9456885457038879
9892.1  0.9440436363220214
9894.7  0.9477255344390869
9897.3  0.9548326730728149
9899.9  0.9623643159866333
9902.5  0.9679788947105407
9905.1  0.9703792333602905
9907.7  0.9683387875556945
9910.3  0.9583948254585266
9912.9  0.9309672713279724
9915.5  0.8685601949691772
9918.1  0.754367709159851
9920.7  0.5925235152244567
9923.3  0.4227764010429382
9925.9  0.3075755834579468
9928.5  0.2949685454368591
9931.1  0.3873957097530365
9933.7  0.5417749285697937
9936.3  0.6992146372795104
9938.9  0.8193076848983764
9941.5  0.8930310010910034
9944.1  0.9316754341125488
9946.7  0.9502235651016235
9949.3  0.959343135356903
9951.9  0.9651013612747192
9954.5  0.9702363610267639
9957.1  0.9749402403831481
9959.7  0.9778328537940979
9962.3  0.9774243235588073
9964.9  0.9735335111618041
9967.5  0.9675647020339965
9970.1  0.9614991545677185
9972.7  0.9566220641136169
9975.3  0.9531204104423522
9977.9  0.9505724906921386
9980.5  0.9484303593635559
9983.1  0.9452279806137084
9985.7  0.9361653923988342
9988.3  0.9098292589187622
9990.9  0.8476689457893371
9993.5  0.7324787974357604
9996.1  0.565653920173645
