3501.3  0.4003771245479584
3503.9  0.5027761459350585
3506.5  0.5757105350494384
3509.1  0.6257708072662353
3511.7  0.6572139263153076
3514.3  0.6641939282417297
3516.9  0.6400483846664428
3519.5  0.591327965259552
3522.1  0.5418463945388793
3524.7  0.518121063709259
3527.3  0.5271059274673461
3529.9  0.5518977642059326
3532.5  0.5713925957679748
3535.1  0.5800180435180664
3537.7  0.5867891907691955
3540.3  0.6003831028938293
3542.9  0.6203377842903137
3545.5  0.6416539549827575
3548.1  0.6611400246620178
3550.7  0.6751520633697509
3553.3  0.6764401197433471
3555.9  0.6603603363037109
3558.5  0.6330583095550537
3561.1  0.6068538427352905
3563.7  0.5862782597541809
3566.3  0.5641954541206359
3568.9  0.5343062281608581
3571.5  0.5022071003913879
3574.1  0.4790544807910919
3576.7  0.4671747386455536
3579.3  0.4577693641185761
3581.9  0.4419810473918915
3584.5  0.4196571111679077
3587.1  0.3997358083724976
3589.7  0.3959911167621613
3592.3  0.4176821112632752
3594.9  0.4585377871990204
3597.5  0.497612327337265
3600.1  0.5170126557350158
3602.7  0.5182390213012695
3605.3  0.5178260803222656
3607.9  0.5306029915809631
3610.5  0.5609113574028015
3613.1  0.6035806536674499
3615.7  0.6473907232284545
3618.3  0.6810868978500366
3620.9  0.6987303495407104
3623.5  0.6984767913818359
3626.1  0.6796038746833801
3628.7  0.6463187336921691
3631.3  0.611736238002777
3633.9  0.5909538865089416
3636.5  0.5891046524047851
3639.1  0.5985208749771118
3641.7  0.6058267951011657
3644.3  0.6014391779899597
3646.9  0.5872013568878173
3649.5  0.5766422152519226
3652.1  0.5825489163398742
3654.7  0.6020771861076354
3657.3  0.6190485954284667
3659.9  0.6216198801994323
3662.5  0.6112918257713317
3665.1  0.5945896506309509
3667.7  0.5741792917251586
3670.3  0.55093914270401
3672.9  0.5274459719657897
3675.5  0.5077278614044189
3678.1  0.4982545673847199
3680.7  0.5080897212028503
3683.3  0.5417431592941284
3685.9  0.5901757478713989
3688.5  0.6327258348464965
3691.1  0.6522421836853027
3693.7  0.6479131579399108
3696.3  0.6319714188575744
3698.9  0.6164641976356506
3701.5  0.6062811613082885
3704.1  0.6031211614608764
3706.7  0.6106001138687133
3709.3  0.6306888461112976
3711.9  0.6551630496978759
3714.5  0.6666739583015441
3717.1  0.6548128128051757
3719.7  0.6277762055397033
3722.3  0.6006350517272949
3724.9  0.5745698809623718
3727.5  0.5375633239746093
3730.1  0.4853360056877136
3732.7  0.4326203763484955
3735.3  0.3999972939491272
3737.9  0.3939761817455292
3740.5  0.4035310745239258
3743.1  0.4158143103122711
3745.7  0.4321644306182861
3748.3  0.4636127054691315
3750.9  0.5098486542701721
3753.5  0.5503125190734863
3756.1  0.5633820295333862
3758.7  0.5513780713081359
3761.3  0.5398628115653991
3763.9  0.5528727769851684
3766.5  0.5938679575920104
3769.1  0.6503719687461853
3771.7  0.7096303105354309
3774.3  0.7650552988052368
3776.9  0.8121885061264038
3779.5  0.845915675163269
3782.1  0.8616136312484741
3784.7  0.8551915884017944
3787.3  0.8229770064353942
3789.9  0.7660914063453674
3792.5  0.6978614330291748
3795.1  0.6439915895462036
3797.7  0.6281332969665527
3800.3  0.6524577736854553
3802.9  0.692826509475708
3805.5  0.7137256264686584
3808.1  0.6900186538696289
3810.7  0.6222632527351379
3813.3  0.5371747612953186
3815.9  0.4689629077911377
3818.5  0.4352021217346191
3821.1  0.4310621917247772
3823.7  0.4427709877490997
3826.3  0.4589473903179169
3828.9  0.471210777759552
3831.5  0.4750801920890808
3834.1  0.4742968380451202
3836.7  0.4779293239116669
3839.3  0.4909044504165649
3841.9  0.5128428936004638
3844.5  0.5451430678367614
3847.1  0.5897996425628662
3849.7  0.6380808353424072
3852.3  0.6692811250686645
3854.9  0.668774127960205
3857.5  0.6451054811477661
3860.1  0.6241137981414794
3862.7  0.624687373638153
3865.3  0.6427339315414428
3867.9  0.6585937738418579
3870.5  0.6550007462501525
3873.1  0.6261785626411437
3875.7  0.5773255228996276
3878.3  0.5221720933914184
3880.9  0.4789170324802399
3883.5  0.4641181826591492
3886.1  0.4879249036312103
3888.7  0.5505668520927429
3891.3  0.638884961605072
3893.9  0.7289305925369262
3896.5  0.7972945570945739
3899.1  0.8320806622505187
3901.7  0.835308015346527
3904.3  0.8176567554473876
3906.9  0.791033923625946
3909.5  0.7644839286804199
3912.1  0.745463490486145
3914.7  0.7390177845954895
3917.3  0.7405924201011657
3919.9  0.7323734760284423
3922.5  0.6931926012039184
3925.1  0.6152348518371582
3927.7  0.5130896568298339
3930.3  0.4187529385089874
3932.9  0.3658705055713654
3935.5  0.3723911046981812
3938.1  0.4323301017284393
3940.7  0.5218203663825988
3943.3  0.6137101650238037
3945.9  0.6889621615409851
3948.5  0.7387590408325195
3951.1  0.7601107954978942
3953.7  0.7513098716735839
3956.3  0.711233377456665
3958.9  0.642691433429718
3961.5  0.5565158128738403
3964.1  0.4721894264221191
3966.7  0.4128318428993225
3969.3  0.3954469561576843
3971.9  0.4218422472476959
3974.5  0.4782445728778839
3977.1  0.5447548627853393
3979.7  0.6052263379096984
3982.3  0.6518328785896301
3984.9  0.6864991188049316
3987.5  0.7192499041557312
3990.1  0.7591122388839721
3992.7  0.8019274473190307
3995.3  0.8304387927055358
3997.9  0.8317606449127197
4000.5  0.8133113384246826
4003.1  0.7983423471450805
4005.7  0.8077808022499084
4008.3  0.8466923236846923
4010.9  0.9033625125885009
4013.5  0.957911193370819
4016.1  0.9938547015190124
4018.7  1.00628662109375
4021.3  1.002780199050903
4023.9  0.996673047542572
4026.5  0.9967331290245056
4029.1  1.002085208892822
4031.7  1.006658554077149
4034.3  1.006126403808594
4036.9  0.9988330602645874
4039.5  0.9829826951026916
4042.1  0.9560505747795104
4044.7  0.9156520366668701
4047.3  0.8595685362815856
4049.9  0.7899258732795715
4052.5  0.7223013043403625
4055.1  0.6849454045295715
4057.7  0.6982640027999877
4060.3  0.7543504238128662
4062.9  0.8235467672348022
4065.5  0.8805572986602783
4068.1  0.9186305403709411
4070.7  0.9412626028060913
4073.3  0.9502943158149719
4075.9  0.9461441040039062
4078.5  0.9343608021736145
4081.1  0.9253321290016174
4083.7  0.9262157082557678
4086.3  0.9345000386238098
4088.9  0.9389070868492126
4091.5  0.9252334833145141
4094.1  0.8844977617263793
4096.7  0.8222457766532897
4099.3  0.7616422176361083
4101.9  0.7314097881317138
4104.5  0.7449256181716918
4107.1  0.7919036149978637
4109.7  0.8506879806518554
4112.3  0.9033411145210266
4114.9  0.9391411542892456
4117.5  0.9520000219345092
4120.1  0.9404559731483459
4122.7  0.9094113707542419
4125.3  0.8708636164665222
4127.9  0.8412964344024658
4130.5  0.8343055844306945
4133.1  0.8527065515518188
4135.7  0.8871623873710632
4138.3  0.9223835468292236
4140.9  0.9461231231689453
4143.5  0.9542828202247619
4146.1  0.9478201270103454
4148.7  0.9262837767601013
4151.3  0.8883571028709411
4153.9  0.8407939672470092
4156.5  0.8030798435211181
4159.1  0.79651540517807
4161.7  0.8256088495254516
4164.3  0.8720777630805969
4166.9  0.9099470973014831
4169.5  0.9264201521873474
4172.1  0.9275053143501281
4174.7  0.9253639578819274
4177.3  0.9242330193519592
4179.9  0.9205111265182495
4182.5  0.9131031036376953
4185.1  0.9074628949165344
4187.7  0.9082277417182922
4190.3  0.9132751822471618
4192.9  0.9183592796325683
4195.5  0.9238331317901611
4198.1  0.9336512684822082
4200.7  0.9499280452728271
4203.3  0.9700266122817993
4205.9  0.987622857093811
4208.5  0.9964579343795776
4211.1  0.9943513870239257
4213.7  0.9839319586753845
4216.3  0.9680098891258239
4218.9  0.9445792436599731
4221.5  0.9099045395851135
4224.1  0.8689444661140441
4226.7  0.8377414345741271
4229.3  0.8300707340240478
4231.9  0.8452377915382385
4234.5  0.8733569979667663
4237.1  0.9071426391601562
4239.7  0.9425707459449768
4242.3  0.972379982471466
4244.9  0.9861523509025573
4247.5  0.9770516753196716
4250.1  0.9461156129837036
4252.7  0.9025089740753173
4255.3  0.8625426888465881
4257.9  0.8435167670249938
4260.5  0.851729929447174
4263.1  0.876833438873291
4265.7  0.9023883938789367
4268.3  0.9209805130958557
4270.9  0.9351886510848999
4273.5  0.9465711116790771
4276.1  0.9501767754554748
4278.7  0.94004487991333
4281.3  0.9136422276496887
4283.9  0.8678256869316101
4286.5  0.7962346673011779
4289.1  0.6977528929710388
4291.7  0.5875087976455688
4294.3  0.4950054585933685
4296.9  0.4486697614192963
4299.5  0.4589137732982636
4302.1  0.5108774304389953
4304.7  0.5730193853378295
4307.3  0.6203758716583251
4309.9  0.654443085193634
4312.5  0.6969386339187622
4315.1  0.7616691589355468
4317.7  0.8360016345977783
4320.3  0.892219066619873
4322.9  0.9133384227752685
4325.5  0.9044964909553527
4328.1  0.8814430832862854
4330.7  0.8531987071037292
4333.3  0.8188931345939636
4335.9  0.7801234126091003
4338.5  0.7515859603881835
4341.1  0.753405749797821
4343.7  0.7916744351387023
4346.3  0.8507437109947204
4348.9  0.9066828489303588
4351.5  0.9452607631683349
4354.1  0.9660439491271972
4356.7  0.9739906787872314
4359.3  0.9721189737319946
4361.9  0.9621143341064453
4364.5  0.9476327896118164
4367.1  0.9328077435493469
4369.7  0.9178134799003601
4372.3  0.8994746208190917
4374.9  0.8774084448814392
4377.5  0.8567303419113159
4380.1  0.8434675335884094
4382.7  0.840633749961853
4385.3  0.8489971160888671
4387.9  0.8657575845718383
4390.5  0.8816550970077514
4393.1  0.8857582211494445
4395.7  0.8751834034919738
4398.3  0.8555853366851806
4400.9  0.8317747712135314
4403.5  0.8045992255210876
4406.1  0.7801976203918457
4408.7  0.7748413681983947
4411.3  0.8020824790000915
4413.9  0.856705904006958
4416.5  0.9173159599304199
4419.1  0.9637838006019592
4421.7  0.9882339835166931
4424.3  0.9920127391815185
4426.9  0.9792898297309875
4429.5  0.9562748670578002
4432.1  0.9323124885559082
4434.7  0.9167037606239318
4437.3  0.9142345786094665
4439.9  0.9247327446937561
4442.5  0.9446532130241394
4445.1  0.9668008089065551
4447.7  0.9820261001586914
4450.3  0.9859188795089721
4452.9  0.9832655787467956
4455.5  0.9827133417129516
4458.1  0.9871847629547119
4460.7  0.9903826713562011
4463.3  0.981436014175415
4465.9  0.9519193768501281
4468.5  0.9015328884124755
4471.1  0.8407992720603942
4473.7  0.7886247038841247
4476.3  0.7642419338226318
4478.9  0.7767740488052368
4481.5  0.8188962936401367
4484.1  0.8699603676795959
4486.7  0.9069210290908813
4489.3  0.9166243076324462
4491.9  0.9031324386596679
4494.5  0.8857061862945556
4497.1  0.8860588073730468
4499.7  0.9119083285331726
4502.3  0.9517934918403625
4504.9  0.9868480563163757
4507.5  1.004415273666382
4510.1  0.9993364214897155
4512.7  0.9688051342964172
4515.3  0.9150035381317138
4517.9  0.8535401225090026
4520.5  0.8104332089424133
4523.1  0.8012122511863708
4525.7  0.8144755959510803
4528.3  0.8249153494834899
4530.9  0.8235946893692016
4533.5  0.8266305923461914
4536.1  0.8519172072410583
4538.7  0.8954309821128845
4541.3  0.9343853592872619
4543.9  0.9469005465507507
4546.5  0.9262071251869201
4549.1  0.8843258023262023
4551.7  0.8478764295578002
4554.3  0.8435351252555847
4556.9  0.87778902053833
4559.5  0.9304859042167663
4562.1  0.9726015329360961
4564.7  0.9894328713417053
4567.3  0.9859368801116943
4569.9  0.9744451642036437
4572.5  0.9619809985160827
4575.1  0.9495593309402465
4577.7  0.9403035044670104
4580.3  0.9421893954277038
4582.9  0.9595289826393127
4585.5  0.9849111437797546
4588.1  1.003955006599426
4590.7  1.006739497184754
4593.3  0.9937569499015808
4595.9  0.9738666415214538
4598.5  0.957940399646759
4601.1  0.9511469006538391
4603.7  0.9491524696350097
4606.3  0.9440004229545593
4608.9  0.9355360865592956
4611.5  0.9337577819824218
4614.1  0.9470106959342956
4616.7  0.9709318280220031
4619.3  0.9920973777770996
4621.9  0.999964952468872
4624.5  0.9936292171478271
4627.1  0.9803389310836791
4629.7  0.9696102142333984
4632.3  0.9668256640434265
4634.9  0.9709206819534301
4637.5  0.9775418639183044
4640.1  0.983274221420288
4642.7  0.9869827628135681
4645.3  0.9892678260803222
4647.9  0.9914084672927856
4650.5  0.993891954421997
4653.1  0.9952900409698486
4655.7  0.9927654862403869
4658.3  0.9843961596488952
4660.9  0.9718762040138244
4663.5  0.9604811072349548
4666.1  0.954325795173645
4668.7  0.9503906369209289
4671.3  0.939225435256958
4673.9  0.9151208996772766
4676.5  0.8865307569503784
4679.1  0.872684895992279
4681.7  0.8860434293746948
4684.3  0.9197165369987487
4686.9  0.9545426964759826
4689.5  0.9758068323135375
4692.1  0.9811971187591552
4694.7  0.9769559502601623
4697.3  0.9704321026802062
4699.9  0.9652431607246398
4702.5  0.9613373279571533
4705.1  0.9588423371315002
4707.7  0.960443377494812
4710.3  0.968732476234436
4712.9  0.9826324582099914
4715.5  0.9979293942451477
4718.1  1.010509610176087
4720.7  1.01824164390564
4723.3  1.020856022834778
4725.9  1.019417643547058
4728.5  1.016066193580627
4731.1  1.01363480091095
4733.7  1.014564752578735
4736.3  1.019473433494568
4738.9  1.026701331138611
4741.5  1.03371012210846
4744.1  1.03892183303833
4746.7  1.042120218276978
4749.3  1.043723464012146
4751.9  1.044333934783936
4754.5  1.044399380683899
4757.1  1.043600201606751
4759.7  1.041034936904907
4762.3  1.036800622940064
4764.9  1.033119916915894
4767.5  1.033140778541565
4770.1  1.038329362869263
4772.7  1.047037839889526
4775.3  1.055586814880371
4777.9  1.060856580734253
4780.5  1.062080144882202
4783.1  1.060533165931702
4785.7  1.057733654975891
4788.3  1.053802967071533
4790.9  1.046951293945313
4793.5  1.034737825393677
4796.1  1.017343044281006
4798.7  1.000283122062683
4801.3  0.9918406009674072
4803.9  0.9959466457366943
4806.5  1.008811950683594
4809.1  1.023422360420227
4811.7  1.035336852073669
4814.3  1.043549776077271
4816.9  1.048461556434631
4819.5  1.05073618888855
4822.1  1.051120758056641
4824.7  1.050232529640198
4827.3  1.048384428024292
4829.9  1.045657873153687
4832.5  1.042019248008728
4835.1  1.037584543228149
4837.7  1.0329350233078
4840.3  1.028735876083374
4842.9  1.024249911308289
4845.5  1.015759110450745
4848.1  0.9971414804458618
4850.7  0.9635946750640869
4853.3  0.9169086813926696
4855.9  0.867936372756958
4858.5  0.8324790596961975
4861.1  0.8212043642997741
4863.7  0.8311317563056945
4866.3  0.8478949666023254
4868.9  0.8588120341300964
4871.5  0.8633239865303039
4874.1  0.8699143528938293
4876.7  0.8856137990951538
4879.3  0.9106244444847106
4881.9  0.9402893781661987
4884.5  0.9687550067901611
4887.1  0.9912316799163818
4889.7  1.005531668663025
4892.3  1.012610197067261
4894.9  1.01530396938324
4897.5  1.016248226165772
4900.1  1.016810536384583
4902.7  1.016969442367554
4905.3  1.015228986740112
4907.9  1.007938504219055
4910.5  0.9890776872634887
4913.1  0.9538820385932922
4915.7  0.9076244235038757
4918.3  0.8701491951942443
4920.9  0.864093005657196
4923.5  0.8938860297203063
4926.1  0.9396411180496215
4928.7  0.9729984998703002
4931.3  0.9766972661018371
4933.9  0.9531559944152832
4936.5  0.9224336147308349
4939.1  0.9100540876388549
4941.7  0.9279938340187072
4944.3  0.9658041596412658
4946.9  1.002477884292603
4949.5  1.024420380592346
4952.1  1.031168341636658
4954.7  1.029891490936279
4957.3  1.028256893157959
4959.9  1.029767870903015
4962.5  1.032948136329651
4965.1  1.034835457801819
4967.7  1.03518009185791
4970.3  1.036059379577637
4972.9  1.037674188613892
4975.5  1.03576409816742
4978.1  1.024559736251831
4980.7  1.003366351127625
4983.3  0.980312705039978
4985.9  0.9676162004470825
4988.5  0.9713053107261657
4991.1  0.986734390258789
4993.7  1.004415988922119
4996.3  1.017358779907227
4998.9  1.0224848985672
5001.5  1.018913507461548
5004.1  1.006150126457214
5006.7  0.9828462600708007
5009.3  0.949698269367218
5011.9  0.9158085584640502
5014.5  0.8972024321556091
5017.1  0.9020918011665344
5019.7  0.9202520847320556
5022.3  0.9338133335113525
5024.9  0.9374316930770874
5027.5  0.9420691728591918
5030.1  0.9591690301895141
5032.7  0.9867414236068725
5035.3  1.012653470039368
5037.9  1.026801705360413
5040.5  1.027344703674316
5043.1  1.019147992134094
5045.7  1.010080218315125
5048.3  1.007220506668091
5050.9  1.013028264045715
5053.5  1.024023294448853
5056.1  1.03325355052948
5058.7  1.033083200454712
5061.3  1.01738965511322
5063.9  0.9858611226081848
5066.5  0.9481911659240722
5069.1  0.9189159274101257
5071.7  0.9039603471755981
5074.3  0.8970170617103576
5076.9  0.8931573629379272
5079.5  0.8986623883247375
5082.1  0.9209493994712829
5084.7  0.9552096128463745
5087.3  0.9876347184181213
5089.9  1.007430672645569
5092.5  1.0119469165802
5095.1  1.004576563835144
5097.7  0.99129319190979
5100.3  0.9755284190177917
5102.9  0.954440951347351
5105.5  0.9247552156448364
5108.1  0.8949583172798156
5110.7  0.8847129940986633
5113.3  0.9057554006576538
5115.9  0.9477940797805786
5118.5  0.9885185360908508
5121.1  1.013211250305176
5123.7  1.020732402801514
5126.3  1.016218900680542
5128.9  1.004995107650757
5131.5  0.9929026365280151
5134.1  0.9867634773254394
5136.7  0.9904113411903381
5139.3  1.001157999038696
5141.9  1.011929273605347
5144.5  1.01690948009491
5147.1  1.014906644821167
5149.7  1.008633375167847
5152.3  1.000831127166748
5154.9  0.9900844097137451
5157.5  0.9701772332191467
5160.1  0.9350793361663818
5162.7  0.8855441212654113
5165.3  0.8315053582191467
5167.9  0.788625419139862
5170.5  0.7712199687957763
5173.1  0.7835708260536193
5175.7  0.8143425583839416
5178.3  0.8435257673263549
5180.9  0.8610661029815673
5183.5  0.8758842945098876
5186.1  0.9016173481941223
5188.7  0.9377884268760681
5191.3  0.9707880616188049
5193.9  0.9897935390472412
5196.5  0.9963679909706115
5199.1  0.9995589852333068
5201.7  1.005889654159546
5204.3  1.015246272087097
5206.9  1.024467349052429
5209.5  1.031622409820557
5212.1  1.036328077316284
5214.7  1.038105249404907
5217.3  1.035841226577759
5219.9  1.028291463851929
5222.5  1.015079259872437
5225.1  0.9980964660644531
5227.7  0.9820369482040405
5230.3  0.9725496172904968
5232.9  0.9731215238571166
5235.5  0.9831291437149047
5238.1  0.9980719089508056
5240.7  1.011607050895691
5243.3  1.01821231842041
5245.9  1.015403032302857
5248.5  1.005200386047363
5251.1  0.9938029050827026
5253.7  0.987257182598114
5256.3  0.9851817488670349
5258.9  0.9805717468261718
5261.5  0.9685961008071899
5264.1  0.9543951749801635
5266.7  0.9492209553718566
5269.3  0.9590495228767395
5271.9  0.9790185689926147
5274.5  0.9984977841377258
5277.1  1.0094074010849
5279.7  1.010446429252625
5282.3  1.006487488746643
5284.9  1.004701256752014
5287.5  1.009409785270691
5290.1  1.019403100013733
5292.7  1.030088901519775
5295.3  1.037734389305115
5297.9  1.041481852531433
5300.5  1.042379021644592
5303.1  1.041605234146118
5305.7  1.03958797454834
5308.3  1.036081314086914
5310.9  1.030645966529846
5313.5  1.023178696632385
5316.1  1.014160394668579
5318.7  1.004522681236267
5321.3  0.9956111311912536
5323.9  0.989595890045166
5326.5  0.9892022013664245
5329.1  0.995681881904602
5331.7  1.006930589675903
5334.3  1.018490433692932
5336.9  1.026602745056152
5339.5  1.029989123344421
5342.1  1.029355764389038
5344.7  1.026437520980835
5347.3  1.023654699325562
5349.9  1.023332118988037
5352.5  1.026073694229126
5355.1  1.030074596405029
5357.7  1.032580971717834
5360.3  1.032033920288086
5362.9  1.028873801231384
5365.5  1.024924516677857
5368.1  1.021702766418457
5370.7  1.018059253692627
5373.3  1.008504867553711
5375.9  0.985815942287445
5378.5  0.9495639204978942
5381.1  0.9134538769721984
5383.7  0.8989549875259399
5386.3  0.9162994027137756
5388.9  0.9536181092262268
5391.5  0.9873944520950317
5394.1  0.9995849728584289
5396.7  0.983957290649414
5399.3  0.9455348253250122
5401.9  0.9014551043510437
5404.5  0.8762557506561279
5407.1  0.8855465054512023
5409.7  0.9229598641395568
5412.3  0.9673666357994079
5414.9  1.001459240913391
5417.5  1.020941615104675
5420.1  1.029947400093079
5422.7  1.033501625061035
5425.3  1.034463763237
5427.9  1.034128785133362
5430.5  1.033365726470947
5433.1  1.032842755317688
5435.7  1.032495975494385
5438.3  1.03137743473053
5440.9  1.028345823287964
5443.5  1.023234963417053
5446.1  1.01761531829834
5448.7  1.014052867889404
5451.3  1.014009714126587
5453.9  1.016526818275452
5456.5  1.019237875938416
5459.1  1.020479083061218
5461.7  1.020124912261963
5464.3  1.018449544906616
5466.9  1.014102697372437
5469.5  1.004047989845276
5472.1  0.9875149726867675
5474.7  0.9705859422683715
5477.3  0.963919460773468
5479.9  0.9731195569038391
5482.5  0.9928494095802307
5485.1  1.012362241744995
5487.7  1.024798989295959
5490.3  1.029579281806946
5492.9  1.028510332107544
5495.5  1.022717595100403
5498.1  1.013391613960266
5500.7  1.003666996955872
5503.3  0.997893750667572
5505.9  0.9983869194984436
5508.5  1.003671526908875
5511.1  1.010518789291382
5513.7  1.016696572303772
5516.3  1.021477580070496
5518.9  1.024822950363159
5521.5  1.026924848556519
5524.1  1.028156995773315
5526.7  1.029074430465698
5529.3  1.03019392490387
5531.9  1.031478762626648
5534.5  1.032115578651428
5537.1  1.031244397163391
5539.7  1.028818607330322
5542.3  1.025435924530029
5544.9  1.021099090576172
5547.5  1.014222145080566
5550.1  1.00225830078125
5552.7  0.9840652346611022
5555.3  0.9623380303382873
5557.9  0.9439070224761962
5560.5  0.9366360902786254
5563.1  0.9437827467918395
5565.7  0.9605315923690795
5568.3  0.9776477813720703
5570.9  0.9893763065338134
5573.5  0.9961973428726196
5576.1  0.9994621276855468
5578.7  0.995246946811676
5581.3  0.9761402010917663
5583.9  0.9412537813186645
5586.5  0.9043964743614196
5589.1  0.8877544403076171
5591.7  0.902686595916748
5594.3  0.9387743473052978
5596.9  0.9749071598052978
5599.5  0.9977834224700927
5602.1  1.007093191146851
5604.7  1.007633805274963
5607.3  1.002204537391663
5609.9  0.9922159910202026
5612.5  0.9816817045211791
5615.1  0.977134346961975
5617.7  0.9824244976043701
5620.3  0.9949190020561218
5622.9  1.008228302001953
5625.5  1.017464280128479
5628.1  1.020888328552246
5630.7  1.018402576446533
5633.3  1.01108992099762
5635.9  1.002332091331482
5638.5  0.996871531009674
5641.1  0.9969138503074645
5643.7  0.9999247193336486
5646.3  1.001407027244568
5648.9  0.9991689324378967
5651.5  0.9943055510520935
5654.1  0.9893786311149597
5656.7  0.9866657853126525
5659.3  0.9872853159904479
5661.9  0.9908710122108459
5664.5  0.9960985779762268
5667.1  1.001805186271668
5669.7  1.007349848747254
5672.3  1.01211142539978
5674.9  1.015356063842774
5677.5  1.016797304153442
5680.1  1.01694929599762
5682.7  1.016746282577515
5685.3  1.016720175743103
5687.9  1.01649022102356
5690.5  1.015056848526001
5693.1  1.011476516723633
5695.7  1.004969835281372
5698.3  0.993965744972229
5700.9  0.9756920933723449
5703.5  0.9492974281311035
5706.1  0.9212208986282348
5708.7  0.9047672152519226
5711.3  0.9099077582359313
5713.9  0.9335709810256958
5716.5  0.9624029397964477
5719.1  0.9838892221450805
5721.7  0.9925934076309204
5724.3  0.9886285066604614
5726.9  0.9756924510002136
5729.5  0.9616304636001586
5732.1  0.9562488794326782
5734.7  0.9643210172653198
5737.3  0.9814774394035339
5739.9  0.9987967610359191
5742.5  1.010371446609497
5745.1  1.015557408332825
5747.7  1.015774250030518
5750.3  1.010749936103821
5752.9  0.9971213340759277
5755.5  0.9701178669929504
5758.1  0.9274342060089111
5760.7  0.8698989748954772
5763.3  0.7943187952041625
5765.9  0.6881913542747497
5768.5  0.5422377586364746
5771.1  0.37142413854599
5773.7  0.2133393287658691
5776.3  0.100247748196125
5778.9  0.03793356195092201
5781.5  0.01144116371870041
5784.1  0.002729356987401843
5786.7  5.114665254950523E-4
5789.3  6.800413393648341E-5
5791.9  0.
5794.5  0.
5797.1  0.
5799.7  0.
5802.3  0.
5804.9  0.
5807.5  0.
5810.1  0.
5812.7  0.
5815.3  0.
5817.9  0.
5820.5  6.926136848051100E-5
5823.1  5.212090327404439E-4
5825.7  0.002816608641296625
5828.3  0.01189769525080919
5830.9  0.03987578302621841
5833.5  0.1070041805505753
5836.1  0.2324309796094894
5838.7  0.4149270355701447
5841.3  0.6216898560523986
5843.9  0.8040658831596374
5846.5  0.9292028546333312
5849.1  0.9957324862480163
5851.7  1.022622108459473
5854.3  1.030074238777161
5856.9  1.030395984649658
5859.5  1.028864502906799
5862.1  1.027220010757446
5864.7  1.025920510292053
5867.3  1.025034308433533
5869.9  1.024284362792969
5872.5  1.023094773292542
5875.1  1.020850896835327
5877.7  1.01704740524292
5880.3  1.010621666908264
5882.9  0.9993404150009155
5885.5  0.9814067482948303
5888.1  0.9591671824455261
5890.7  0.9405261874198913
5893.3  0.9346170425415039
5895.9  0.9450211524963378
5898.5  0.9670964479446411
5901.1  0.9915483593940734
5903.7  1.010514259338379
5906.3  1.021121740341187
5908.9  1.024814367294312
5911.5  1.024691343307495
5914.1  1.023605823516846
5916.7  1.023386359214783
5919.3  1.024341225624084
5921.9  1.025113463401794
5924.5  1.023443698883057
5927.1  1.017635583877564
5929.7  1.008259534835816
5932.3  0.9990120530128479
5934.9  0.9948735237121582
5937.5  0.9978452324867248
5940.1  1.00462007522583
5942.7  1.009153604507446
5945.3  1.007367372512817
5947.9  0.9998935461044311
5950.5  0.9917483925819396
5953.1  0.9889991283416748
5955.7  0.9938011765480041
5958.3  1.002442002296448
5960.9  1.009237766265869
5963.5  1.011955261230469
5966.1  1.012597680091858
5968.7  1.013826847076416
5971.3  1.016051292419434
5973.9  1.017870664596558
5976.5  1.01804530620575
5979.1  1.016485929489136
5981.7  1.014013409614563
5984.3  1.011674523353577
5986.9  1.010168671607971
5989.5  1.009610891342163
5992.1  1.009676694869995
5994.7  1.009840250015259
5997.3  1.009494423866272
5999.9  1.008181095123291
6002.5  1.006052613258362
6005.1  1.004177689552307
6007.7  1.003981590270996
6010.3  1.005938053131104
6012.9  1.009000897407532
6015.5  1.011662244796753
6018.1  1.013305068016052
6020.7  1.01426362991333
6023.3  1.014947056770325
6025.9  1.015349864959717
6028.5  1.015296578407288
6031.1  1.014784932136536
6033.7  1.013969898223877
6036.3  1.012994885444641
6038.9  1.011911869049072
6041.5  1.010694146156311
6044.1  1.009275436401367
6046.7  1.007636070251465
6049.3  1.005899548530579
6051.9  1.004350543022156
6054.5  1.003306150436401
6057.1  1.002930045127869
6059.7  1.003194212913513
6062.3  1.00402843952179
6064.9  1.005375027656555
6067.5  1.006970882415772
6070.1  1.008122444152832
6072.7  1.00767183303833
6075.3  1.004324197769165
6077.9  0.9976915121078491
6080.5  0.9896040558815002
6083.1  0.9837858080863952
6085.7  0.9831121563911437
6088.3  0.9871594905853271
6090.9  0.9929980635643005
6093.5  0.9980269074440002
6096.1  1.001449942588806
6098.7  1.003651261329651
6101.3  1.005182266235352
6103.9  1.00640070438385
6106.5  1.007450699806213
6109.1  1.008248090744019
6111.7  1.008546948432922
6114.3  1.008140563964844
6116.9  1.007139205932617
6119.5  1.006078720092773
6122.1  1.005623698234558
6124.7  1.006028175354004
6127.3  1.00687301158905
6129.9  1.00728714466095
6132.5  1.006106376647949
6135.1  1.001837253570557
6137.7  0.9929328560829162
6140.3  0.9790263175964355
6142.9  0.9628438353538513
6145.5  0.9505530595779418
6148.1  0.9479232430458068
6150.7  0.9541722536087036
6153.3  0.9608385562896728
6155.9  0.9594218134880065
6158.5  0.9505219459533691
6161.1  0.9438614249229431
6163.7  0.9486328959465026
6166.3  0.9648630023002624
6168.9  0.9847229123115539
6171.5  1.000400185585022
6174.1  1.009001731872559
6176.7  1.011410713195801
6179.3  1.009331941604614
6181.9  1.004501938819885
6184.5  0.9994699954986572
6187.1  0.9972797036170959
6189.7  0.9994891881942749
6192.3  1.004956722259522
6194.9  1.011127233505249
6197.5  1.016114234924316
6200.1  1.019334554672241
6202.7  1.020878076553345
6205.3  1.020850539207459
6207.9  1.019249558448792
6210.5  1.01629376411438
6213.1  1.012781500816345
6215.7  1.009900093078613
6218.3  1.008394122123718
6220.9  1.007880568504334
6223.5  1.007076621055603
6226.1  1.004948019981384
6228.7  1.001860022544861
6231.3  0.9994145631790161
6233.9  0.9987363219261169
6236.5  0.9990409016609191
6239.1  0.9983108043670654
6241.7  0.9952380657196044
6244.3  0.9899028539657592
6246.9  0.982820987701416
6249.5  0.9746631979942321
6252.1  0.9675082564353942
6254.7  0.9649100303649902
6257.3  0.9691541194915771
6259.9  0.9788386821746826
6262.5  0.989867091178894
6265.1  0.9983987808227539
6267.7  1.002654433250427
6270.3  1.002849817276001
6272.9  1.000452995300293
6275.5  0.9977134466171264
6278.1  0.9970278143882751
6280.7  0.9995350837707519
6283.3  1.004185795783997
6285.9  1.008724927902222
6288.5  1.011577129364014
6291.1  1.012509942054749
6293.7  1.011918902397156
6296.3  1.010095953941345
6298.9  1.00725245475769
6301.5  1.003768086433411
6304.1  1.000060915946961
6306.7  0.9964117407798767
6309.3  0.9932329654693603
6311.9  0.9912828207015991
6314.5  0.9911852478981018
6317.1  0.9929811358451843
6319.7  0.9963340759277343
6322.3  1.000697135925293
6324.9  1.005148530006409
6327.5  1.008592247962952
6330.1  1.010351657867432
6332.7  1.010393977165222
6335.3  1.009031772613525
6337.9  1.006662487983704
6340.5  1.003832221031189
6343.1  1.001275181770325
6345.7  0.9996092319488525
6348.3  0.9989539384841918
6350.9  0.9988679885864257
6353.5  0.9986171126365661
6356.1  0.9975502490997314
6358.7  0.9954212307929992
6361.3  0.992213487625122
6363.9  0.9876982569694519
6366.5  0.981970191001892
6369.1  0.9769021868705749
6371.7  0.9758828282356262
6374.3  0.9807402491569519
6376.9  0.9895240068435668
6379.5  0.9983043074607849
6382.1  1.004477977752686
6384.7  1.007344126701355
6387.3  1.006143450737
6389.9  0.9984052777290344
6392.5  0.9810567498207092
6395.1  0.9549841284751892
6397.7  0.9293015599250793
6400.3  0.9178001880645751
6402.9  0.9273645877838134
6405.5  0.9512378573417663
6408.1  0.9759759902954101
6410.7  0.992880642414093
6413.3  1.001318693161011
6415.9  1.004554510116577
6418.5  1.00553286075592
6421.1  1.005590081214905
6423.7  1.004701256752014
6426.3  1.001836776733398
6428.9  0.9952207207679748
6431.5  0.9832381010055541
6434.1  0.9669013023376464
6436.7  0.9519059062004089
6439.3  0.9460937976837158
6441.9  0.9526803493499755
6444.5  0.9669235944747924
6447.1  0.9808279275894165
6449.7  0.9897955060005187
6452.3  0.99382746219635
6454.9  0.9945825934410095
6457.5  0.9934809207916259
6460.1  0.9918904304504394
6462.7  0.991096019744873
6465.3  0.9912691116333007
6467.9  0.9912211894989013
6470.5  0.989942193031311
6473.1  0.9882068037986755
6475.7  0.9879645705223083
6478.3  0.9901686906814575
6480.9  0.9937385916709899
6483.5  0.9966645240783691
6486.1  0.9976287484169006
6488.7  0.9966025948524475
6491.3  0.9945402145385742
6493.9  0.9927217960357666
6496.5  0.99202561378479
6499.1  0.9924963116645812
6501.7  0.9935063123703002
6504.3  0.9942244887351989
6506.9  0.9939995408058166
6509.5  0.9926725625991821
6512.1  0.9907257556915283
6514.7  0.9889605641365051
6517.3  0.987797737121582
6519.9  0.986972689628601
6522.5  0.9860814213752746
6525.1  0.9853317737579345
6527.7  0.9854635000228881
6530.3  0.9868077039718627
6532.9  0.9886500239372253
6535.5  0.9896584153175354
6538.1  0.9886907935142517
6540.7  0.9851347804069519
6543.3  0.9788787961006164
6545.9  0.9701694846153259
6548.5  0.9589996337890625
6551.1  0.9441424012184143
6553.7  0.9232468008995056
6556.3  0.8954123258590698
6558.9  0.8650009036064147
6561.5  0.8423188924789428
6564.1  0.8378108143806457
6566.7  0.8537007570266723
6569.3  0.8821272253990173
6571.9  0.9120890498161315
6574.5  0.9369704723358154
6577.1  0.955561876296997
6579.7  0.9688715934753417
6582.3  0.9779063463211059
6584.9  0.9832302331924438
6587.5  0.9846909642219543
6590.1  0.9816230535507202
6592.7  0.9746473431587219
6595.3  0.9675631523132324
6597.9  0.9658679962158203
6600.5  0.9719783067703247
6603.1  0.9827626347541809
6605.7  0.9928491711616516
6608.3  0.9994162917137145
6610.9  1.003050804138184
6613.5  1.005417823791504
6616.1  1.007426261901856
6618.7  1.00910758972168
6621.3  1.010183930397034
6623.9  1.01041316986084
6626.5  1.009685516357422
6629.1  1.008144617080689
6631.7  1.006381750106812
6634.3  1.005208015441895
6636.9  1.004937410354614
6639.5  1.005041480064392
6642.1  1.004890084266663
6644.7  1.004741907119751
6647.3  1.005565166473389
6649.9  1.007772088050842
6652.5  1.010503649711609
6655.1  1.012329578399658
6657.7  1.012384653091431
6660.3  1.010857224464417
6662.9  1.008767008781433
6665.5  1.007262945175171
6668.1  1.00654935836792
6670.7  1.005429625511169
6673.3  1.002729058265686
6675.9  0.9995439648628234
6678.5  0.9990527033805847
6681.1  1.003205418586731
6683.7  1.010279297828674
6686.3  1.016393542289734
6688.9  1.018813371658325
6691.5  1.017534494400025
6694.1  1.014682412147522
6696.7  1.012859106063843
6699.3  1.013364315032959
6701.9  1.015500545501709
6704.5  1.017586231231689
6707.1  1.018490076065064
6709.7  1.01809823513031
6712.3  1.016804456710816
6714.9  1.015087723731995
6717.5  1.013569951057434
6720.1  1.012975335121155
6722.7  1.013556122779846
6725.3  1.014610171318054
6727.9  1.014744162559509
6730.5  1.012704491615295
6733.1  1.008173823356628
6735.7  1.00220263004303
6738.3  0.9969109892845153
6740.9  0.9943799376487731
6743.5  0.9954699277877807
6746.1  0.9994618296623229
6748.7  1.00463879108429
6751.3  1.009295463562012
6753.9  1.01248037815094
6756.5  1.014092803001404
6759.1  1.014546394348145
6761.7  1.014399409294129
6764.3  1.014105916023254
6766.9  1.013880610466003
6769.5  1.01366114616394
6772.1  1.013212561607361
6774.7  1.012285709381104
6777.3  1.010814666748047
6779.9  1.009086847305298
6782.5  1.007729291915894
6785.1  1.007331848144531
6787.7  1.007972240447998
6790.3  1.009155631065369
6792.9  1.010218381881714
6795.5  1.010745167732239
6798.1  1.010674834251404
6800.7  1.010166645050049
6803.3  1.009406447410584
6805.9  1.008522748947144
6808.5  1.007680773735046
6811.1  1.007223010063171
6813.7  1.007553815841675
6816.3  1.008762717247009
6818.9  1.010433912277222
6821.5  1.011950612068176
6824.1  1.012938022613525
6826.7  1.013323068618774
6829.3  1.013033986091614
6831.9  1.011807799339295
6834.5  1.009450435638428
6837.1  1.006363034248352
6839.7  1.00366485118866
6842.3  1.002474427223206
6844.9  1.002896904945374
6847.5  1.003831267356873
6850.1  1.003840804100037
6852.7  1.001776576042175
6855.3  0.9958533644676208
6857.9  0.9815397262573242
6860.5  0.9511241316795349
6863.1  0.89933443069458
6865.7  0.8341480493545532
6868.3  0.7805549502372741
6870.9  0.7654097080230712
6873.5  0.7940326333045959
6876.1  0.8447677493095397
6878.7  0.888096272945404
6881.3  0.9083122611045837
6883.9  0.907914400100708
6886.5  0.8962524533271789
6889.1  0.8777008652687072
6891.7  0.8527348637580871
6894.3  0.8290321230888366
6896.9  0.823430061340332
6899.5  0.846535325050354
6902.1  0.8899856209754943
6904.7  0.9344871044158935
6907.3  0.9665438532829284
6909.9  0.9840941429138183
6912.5  0.9913389086723327
6915.1  0.9932599663734436
6917.7  0.9934608340263366
6920.3  0.9937272071838378
6922.9  0.9942750930786132
6925.5  0.9944640398025512
6928.1  0.9932365417480468
6930.7  0.9892174005508422
6933.3  0.9807854294776916
6935.9  0.967170774936676
6938.5  0.9506840705871582
6941.1  0.9372817277908325
6943.7  0.9328228831291198
6946.3  0.9382082819938659
6948.9  0.9490952491760253
6951.5  0.9599201679229736
6954.1  0.9673907756805419
6956.7  0.9713520407676696
6959.3  0.973776638507843
6961.9  0.9766402244567871
6964.5  0.9801884293556213
6967.1  0.9832355976104736
6969.7  0.9847126603126525
6972.3  0.9844783544540405
6974.9  0.9832260608673095
6977.5  0.9824422001838684
6980.1  0.9840069413185119
6982.7  0.9886899590492248
6985.3  0.9949877858161926
6987.9  1.000167012214661
6990.5  1.002295732498169
6993.1  1.000972509384155
6995.7  0.9966732859611511
6998.3  0.9902325868606567
7000.9  0.982899785041809
7003.5  0.976243257522583
7006.1  0.9712826609611511
7008.7  0.9676121473312377
7011.3  0.9641511440277099
7013.9  0.9612420201301574
7016.5  0.9609219431877136
7019.1  0.9641743898391723
7021.7  0.9690388441085815
7024.3  0.9726479649543762
7026.9  0.9742279052734375
7029.5  0.9750723242759704
7032.1  0.9764454960823059
7034.7  0.9785013794898986
7037.3  0.9806796908378601
7039.9  0.9824122190475463
7042.5  0.9835805296897888
7045.1  0.9845334291458129
7047.7  0.9854669570922851
7050.3  0.9858388900756835
7052.9  0.9846285581588745
7055.5  0.9814332723617553
7058.1  0.9774766564369201
7060.7  0.9753505587577819
7063.3  0.9771886467933654
7065.9  0.9828016757965087
7068.5  0.9897717833518981
7071.1  0.9953298568725585
7073.7  0.998011291027069
7076.3  0.9979364871978759
7078.9  0.99619722366333
7081.5  0.9941012859344482
7084.1  0.9925588965415954
7086.7  0.9917401671409606
7089.3  0.9912112951278686
7091.9  0.9904607534408569
7094.5  0.9893111586570739
7097.1  0.987942099571228
7099.7  0.9867035746574401
7102.3  0.9858648180961608
7104.9  0.9853419661521911
7107.5  0.984659731388092
7110.1  0.9833328127861022
7112.7  0.9813337922096252
7115.3  0.979232907295227
7117.9  0.9779469966888427
7120.5  0.9781795144081115
7123.1  0.9798090457916259
7125.7  0.9818295240402221
7128.3  0.9831991791725158
7130.9  0.983896255493164
7133.5  0.9848840236663818
7136.1  0.986828863620758
7138.7  0.9890704751014709
7141.3  0.990152895450592
7143.9  0.9893434047698974
7146.5  0.9874712228775024
7149.1  0.9861147403717041
7151.7  0.9857664108276367
7154.3  0.984710693359375
7156.9  0.9799827933311462
7159.5  0.970007300376892
7162.1  0.9568179249763488
7164.7  0.945519745349884
7167.3  0.9407855868339538
7169.9  0.9434826374053955
7172.5  0.9507080912590026
7175.1  0.9585837721824645
7177.7  0.9646441936492919
7180.3  0.9681731462478637
7182.9  0.9691849946975708
7185.5  0.9671667218208312
7188.1  0.9604407548904418
7190.7  0.9457145929336547
7193.3  0.918487548828125
7195.9  0.8763478994369506
7198.5  0.8251088857650756
7201.1  0.7813727259635925
7203.7  0.765023648738861
7206.3  0.7855170369148254
7208.9  0.8340833187103271
7211.5  0.8896769881248474
7214.1  0.9337450861930847
7216.7  0.9602041840553283
7219.3  0.9732670783996582
7221.9  0.9793567657470703
7224.5  0.9823452234268188
7227.1  0.9836776256561279
7229.7  0.9837826490402221
7232.3  0.9824230074882507
7234.9  0.9787155389785766
7237.5  0.9716137647628784
7240.1  0.9611048102378845
7242.7  0.9487349987030029
7245.3  0.9365965723991394
7247.9  0.9264003038406372
7250.5  0.9205138087272644
7253.1  0.9224211573600769
7255.7  0.9334827065467834
7258.3  0.9498513340950012
7260.9  0.9649100303649902
7263.5  0.9743961691856384
7266.1  0.9780600666999816
7268.7  0.9776719212532043
7271.3  0.9750735163688659
7273.9  0.9716081023216247
7276.5  0.967659056186676
7279.1  0.9617208242416381
7281.7  0.950793981552124
7284.3  0.9337607622146606
7286.9  0.9153315424919128
7289.5  0.9047075510025024
7292.1  0.9079801440238952
7294.7  0.9223448038101196
7297.3  0.939301311969757
7299.9  0.9525146484375
7302.5  0.961114764213562
7305.1  0.9669087529182434
7307.7  0.971035897731781
7310.3  0.9736174941062927
7312.9  0.9749935865402221
7315.5  0.9761616587638854
7318.1  0.978099763393402
7320.7  0.980879008769989
7323.3  0.983530580997467
7325.9  0.9848953485488891
7328.5  0.9847129583358764
7331.1  0.9837809801101684
7333.7  0.9830015897750854
7336.3  0.9822777509689331
7338.9  0.9802786707878112
7341.5  0.9751205444335937
7344.1  0.9656325578689575
7346.7  0.9529855251312255
7349.3  0.9416363835334777
7351.9  0.9373620748519897
7354.5  0.9426581263542175
7357.1  0.9542951583862304
7359.7  0.9662887454032897
7362.3  0.9746565818786621
7364.9  0.9789015054702758
7367.5  0.9803396463394165
7370.1  0.9802504181861877
7372.7  0.9790758490562438
7375.3  0.9762630462646484
7377.9  0.9707329869270324
7380.5  0.9623469114303588
7383.1  0.9534888863563537
7385.7  0.9485129714012145
7388.3  0.9504309892654418
7390.9  0.9581727385520935
7393.5  0.9677453637123107
7396.1  0.9756590723991394
7398.7  0.9806228280067443
7401.3  0.982680320739746
7403.9  0.9820724725723266
7406.5  0.9794049263000488
7409.1  0.9764041900634765
7411.7  0.9754722118377685
7414.3  0.9777657389640808
7416.9  0.9820437431335449
7419.5  0.9859763383865356
7422.1  0.98824143409729
7424.7  0.9889890551567077
7427.3  0.9888861775398254
7429.9  0.9883704781532287
7432.5  0.9875985383987426
7435.1  0.9865919947624206
7437.7  0.9853128790855407
7440.3  0.9837714433670043
7442.9  0.9820842146873474
7445.5  0.9803979992866516
7448.1  0.9787849187850952
7450.7  0.9773104786872863
7453.3  0.9761184453964233
7455.9  0.975300908088684
7458.5  0.974752128124237
7461.1  0.9743138551712036
7463.7  0.9739636778831481
7466.3  0.9735888838768005
7468.9  0.9727455377578735
7471.5  0.9710655808448791
7474.1  0.9689660668373107
7476.7  0.9675512909889221
7479.3  0.9676796197891235
7481.9  0.9693891406059265
7484.5  0.9722256064414978
7487.1  0.9757279753684997
7489.7  0.979522705078125
7492.3  0.9832907915115356
7494.9  0.986750841140747
7497.5  0.9895552396774291
7500.1  0.9913702011108398
7502.7  0.992296814918518
7505.3  0.9929779767990112
7507.9  0.9939209818840026
7510.5  0.9948483705520629
7513.1  0.9949934482574462
7515.7  0.9939771294593811
7518.3  0.9921919703483581
7520.9  0.9903860688209533
7523.5  0.9890322089195251
7526.1  0.9881558418273925
7528.7  0.9876644611358642
7531.3  0.9876303672790527
7533.9  0.9880695939064025
7536.5  0.9885632991790771
7539.1  0.9884308576583862
7541.7  0.987392783164978
7544.3  0.9859222173690795
7546.9  0.9848923087120056
7549.5  0.9848358035087585
7552.1  0.9854927659034729
7554.7  0.9860997200012207
7557.3  0.9861224889755249
7559.9  0.9855814576148986
7562.5  0.9847813248634338
7565.1  0.9840878844261169
7567.7  0.983947217464447
7570.3  0.9846715927124023
7572.9  0.9860452413558959
7575.5  0.9873362183570861
7578.1  0.9873886704444885
7580.7  0.9834710955619812
7583.3  0.968494176864624
7585.9  0.928939402103424
7588.5  0.848638892173767
7591.1  0.7204682826995849
7593.7  0.5576632618904113
7596.3  0.390935093164444
7598.9  0.2512524425983429
7601.5  0.1559862345457077
7604.1  0.1113129854202271
7606.7  0.1227070242166519
7609.3  0.1963693499565125
7611.9  0.3265576064586639
7614.5  0.4833554625511169
7617.1  0.6204264163970947
7619.7  0.7008398175239562
7622.3  0.7171260714530944
7624.9  0.6882649064064025
7627.5  0.6413650512695312
7630.1  0.5960143208503723
7632.7  0.5613694787025451
7635.3  0.5428940653800964
7637.9  0.5477721095085144
7640.5  0.5816292166709899
7643.1  0.6405661702156066
7645.7  0.7102165222167968
7648.3  0.7752596735954284
7650.9  0.8283353447914123
7653.5  0.8695206642150878
7656.1  0.900966465473175
7658.7  0.9238825440406799
7661.3  0.9382652044296264
7663.9  0.9439104795455932
7666.5  0.9423871040344238
7669.1  0.9388293027877807
7671.7  0.9400938749313354
7674.3  0.9498198628425598
7676.9  0.9655901789665222
7679.5  0.9816299080848693
7682.1  0.9936002492904663
7684.7  1.000532865524292
7687.3  1.003747701644897
7689.9  1.005205750465393
7692.5  1.006439089775086
7695.1  1.007806420326233
7697.7  1.008184790611267
7700.3  1.005205988883972
7702.9  0.9962505102157592
7705.5  0.9806287288665771
7708.1  0.9618892669677734
7710.7  0.9470419883728027
7713.3  0.9416777491569519
7715.9  0.9456898570060729
7718.5  0.9543741345405578
7721.1  0.9631346464157104
7723.7  0.9703567624092102
7726.3  0.9764083623886108
7728.9  0.9815281629562377
7731.5  0.9854711890220642
7734.1  0.9882911443710327
7736.7  0.9903379082679748
7739.3  0.9917230010032653
7741.9  0.9923552274703979
7744.5  0.992432951927185
7747.1  0.9924703240394592
7749.7  0.9929009079933166
7752.3  0.993801474571228
7754.9  0.9949520826339721
7757.5  0.9960501194000244
7760.1  0.9967698454856872
7762.7  0.996570348739624
7765.3  0.9942449927330017
7767.9  0.9878826141357421
7770.5  0.9758098125457763
7773.1  0.9584845900535583
7775.7  0.9402553439140319
7778.3  0.9290149211883544
7780.9  0.9320098161697387
7783.5  0.9497447609901428
7786.1  0.974416434764862
7788.7  0.9958537220954895
7791.3  1.008695006370544
7793.9  1.013742566108704
7796.5  1.014516353607178
7799.1  1.01397442817688
7801.7  1.013418436050415
7804.3  1.012822508811951
7806.9  1.011698246002197
7809.5  1.010032773017883
7812.1  1.008493185043335
7814.7  1.007781386375427
7817.3  1.007931590080261
7819.9  1.008378386497498
7822.5  1.00844931602478
7825.1  1.007636427879333
7827.7  1.005762457847595
7830.3  1.003287076950073
7832.9  1.001246571540833
7835.5  1.000478148460388
7838.1  1.000943899154663
7840.7  1.001992583274841
7843.3  1.00304639339447
7845.9  1.003790259361267
7848.5  1.003980755805969
7851.1  1.003423929214478
7853.7  1.002105236053467
7856.3  1.000269055366516
7858.9  0.9984719157218933
7861.5  0.9975025057792663
7864.1  0.9979603290557861
7866.7  0.9997110962867736
7869.3  1.001852512359619
7871.9  1.003346920013428
7874.5  1.003750443458557
7877.1  1.003501653671265
7879.7  1.003721952438355
7882.3  1.005562424659729
7884.9  1.009222745895386
7887.5  1.013500094413757
7890.1  1.016682505607605
7892.7  1.018036723136902
7895.3  1.01820695400238
7897.9  1.018177390098572
7900.5  1.018182039260864
7903.1  1.017602324485779
7905.7  1.015439629554749
7908.3  1.010605573654175
7910.9  1.002355813980103
7913.5  0.9914994835853576
7916.1  0.9814285635948181
7918.7  0.9765964150428771
7921.3  0.9786387681961059
7923.9  0.984622836112976
7926.5  0.9901283979415893
7929.1  0.9933106899261474
7931.7  0.9952065348625183
7934.3  0.997084617614746
7936.9  0.9987332224845886
7939.5  0.9992117881774902
7942.1  0.9984866380691528
7944.7  0.9977914094924926
7947.3  0.9983934164047241
7949.9  1.000336647033691
7952.5  1.002532601356506
7955.1  1.003629803657532
7957.7  1.002642393112183
7960.3  0.9992664456367492
7962.9  0.9941715598106384
7965.5  0.989063560962677
7968.1  0.9861937761306762
7970.7  0.9872750043869018
7973.3  0.9923656582832336
7975.9  0.9998829364776611
7978.5  1.007895231246948
7981.1  1.015145897865295
7983.7  1.020651817321777
7986.3  1.02268385887146
7988.9  1.018278837203979
7991.5  1.004539608955383
7994.1  0.9824491739273071
7996.7  0.960178792476654
7999.3  0.9496463537216186
8001.9  0.9565244913101196
8004.5  0.9747822284698486
8007.1  0.9930017590522766
8009.7  1.004327535629273
8012.3  1.009064674377442
8014.9  1.01048743724823
8017.5  1.010842442512512
8020.1  1.010705947875977
8022.7  1.010235786437988
8025.3  1.009973406791687
8027.9  1.010446071624756
8030.5  1.011436462402344
8033.1  1.012147903442383
8035.7  1.011897206306458
8038.3  1.010470986366272
8040.9  1.008154630661011
8043.5  1.005696177482605
8046.1  1.00390625
8048.7  1.00298023223877
8051.3  1.002456665039063
8053.9  1.002012252807617
8056.5  1.001988887786865
8059.1  1.002917647361755
8061.7  1.004782199859619
8064.3  1.007037043571472
8066.9  1.009240031242371
8069.5  1.011374115943909
8072.1  1.013522624969483
8074.7  1.015391707420349
8077.3  1.016257524490356
8079.9  1.015473365783692
8082.5  1.013155579566956
8085.1  1.010382533073425
8087.7  1.008674621582031
8090.3  1.009230136871338
8092.9  1.012343525886536
8095.5  1.017142057418823
8098.1  1.021935701370239
8100.7  1.025190234184265
8103.3  1.026265025138855
8105.9  1.025309205055237
8108.5  1.022890448570251
8111.1  1.019921183586121
8113.7  1.017415881156921
8116.3  1.015646934509277
8118.9  1.013715386390686
8121.5  1.010615348815918
8124.1  1.006841540336609
8126.7  1.004304170608521
8129.3  1.004284381866455
8131.9  1.00600802898407
8134.5  1.007632613182068
8137.1  1.008043169975281
8139.7  1.007125973701477
8142.3  1.004558205604553
8144.9  0.9988552331924438
8147.5  0.9874793887138366
8150.1  0.9684552550315856
8152.7  0.9438422322273254
8155.3  0.9224459528923034
8157.9  0.9159343242645263
8160.5  0.9287738800048828
8163.1  0.9532376527786254
8165.7  0.976530373096466
8168.3  0.9909815788269042
8170.9  0.9961494803428649
8173.5  0.993956983089447
8176.1  0.9845015406608581
8178.7  0.9655462503433227
8181.3  0.9353899359703063
8183.9  0.8982294797897338
8186.5  0.8675017356872558
8189.1  0.8594132661819458
8191.7  0.8785297870635986
8194.3  0.9119199514389038
8196.9  0.9415360689163208
8199.5  0.9602439403533935
8202.1  0.9730361104011535
8204.7  0.9861732721328735
8207.3  0.9996930956840515
8209.9  1.009435892105103
8212.5  1.011955142021179
8215.1  1.005407691001892
8217.7  0.9872288107872009
8220.3  0.9545748233795166
8222.9  0.9110616445541381
8225.5  0.8726598024368286
8228.1  0.8604114651679992
8230.7  0.8822340369224548
8233.3  0.9247659444808959
8235.9  0.9661020040512084
8238.5  0.993212342262268
8241.1  1.005920052528381
8243.7  1.009829998016358
8246.3  1.009752035140991
8248.9  1.008037447929382
8251.5  1.005650758743286
8254.1  1.003305554389954
8256.7  1.001719236373901
8259.3  1.001186490058899
8261.9  1.001436114311218
8264.5  1.001988172531128
8267.1  1.002622604370117
8269.7  1.003533840179443
8272.3  1.004972457885742
8274.9  1.006435513496399
8277.5  1.005934476852417
8280.1  1.00070595741272
8282.7  0.9900944232940673
8285.3  0.9783182740211486
8287.9  0.9727788567543029
8290.5  0.9777569770812988
8293.1  0.990232229232788
8295.7  1.002726912498474
8298.3  1.00938880443573
8300.9  1.009262561798096
8303.5  1.005750894546509
8306.1  1.003859519958496
8308.7  1.006652116775513
8311.3  1.013278484344482
8313.9  1.020146131515503
8316.5  1.023611545562744
8319.1  1.021334409713745
8321.7  1.012297511100769
8324.3  0.997391939163208
8326.9  0.9806377291679382
8329.5  0.9677435159683227
8332.1  0.9614341259002685
8334.7  0.9595902562141418
8337.3  0.9598421454429626
8339.9  0.9637179970741271
8342.5  0.9735365509986877
8345.1  0.9874669313430786
8347.7  1.000704050064087
8350.3  1.010106086730957
8352.9  1.015547513961792
8355.5  1.017934322357178
8358.1  1.017831087112427
8360.7  1.015816569328308
8363.3  1.013100028038025
8365.9  1.011164784431458
8368.5  1.010740399360657
8371.1  1.011300206184387
8373.7  1.011845946311951
8376.3  1.01201593875885
8378.9  1.012213587760925
8381.5  1.012921094894409
8384.1  1.014249205589295
8386.7  1.015959024429321
8389.3  1.017569422721863
8391.9  1.01854419708252
8394.5  1.018647193908691
8397.1  1.018086552619934
8399.7  1.017229318618775
8402.3  1.016172409057617
8404.9  1.014552593231201
8407.5  1.011893391609192
8410.1  1.008471131324768
8412.7  1.005706548690796
8415.3  1.005150318145752
8417.9  1.007239580154419
8420.5  1.011301517486572
8423.1  1.016034483909607
8425.7  1.019111156463623
8428.3  1.017341732978821
8430.9  1.009369850158692
8433.5  0.9988535642623901
8436.1  0.9930808544158935
8438.7  0.9965933561325073
8441.3  1.006980895996094
8443.9  1.018036484718323
8446.5  1.025633335113525
8449.1  1.029417514801025
8451.7  1.03060781955719
8454.3  1.030191421508789
8456.9  1.028865218162537
8459.5  1.027302980422974
8462.1  1.025965452194214
8464.7  1.024941921234131
8467.3  1.024095177650452
8469.9  1.023285984992981
8472.5  1.022388935089111
8475.1  1.021291255950928
8477.7  1.01996374130249
8480.3  1.018410086631775
8482.9  1.015986680984497
8485.5  1.010221362113953
8488.1  0.9959465861320495
8490.7  0.9674452543258666
8493.3  0.9256283044815063
8495.9  0.8847538828849792
8498.5  0.8667823076248168
8501.1  0.8831210136413574
8503.7  0.9235680699348449
8506.3  0.9664738178253173
8508.9  0.9967759251594543
8511.5  1.012070894241333
8514.1  1.016450643539429
8516.7  1.013492584228516
8519.3  1.004384398460388
8521.9  0.9901421666145324
8524.5  0.9735825657844543
8527.1  0.9561278820037841
8529.7  0.9291592240333557
8532.3  0.8703428506851196
8534.9  0.7561636567115783
8537.5  0.5854117274284362
8540.1  0.3901755213737488
8542.7  0.2179514169692993
8545.3  0.1000241786241531
8547.9  0.03716931119561195
8550.5  0.01106639299541712
8553.1  0.002614796161651611
8555.7  4.828481760341674E-4
8558.3  6.382794526871293E-5
8560.9  0.
8563.5  0.
8566.1  0.
8568.7  0.
8571.3  0.
8573.9  0.
8576.5  0.
8579.1  0.
8581.7  0.
8584.3  0.
8586.9  0.
8589.5  0.
8592.1  0.
8594.7  0.
8597.3  0.
8599.9  0.
8602.5  0.
8605.1  0.
8607.7  0.
8610.3  0.
8612.9  0.
8615.5  0.
8618.1  0.
8620.7  0.
8623.3  0.
8625.9  0.
8628.5  0.
8631.1  0.
8633.7  0.
8636.3  0.
8638.9  0.
8641.5  3.581161945476197E-5
8644.1  2.928015019278973E-4
8646.7  0.001640292350202799
8649.3  0.007166743744164705
8651.9  0.02498893067240715
8654.5  0.07028929889202117
8657.1  0.1613519489765167
8659.7  0.3065314292907715
8662.3  0.4905596375465393
8664.9  0.6759926676750183
8667.5  0.8235864043235778
8670.1  0.9150734543800354
8672.7  0.9594562053680419
8675.3  0.9803669452667236
8677.9  0.9974262118339538
8680.5  1.016725778579712
8683.1  1.034812688827515
8685.7  1.047630667686463
8688.3  1.054778099060059
8690.9  1.058104395866394
8693.5  1.059257864952087
8696.1  1.059037446975708
8698.7  1.058019042015076
8701.3  1.056937217712402
8703.9  1.056378245353699
8706.5  1.05628764629364
8709.1  1.056039094924927
8711.7  1.055015444755554
8714.3  1.053134202957153
8716.9  1.050849318504334
8719.5  1.048749923706055
8722.1  1.047175288200379
8724.7  1.046057462692261
8727.3  1.044785857200623
8729.9  1.042033553123474
8732.5  1.035625100135803
8735.1  1.023391842842102
8737.7  1.005887985229492
8740.3  0.9889889955520629
8742.9  0.9816080331802368
8745.5  0.9883041977882385
8748.1  1.004947423934937
8750.7  1.02309775352478
8753.3  1.037185072898865
8755.9  1.046470165252686
8758.5  1.052394032478333
8761.1  1.056177496910095
8763.7  1.058271884918213
8766.3  1.058692812919617
8768.9  1.057591080665588
8771.5  1.055721163749695
8774.1  1.05398166179657
8776.7  1.052324414253235
8779.3  1.04976499080658
8781.9  1.046185731887817
8784.5  1.043620824813843
8787.1  1.044780015945435
8789.7  1.050270676612854
8792.3  1.057801961898804
8794.9  1.063974857330322
8797.5  1.066401243209839
8800.1  1.064542055130005
8802.7  1.059713959693909
8805.3  1.054731726646423
8807.9  1.052595138549805
8810.5  1.05439031124115
8813.1  1.058506846427918
8815.7  1.062292337417603
8818.3  1.064265251159668
8820.9  1.064596056938171
8823.5  1.064058065414429
8826.1  1.06306779384613
8828.7  1.061530590057373
8831.3  1.059147357940674
8833.9  1.055861711502075
8836.5  1.052276015281677
8839.1  1.049538969993591
8841.7  1.048455595970154
8844.3  1.048688769340515
8846.9  1.049035310745239
8849.5  1.048338770866394
8852.1  1.045878291130066
8854.7  1.04124653339386
8857.3  1.034672975540161
8859.9  1.027791142463684
8862.5  1.023483157157898
8865.1  1.024142861366272
8867.7  1.029851913452149
8870.3  1.038373470306397
8872.9  1.046864748001099
8875.5  1.053558111190796
8878.1  1.05815851688385
8880.7  1.061163783073425
8883.3  1.063077449798584
8885.9  1.064121127128601
8888.5  1.064387321472168
8891.1  1.064096331596375
8893.7  1.063644647598267
8896.3  1.063413381576538
8898.9  1.063490986824036
8901.5  1.063512444496155
8904.1  1.062664389610291
8906.7  1.059927821159363
8909.3  1.054829001426697
8911.9  1.048504233360291
8914.5  1.043706297874451
8917.1  1.042725563049316
8919.7  1.044925332069397
8922.3  1.047117233276367
8924.9  1.046942114830017
8927.5  1.045452833175659
8930.1  1.045632123947144
8932.7  1.04843282699585
8935.3  1.050900816917419
8937.9  1.048637628555298
8940.5  1.040338277816773
8943.1  1.030241966247559
8945.7  1.025558590888977
8948.3  1.030290126800537
8950.9  1.041618347167969
8953.5  1.052886962890625
8956.1  1.059212446212769
8958.7  1.0597243309021
8961.3  1.05618691444397
8963.9  1.051197409629822
8966.5  1.047109246253967
8969.1  1.045235991477966
8971.7  1.045336604118347
8974.3  1.045641541481018
8976.9  1.043048143386841
8979.5  1.034230589866638
8982.1  1.018693447113037
8984.7  1.001590132713318
8987.3  0.9912469983100891
8989.9  0.9912329912185668
8992.5  0.9961316585540771
8995.1  0.9978730678558349
8997.7  0.9952221512794494
9000.3  0.994184136390686
9002.9  0.9994944930076599
9005.5  1.008747696876526
9008.1  1.015788912773132
9010.7  1.017742156982422
9013.3  1.017334699630737
9015.9  1.0192950963974
9018.5  1.025609850883484
9021.1  1.034385919570923
9023.7  1.042461037635803
9026.3  1.048223853111267
9028.9  1.052036881446838
9031.5  1.054797768592835
9034.1  1.056687831878662
9036.7  1.056992769241333
9039.3  1.05474841594696
9041.9  1.049710631370544
9044.5  1.043229699134827
9047.1  1.037966966629028
9049.7  1.035567164421082
9052.3  1.034020066261292
9054.9  1.028696537017822
9057.5  1.017774224281311
9060.1  1.006397724151611
9062.7  1.003295183181763
9065.3  1.012168884277344
9067.9  1.02763843536377
9070.5  1.039992332458496
9073.1  1.042455673217773
9075.7  1.034394979476929
9078.3  1.020111322402954
9080.9  1.005398750305176
9083.5  0.9943922162055969
9086.1  0.9895388484001159
9088.7  0.992897629737854
9091.3  1.00429904460907
9093.9  1.018875598907471
9096.5  1.029606461524963
9099.1  1.032382488250732
9101.7  1.027393460273743
9104.3  1.017446756362915
9106.9  1.006793260574341
9109.5  1.0002361536026
9112.1  1.001014947891235
9114.7  1.008471012115479
9117.3  1.017399907112122
9119.9  1.019781470298767
9122.5  1.009273171424866
9125.1  0.9873292446136474
9127.7  0.9655831456184387
9130.3  0.9585601091384887
9132.9  0.9711931943893432
9135.5  0.9948451519012451
9138.1  1.016216993331909
9140.7  1.028072714805603
9143.3  1.031552076339722
9145.9  1.031952023506165
9148.5  1.033995509147644
9151.1  1.039273619651795
9153.7  1.04622757434845
9156.3  1.052144408226013
9158.9  1.055270195007324
9161.5  1.05542516708374
9164.1  1.053447961807251
9166.7  1.049575686454773
9169.3  1.041032314300537
9171.9  1.019928455352783
9174.5  0.9755270481109619
9177.1  0.9052141904830932
9179.7  0.8277578949928283
9182.3  0.7792301774024963
9184.9  0.7849145531654357
9187.5  0.8358141779899597
9190.1  0.8995014429092407
9192.7  0.9508153796195983
9195.3  0.985801339149475
9197.9  1.011075019836426
9200.5  1.029958963394165
9203.1  1.040355563163757
9205.7  1.039944529533386
9208.3  1.029636979103088
9210.9  1.013786435127258
9213.5  0.9987967014312744
9216.1  0.9906553030014038
9218.7  0.9917268753051757
9221.3  0.9991710186004638
9223.9  1.007299661636353
9226.5  1.012435078620911
9229.1  1.015238046646118
9231.7  1.017906785011292
9234.3  1.020041704177857
9236.9  1.0185467004776
9239.5  1.011880993843079
9242.1  1.003808379173279
9244.7  1.001283764839172
9247.3  1.007539749145508
9249.9  1.018277287483215
9252.5  1.025951385498047
9255.1  1.027013778686523
9257.7  1.02441418170929
9260.3  1.02400803565979
9262.9  1.028737425804138
9265.5  1.035571336746216
9268.1  1.037464380264282
9270.7  1.028382897377014
9273.3  1.008019328117371
9275.9  0.9831683039665222
9278.5  0.9636383652687072
9281.1  0.9552968144416809
9283.7  0.9579377174377441
9286.3  0.9691326022148132
9288.9  0.9862924814224243
9291.5  1.004843950271606
9294.1  1.018343806266785
9296.7  1.021514058113098
9299.3  1.012285947799683
9301.9  0.9921737313270568
9304.5  0.9652849435806274
9307.1  0.9353851675987243
9309.7  0.9029629826545715
9312.3  0.8646715283393859
9314.9  0.8142018318176269
9317.5  0.7467673420906066
9320.1  0.671462595462799
9322.7  0.6176790595054626
9325.3  0.6145550608634948
9327.9  0.6588949561119079
9330.5  0.7146121859550476
9333.1  0.7468736171722412
9335.7  0.7490994930267333
9338.3  0.7386736273765563
9340.9  0.7372217774391174
9343.5  0.7547515630722045
9346.1  0.7833837866783142
9348.7  0.8054206371307373
9351.3  0.8135067820549011
9353.9  0.8199878334999084
9356.5  0.8400536179542541
9359.1  0.8706656098365783
9361.7  0.8934423923492431
9364.3  0.8944687843322753
9366.9  0.8753453493118286
9369.5  0.8476283550262451
9372.1  0.8231455087661743
9374.7  0.8113054633140563
9377.3  0.8194243907928466
9379.9  0.8475022315979003
9382.5  0.8849237561225891
9385.1  0.9195755720138549
9387.7  0.9486688375473022
9390.3  0.9753943681716918
9392.9  0.9990082383155822
9395.5  1.013897061347961
9398.1  1.015985131263733
9400.7  1.005910754203796
9403.3  0.9874387979507446
9405.9  0.9655041694641113
9408.5  0.9452751278877258
9411.1  0.9299461245536804
9413.7  0.9168313145637512
9416.3  0.8962611556053161
9418.9  0.8591037988662719
9421.5  0.8095985651016235
9424.1  0.7697916030883789
9426.7  0.7652440071105957
9429.3  0.801148772239685
9431.9  0.8543991446495056
9434.5  0.8933499455451965
9437.1  0.9035735726356506
9439.7  0.892099916934967
9442.3  0.8726398348808288
9444.9  0.8544127941131591
9447.5  0.8441402912139892
9450.1  0.8480027914047241
9452.7  0.8628273606300354
9455.3  0.8688424825668334
9457.9  0.8395522236824035
9460.5  0.7646094560623168
9463.1  0.6672665476799011
9465.7  0.5979350209236145
9468.3  0.5983035564422607
9470.9  0.6629076600074768
9473.5  0.7422520518302917
9476.1  0.7900160551071166
9478.7  0.802783191204071
9481.3  0.810341477394104
9483.9  0.8328431844711303
9486.5  0.8563986420631408
9489.1  0.8527479171752929
9491.7  0.8156253695487976
9494.3  0.7714808583259582
9496.9  0.7561961412429809
9499.5  0.7856217622756958
9502.1  0.8468471765518188
9504.7  0.9117803573608398
9507.3  0.9573391079902648
9509.9  0.9769056439399719
9512.5  0.9774568080902099
9515.1  0.9694091081619262
9517.7  0.9594627022743225
9520.3  0.949491262435913
9522.9  0.9380390644073486
9525.5  0.9218419790267944
9528.1  0.8977062702178955
9530.7  0.8646502494812011
9533.3  0.8250249028205871
9535.9  0.7828724384307861
9538.5  0.7424955368041992
9541.1  0.7125625014305114
9543.7  0.7077929973602294
9546.3  0.7360253930091857
9548.9  0.7847537994384765
9551.5  0.8311452865600585
9554.1  0.8647623062133789
9556.7  0.89209645986557
9559.3  0.9210904836654663
9561.9  0.9504618644714355
9564.5  0.9742087721824645
9567.1  0.9891182780265808
9569.7  0.995645523071289
9572.3  0.9956108331680297
9574.9  0.9916534423828125
9577.5  0.9879749417304992
9580.1  0.9891892075538635
9582.7  0.9969429373741149
9585.3  1.008136034011841
9587.9  1.017361760139465
9590.5  1.020400285720825
9593.1  1.014859795570374
9595.7  0.9996504783630371
9598.3  0.9759089946746826
9600.9  0.9467785954475402
9603.5  0.9118255972862243
9606.1  0.8609309792518615
9608.7  0.7822508215904235
9611.3  0.6856288313865661
9613.9  0.6127721667289733
9616.5  0.6079565286636352
9619.1  0.6752650737762451
9621.7  0.775028109550476
9624.3  0.8617557287216186
9626.9  0.9144256114959716
9629.5  0.9333882927894592
9632.1  0.926327109336853
9634.7  0.9050703048706054
9637.3  0.8859342336654663
9639.9  0.8823031187057495
9642.5  0.896812617778778
9645.1  0.9228537082672119
9647.7  0.9506559967994689
9650.3  0.9702913761138916
9652.9  0.9738895893096923
9655.5  0.9607201814651489
9658.1  0.9407083392143249
9660.7  0.9293469190597534
9663.3  0.9357126951217651
9665.9  0.9557606577873229
9668.5  0.9782786965370178
9671.1  0.9949957132339477
9673.7  1.003765821456909
9676.3  1.005862355232239
9678.9  1.003825187683105
9681.5  1.00045382976532
9684.1  0.9973147511482238
9686.7  0.9944345951080322
9689.3  0.9921191930770874
9691.9  0.9917393326759338
9694.5  0.9941335320472717
9697.1  0.9984711408615112
9699.7  1.003347873687744
9702.3  1.007834434509277
9704.9  1.010640263557434
9707.5  1.009385824203491
9710.1  1.002491354942322
9712.7  0.9916964173316955
9715.3  0.981211245059967
9717.9  0.9741656184196472
9720.5  0.9712764024734497
9723.1  0.972391664981842
9725.7  0.9765147566795349
9728.3  0.9805710911750793
9730.9  0.9813798069953918
9733.5  0.9790330529212951
9736.1  0.9756767153739929
9738.7  0.9699899554252624
9741.3  0.9559385776519775
9743.9  0.9307653307914733
9746.5  0.9037483930587768
9749.1  0.8911868929862976
9751.7  0.8977258801460266
9754.3  0.9032714962959289
9756.9  0.8712095022201538
9759.5  0.7731460332870483
9762.1  0.6141678094863891
9764.7  0.4418211281299591
9767.3  0.3263410925865173
9769.9  0.3197908103466034
9772.5  0.4235407710075378
9775.1  0.5891794562339782
9777.7  0.751167356967926
9780.3  0.8639798760414123
9782.9  0.9168349504470825
9785.5  0.9248758554458618
9788.1  0.9141153693199157
9790.7  0.9087229967117309
9793.3  0.9202656745910644
9795.9  0.9441799521446228
9798.5  0.9684251546859741
9801.1  0.9855387210845947
9803.7  0.9959186315536499
9806.3  1.002918958663941
9808.9  1.008127808570862
9811.5  1.010906934738159
9814.1  1.010171294212341
9816.7  1.005757331848145
9819.3  0.9988149404525756
9821.9  0.991616666316986
9824.5  0.9868180751800537
9827.1  0.9859781265258789
9829.7  0.9884447455406188
9832.3  0.9920799732208251
9834.9  0.9951838850975036
9837.5  0.9972653985023498
9840.1  0.9981414675712585
9842.7  0.9973199367523193
9845.3  0.9947341680526733
9847.9  0.9913998246192932
9850.5  0.9887176156044006
9853.1  0.987240731716156
9855.7  0.9863007068634033
9858.3  0.9844833612442016
9860.9  0.9804052710533142
9863.5  0.9738761186599731
9866.1  0.9669607281684875
9868.7  0.9631367921829223
9871.3  0.9643383622169494
9873.9  0.968978464603424
9876.5  0.9732776880264282
9879.1  0.9738306403160095
9881.7  0.9688374400138854
9884.3  0.9588016271591186
9886.9  0.9475772976875305
9889.5  0.9413121938705444
9892.1  0.9439934492111206
9894.7  0.9540363550186157
9897.3  0.9662690162658691
9899.9  0.9765199422836303
9902.5  0.9834504127502441
9905.1  0.9871437549591064
9907.7  0.9868320822715759
9910.3  0.978503942489624
9912.9  0.9516759514808654
9915.5  0.8889853358268737
9918.1  0.7766263484954833
9920.7  0.6258307695388793
9923.3  0.4848189055919647
9925.9  0.4166519045829773
9928.5  0.453140139579773
9931.1  0.5698466300964355
9933.7  0.7086023092269897
9936.3  0.8215665817260742
9938.9  0.8936531543731689
9941.5  0.9333545565605163
9944.1  0.9542254209518432
9946.7  0.9658284783363342
9949.3  0.9735878109931945
9951.9  0.9800556898117065
9954.5  0.9851154685020446
9957.1  0.9870813488960266
9959.7  0.9848727583885192
9962.3  0.9794849753379821
9964.9  0.9734764695167541
9967.5  0.9693610072135925
9970.1  0.9683064818382263
9972.7  0.9696625471115112
9975.3  0.9714122414588928
9977.9  0.9715160727500915
9980.5  0.9692014455795288
9983.1  0.9641849994659423
9985.7  0.9532927870750427
9988.3  0.9260239005088806
9990.9  0.8635179996490478
9993.5  0.7474439740180969
9996.1  0.5783116221427917
