3501.3  0.3513152897357941
3503.9  0.5028547644615173
3506.5  0.6164790987968444
3509.1  0.6631282567977905
3511.7  0.6496956944465637
3514.3  0.6093019247055053
3516.9  0.5696961283683776
3519.5  0.5361906886100769
3522.1  0.5082421898841857
3524.7  0.5002694725990295
3527.3  0.5321137309074401
3529.9  0.6037786602973937
3532.5  0.6916831135749816
3535.1  0.7687935233116149
3537.7  0.8210451006889343
3540.3  0.8465021848678588
3542.9  0.8467553257942199
3545.5  0.8229568600654602
3548.1  0.7803727388381958
3550.7  0.7344831824302673
3553.3  0.7062993645668029
3555.9  0.706529676914215
3558.5  0.7259204983711242
3561.1  0.7445505857467651
3563.7  0.7493298053741455
3566.3  0.7416775822639465
3568.9  0.7305163145065307
3571.5  0.7199700474739074
3574.1  0.7063106894493103
3576.7  0.6883015036582946
3579.3  0.6765608191490173
3581.9  0.6863003373146057
3584.5  0.7196412086486816
3587.1  0.7589643001556396
3589.7  0.7790838479995727
3592.3  0.7654495239257812
3594.9  0.7249021530151367
3597.5  0.6834027171134948
3600.1  0.6693139672279357
3602.7  0.6918078660964965
3605.3  0.7340312600135803
3607.9  0.7679415345191955
3610.5  0.7751989960670471
3613.1  0.757079541683197
3615.7  0.7311479449272155
3618.3  0.7189119458198547
3620.9  0.7300243377685546
3623.5  0.7552576065063476
3626.1  0.7774425745010375
3628.7  0.7889951467514038
3631.3  0.7952745556831359
3633.9  0.8016342520713806
3636.5  0.8035666346549987
3639.1  0.793002963066101
3641.7  0.7704915404319763
3644.3  0.7467290163040161
3646.9  0.7336125969886779
3649.5  0.7367776632308959
3652.1  0.7537506222724914
3654.7  0.7734603285789489
3657.3  0.7794746160507202
3659.9  0.7621153593063354
3662.5  0.7304133772850036
3665.1  0.7074170708656311
3667.7  0.7081361413002014
3670.3  0.7235238552093505
3672.9  0.7317307591438293
3675.5  0.7246382236480712
3678.1  0.7166393399238586
3680.7  0.7260972261428833
3683.3  0.7555936574935913
3685.9  0.7931431531906127
3688.5  0.825082778930664
3691.1  0.8422778248786926
3693.7  0.8381508588790893
3696.3  0.8070794939994812
3698.9  0.7486299872398376
3701.5  0.6749340891838073
3704.1  0.6116620898246765
3706.7  0.585772156715393
3709.3  0.6071566343307495
3711.9  0.6601315736770629
3714.5  0.7119252681732177
3717.1  0.7333695888519287
3719.7  0.7192127704620361
3722.3  0.6908459067344665
3724.9  0.6741194725036621
3727.5  0.6721749901771545
3730.1  0.6651666164398193
3732.7  0.6385231018066406
3735.3  0.6032847166061401
3737.9  0.5830087065696716
3740.5  0.5890947580337524
3743.1  0.6156795024871826
3745.7  0.6507065296173095
3748.3  0.6832008361816406
3750.9  0.7046605944633483
3753.5  0.7126555442810058
3756.1  0.7159711122512817
3758.7  0.7309117913246154
3761.3  0.7653163075447082
3763.9  0.8079416751861572
3766.5  0.8392506837844848
3769.1  0.8509148359298706
3771.7  0.8509858846664428
3774.3  0.8531057834625244
3776.9  0.8646042943000793
3779.5  0.8826462626457214
3782.1  0.8981480598449707
3784.7  0.903184950351715
3787.3  0.8960303664207458
3789.9  0.8795886039733886
3792.5  0.8573924303054809
3795.1  0.8345159888267517
3797.7  0.8207322359085083
3800.3  0.825538158416748
3802.9  0.8476402163505554
3805.5  0.8737874627113342
3808.1  0.8893086910247802
3810.7  0.8860408067703247
3813.3  0.8615491390228271
3815.9  0.8173362612724304
3818.5  0.7611683011054992
3821.1  0.7086466550827026
3823.7  0.6778915524482727
3826.3  0.6784175038337707
3828.9  0.7032053470611572
3831.5  0.733667254447937
3834.1  0.7556670904159545
3836.7  0.7706194519996643
3839.3  0.7898519039154052
3841.9  0.8202910423278808
3844.5  0.856909155845642
3847.1  0.8867422342300415
3849.7  0.8986454010009765
3852.3  0.8914138674736022
3854.9  0.8755190372467041
3857.5  0.86618572473526
3860.1  0.8723117709159851
3862.7  0.889102280139923
3865.3  0.9009742736816406
3867.9  0.8943999409675598
3870.5  0.8697289824485778
3873.1  0.8393557071685791
3875.7  0.8146332502365112
3878.3  0.7976559400558471
3880.9  0.7845675945281982
3883.5  0.7705912590026855
3886.1  0.7522447705268859
3888.7  0.73233163356781
3891.3  0.7238397002220153
3893.9  0.7412617206573486
3896.5  0.7837691903114318
3899.1  0.8318963646888732
3901.7  0.8651864528656005
3904.3  0.8794186115264892
3906.9  0.8832473754882812
3909.5  0.8830033540725708
3912.1  0.877320647239685
3914.7  0.863941490650177
3917.3  0.8428298830986022
3919.9  0.8102802038192749
3922.5  0.7565242052078247
3925.1  0.6743761897087097
3927.7  0.5709451436996459
3930.3  0.4712157547473908
3932.9  0.4090278744697571
3935.5  0.4084610342979431
3938.1  0.4679726660251617
3940.7  0.5616820454597473
3943.3  0.6567395329475402
3945.9  0.7303710579872131
3948.5  0.7750511169433593
3951.1  0.7945544719696044
3953.7  0.7960925102233886
3956.3  0.7809933423995971
3958.9  0.7413653135299682
3961.5  0.6699519157409667
3964.1  0.5762712955474853
3966.7  0.4907859563827515
3969.3  0.4480910003185272
3971.9  0.4614650309085846
3974.5  0.5137363076210021
3977.1  0.5742655396461486
3979.7  0.6243581175804138
3982.3  0.6661417484283447
3984.9  0.7101092338562011
3987.5  0.7577634453773498
3990.1  0.7973047494888305
3992.7  0.8160423636436462
3995.3  0.8157641291618347
3997.9  0.8124929070472717
4000.5  0.820579171180725
4003.1  0.8422085046768188
4005.7  0.8718888759613037
4008.3  0.9020311832427978
4010.9  0.9235181212425231
4013.5  0.9296563863754272
4016.1  0.922636866569519
4018.7  0.9124332070350646
4021.3  0.909635305404663
4023.9  0.919853925704956
4026.5  0.9412993788719177
4029.1  0.9658924341201782
4031.7  0.9854378104209899
4034.3  0.9974289536476135
4036.9  1.003740072250366
4039.5  1.005348086357117
4042.1  1.000495195388794
4044.7  0.9878748655319213
4047.3  0.9702546596527099
4049.9  0.9539740681648254
4052.5  0.9440876841545104
4055.1  0.9403989911079406
4057.7  0.9397995471954345
4060.3  0.9417818188667297
4062.9  0.9487296342849731
4065.5  0.960174560546875
4068.1  0.9695369601249694
4070.7  0.9689182043075561
4073.3  0.9573071599006652
4075.9  0.9433103799819946
4078.5  0.9384297132492065
4081.1  0.9463201165199279
4083.7  0.959268569946289
4086.3  0.9656169414520263
4088.9  0.9592100381851196
4091.5  0.9412164688110351
4094.1  0.9159507155418395
4096.7  0.8885500431060791
4099.3  0.8660686612129211
4101.9  0.8556246161460876
4104.5  0.8581820726394653
4107.1  0.8672696352005004
4109.7  0.8772686123847961
4112.3  0.8899902701377868
4114.9  0.9093820452690124
4117.5  0.9328958988189697
4120.1  0.9523771405220031
4122.7  0.9617509841918945
4125.3  0.9611886739730834
4127.9  0.9553936719894409
4130.5  0.9501887559890747
4133.1  0.9494549036026
4135.7  0.9529264569282531
4138.3  0.9568853974342346
4140.9  0.9584195017814636
4143.5  0.9585928320884704
4146.1  0.9603720307350158
4148.7  0.9643657207489013
4151.3  0.9682381153106689
4153.9  0.9695472121238708
4156.5  0.9676229953765869
4159.1  0.9634840488433837
4161.7  0.9592834115028381
4164.3  0.9569979310035705
4166.9  0.9568840265274047
4169.5  0.956851840019226
4172.1  0.9524556994438171
4174.7  0.9392991065979003
4177.3  0.9191228747367858
4179.9  0.9026156067848205
4182.5  0.901742935180664
4185.1  0.9188024401664733
4187.7  0.9452865719795227
4190.3  0.9701136946678161
4192.9  0.9864760041236877
4195.5  0.9927233457565307
4198.1  0.9907953143119812
4200.7  0.9853821992874145
4203.3  0.982528269290924
4205.9  0.9854333400726318
4208.5  0.9902764558792114
4211.1  0.9880984425544738
4213.7  0.9721370339393615
4216.3  0.9434157609939575
4218.9  0.9106632471084594
4221.5  0.8870835304260253
4224.1  0.8852242231369018
4226.7  0.9091122150421142
4229.3  0.9492916464805603
4231.9  0.9886660575866699
4234.5  1.014239311218262
4237.1  1.022154450416565
4239.7  1.013978481292725
4242.3  0.9932566285133361
4244.9  0.9669833779335021
4247.5  0.94651859998703
4250.1  0.9417818188667297
4252.7  0.9524752497673034
4255.3  0.9668819904327392
4257.9  0.9707971215248107
4260.5  0.9572252631187438
4263.1  0.9297053217887878
4265.7  0.9000768661499023
4268.3  0.8813602924346923
4270.9  0.8774704337120056
4273.5  0.8807011842727661
4276.1  0.8814454674720764
4278.7  0.8768957257270812
4281.3  0.8682721257209777
4283.9  0.8554453253746032
4286.5  0.8389047384262084
4289.1  0.8237502574920654
4291.7  0.8163829445838928
4294.3  0.8170234560966491
4296.9  0.8189095258712768
4299.5  0.8142482638359069
4302.1  0.7990956306457519
4304.7  0.7776219248771667
4307.3  0.7657631635665893
4309.9  0.7825960516929626
4312.5  0.8309918642044067
4315.1  0.8909752368927001
4317.7  0.9354535937309265
4320.3  0.950957179069519
4322.9  0.943936288356781
4325.5  0.9291615486145019
4328.1  0.9109678268432617
4330.7  0.8763440251350402
4333.3  0.8108284473419189
4335.9  0.7232592701911926
4338.5  0.6504245400428771
4341.1  0.630521535873413
4343.7  0.6706148386001586
4346.3  0.7434538006782531
4348.9  0.8136354684829711
4351.5  0.860882818698883
4354.1  0.8830136656761169
4356.7  0.8883880972862243
4359.3  0.8883777856826782
4361.9  0.891431987285614
4364.5  0.9011210203170776
4367.1  0.9181275963783264
4369.7  0.9406134486198425
4372.3  0.9625883102416992
4374.9  0.9749658703804016
4377.5  0.9698182344436645
4380.1  0.9453805088996887
4382.7  0.9100788831710815
4385.3  0.8800348043441772
4387.9  0.8679657578468322
4390.5  0.8738273978233337
4393.1  0.8882967829704284
4395.7  0.9038518667221069
4398.3  0.9199970960617065
4400.9  0.9394261837005615
4403.5  0.9623499512672424
4406.1  0.985453188419342
4408.7  1.004900217056274
4411.3  1.018741607666016
4413.9  1.026904225349426
4416.5  1.030547261238098
4419.1  1.031856417655945
4421.7  1.033211350440979
4424.3  1.035798788070679
4426.9  1.038865327835083
4429.5  1.040244936943054
4432.1  1.037184476852417
4434.7  1.02658474445343
4437.3  1.00537121295929
4439.9  0.9731703996658325
4442.5  0.9367726445198059
4445.1  0.9099515080451965
4447.7  0.9039111733436584
4450.3  0.9168794751167297
4452.9  0.9365728497505187
4455.5  0.9529746174812316
4458.1  0.9648762345314025
4460.7  0.9743722677230834
4463.3  0.9805120825767517
4465.9  0.9810701012611389
4468.5  0.9777958393096923
4471.1  0.9764416217803955
4473.7  0.9812152385711669
4476.3  0.9908288717269897
4478.9  1.000540852546692
4481.5  1.006512880325317
4484.1  1.007489562034607
4486.7  1.003997683525086
4489.3  0.9975289702415466
4491.9  0.9901712536811828
4494.5  0.9841033816337585
4497.1  0.981161892414093
4499.7  0.9825100302696228
4502.3  0.987873375415802
4504.9  0.9951005578041076
4507.5  1.001228451728821
4510.1  1.00389039516449
4512.7  1.001120924949646
4515.3  0.990037202835083
4517.9  0.9677433371543884
4520.5  0.9360578656196594
4523.1  0.9052017331123352
4525.7  0.8883465528488159
4528.3  0.8895354866981506
4530.9  0.9000183939933776
4533.5  0.9090319871902465
4536.1  0.9140699505805969
4538.7  0.9183209538459777
4541.3  0.923766016960144
4543.9  0.9311290383338928
4546.5  0.9425089359283447
4549.1  0.9592388868331909
4551.7  0.9785211086273193
4554.3  0.9951366186141967
4556.9  1.00546395778656
4559.5  1.008296132087708
4562.1  1.002517819404602
4564.7  0.9863632917404174
4567.3  0.9610092639923095
4569.9  0.9350883960723876
4572.5  0.9219689965248107
4575.1  0.9289043545722961
4577.7  0.9498612880706787
4580.3  0.9710711240768432
4582.9  0.981417179107666
4585.5  0.9766708612442016
4588.1  0.9589125514030456
4590.7  0.936511218547821
4593.3  0.9220157265663146
4595.9  0.9243318438529968
4598.5  0.9416399002075195
4601.1  0.9635453224182128
4603.7  0.9791954755783081
4606.3  0.9818658828735351
4608.9  0.9687016010284423
4611.5  0.9419307112693786
4614.1  0.9121981859207153
4616.7  0.8957120776176452
4619.3  0.9023045301437377
4621.9  0.9266778230667114
4624.5  0.9541450142860412
4627.1  0.9736196398735046
4629.7  0.983181893825531
4632.3  0.986193835735321
4634.9  0.9861117601394653
4637.5  0.9848114252090454
4640.1  0.9831398129463195
4642.7  0.9815814495086669
4645.3  0.980671226978302
4647.9  0.9809863567352294
4650.5  0.9826478958129882
4653.1  0.9846717715263366
4655.7  0.984856367111206
4658.3  0.9800609350204467
4660.9  0.9673601388931274
4663.5  0.9471434354782104
4666.1  0.926201581954956
4668.7  0.9153029322624206
4671.3  0.9206862449645996
4673.9  0.9384628534317016
4676.5  0.9587165713310241
4679.1  0.9736829400062561
4681.7  0.981165587902069
4684.3  0.9826456308364868
4686.9  0.9806844592094421
4689.5  0.9777242541313171
4692.1  0.9755412936210632
4694.7  0.9748439192771911
4697.3  0.9755738973617553
4699.9  0.9774866104125976
4702.5  0.9801172018051147
4705.1  0.9826589822769165
4707.7  0.9848728775978088
4710.3  0.9877794384956359
4712.9  0.9925369024276733
4715.5  0.9988993406295776
4718.1  1.005375504493713
4720.7  1.01058304309845
4723.3  1.014063239097595
4725.9  1.016155958175659
4728.5  1.017485737800598
4731.1  1.018467783927917
4733.7  1.019197821617126
4736.3  1.019757390022278
4738.9  1.02043879032135
4741.5  1.021326303482056
4744.1  1.021602511405945
4746.7  1.019390225410461
4749.3  1.01281726360321
4751.9  1.002225279808044
4754.5  0.9917224645614624
4757.1  0.98721444606781
4759.7  0.9914524555206298
4762.3  1.001648783683777
4764.9  1.012641668319702
4767.5  1.02114748954773
4770.1  1.026359438896179
4772.7  1.028342723846436
4775.3  1.027573466300964
4777.9  1.025568842887878
4780.5  1.024538636207581
4783.1  1.025677084922791
4785.7  1.02813470363617
4788.3  1.030065774917603
4790.9  1.030388951301575
4793.5  1.029238104820252
4796.1  1.027401804924011
4798.7  1.026020407676697
4801.3  1.026284456253052
4803.9  1.028536438941956
4806.5  1.031858801841736
4809.1  1.034927129745484
4811.7  1.036736369132996
4814.3  1.03599488735199
4816.9  1.030785202980042
4819.5  1.020439386367798
4822.1  1.008059620857239
4824.7  0.9994893670082092
4827.3  0.9984034895896911
4829.9  1.003266930580139
4832.5  1.009910941123962
4835.1  1.015725493431091
4837.7  1.020387530326843
4840.3  1.024009346961975
4842.9  1.02613365650177
4845.5  1.026082158088684
4848.1  1.023074150085449
4850.7  1.015584588050842
4853.3  1.00148069858551
4855.9  0.9802325367927551
4858.5  0.9556711912155151
4861.1  0.9354783296585083
4863.7  0.9264187216758728
4866.3  0.9298637509346008
4868.9  0.9422886967658996
4871.5  0.9591336250305175
4874.1  0.976956307888031
4876.7  0.9926352500915527
4879.3  1.00246012210846
4881.9  1.003309488296509
4884.5  0.9954005479812622
4887.1  0.9841965436935424
4889.7  0.9783303141593933
4892.3  0.9833359718322753
4894.9  0.997122049331665
4897.5  1.012584805488586
4900.1  1.024066925048828
4902.7  1.030389547348023
4905.3  1.033068656921387
4907.9  1.033732295036316
4910.5  1.033209681510925
4913.1  1.031708121299744
4915.7  1.029312968254089
4918.3  1.026624202728272
4920.9  1.024628639221192
4923.5  1.023258686065674
4926.1  1.020448088645935
4928.7  1.013987064361572
4931.3  1.004917502403259
4933.9  0.9981313943862915
4936.5  0.9983991980552673
4939.1  1.005894660949707
4941.7  1.016395807266235
4944.3  1.025499820709229
4946.9  1.03166675567627
4949.5  1.035548210144043
4952.1  1.03791344165802
4954.7  1.038999915122986
4957.3  1.039157032966614
4959.9  1.039173722267151
4962.5  1.039796710014343
4965.1  1.041094422340393
4967.7  1.042382001876831
4970.3  1.042394876480103
4972.9  1.039249300956726
4975.5  1.030333995819092
4978.1  1.013508200645447
4980.7  0.9904301166534423
4983.3  0.9691601991653442
4985.9  0.9605620503425598
4988.5  0.9690192937850952
4991.1  0.9873470067977905
4993.7  1.002600193023682
4996.3  1.005457043647766
4998.9  0.9937655329704284
5001.5  0.9718577861785888
5004.1  0.9502421021461486
5006.7  0.941984474658966
5009.3  0.9531109929084777
5011.9  0.9768328070640563
5014.5  1.000401258468628
5017.1  1.016221284866333
5019.7  1.024749279022217
5022.3  1.029672145843506
5024.9  1.033373355865479
5027.5  1.036049365997314
5030.1  1.036805510520935
5032.7  1.034880995750427
5035.3  1.030666947364807
5037.9  1.026136875152588
5040.5  1.023876667022705
5043.1  1.024848103523254
5045.7  1.027390003204346
5048.3  1.029024243354797
5050.9  1.029000878334045
5053.5  1.02863359451294
5056.1  1.029464840888977
5058.7  1.031658172607422
5061.3  1.034083724021912
5063.9  1.035325050354004
5066.5  1.034170269966126
5069.1  1.029539346694946
5071.7  1.021076560020447
5074.3  1.010240912437439
5076.9  0.9999311566352844
5079.5  0.9925626516342163
5082.1  0.9892661571502685
5084.7  0.9904795289039611
5087.3  0.9950407147407531
5089.9  0.9990120530128479
5092.5  0.9980349540710449
5095.1  0.9911287426948547
5097.7  0.9795168042182922
5100.3  0.9623100757598876
5102.9  0.93851238489151
5105.5  0.9153536558151245
5108.1  0.9081298112869262
5110.7  0.9256567358970642
5113.3  0.959388256072998
5115.9  0.9917623400688171
5118.5  1.012281179428101
5121.1  1.022158741950989
5123.7  1.027175068855286
5126.3  1.030662178993225
5128.9  1.032612085342407
5131.5  1.032168865203857
5134.1  1.029299378395081
5136.7  1.024547815322876
5139.3  1.018166899681091
5141.9  1.010670065879822
5144.5  1.004366517066956
5147.1  1.002931356430054
5149.7  1.008007287979126
5152.3  1.016356468200684
5154.9  1.020926594734192
5157.5  1.013486981391907
5160.1  0.9871454834938049
5162.7  0.9411446452140808
5165.3  0.8868805766105651
5167.9  0.8459789156913757
5170.5  0.8367413878440856
5173.1  0.8607763648033142
5175.7  0.9031032919883728
5178.3  0.9442880749702453
5180.9  0.9731689095497131
5183.5  0.9904737472534179
5186.1  1.002542018890381
5188.7  1.01340126991272
5191.3  1.022787213325501
5193.9  1.028977155685425
5196.5  1.031280398368835
5199.1  1.030173778533936
5201.7  1.026777982711792
5204.3  1.022578239440918
5206.9  1.019240379333496
5209.5  1.017992973327637
5212.1  1.018848776817322
5214.7  1.020357489585877
5217.3  1.020131349563599
5219.9  1.016068577766418
5222.5  1.008192300796509
5225.1  0.9999076724052429
5227.7  0.9963263273239135
5230.3  0.99997478723526
5232.9  1.008519411087036
5235.5  1.017401099205017
5238.1  1.023828029632568
5240.7  1.027628660202026
5243.3  1.029524683952332
5245.9  1.02989661693573
5248.5  1.028916597366333
5251.1  1.026944637298584
5253.7  1.024297952651978
5256.3  1.020713210105896
5258.9  1.015382647514343
5261.5  1.008084058761597
5264.1  1.000437498092651
5266.7  0.9956283569335937
5269.3  0.9962285161018371
5271.9  1.001943469047546
5274.5  1.009659886360168
5277.1  1.015956878662109
5279.7  1.019569754600525
5282.3  1.021492838859558
5284.9  1.023138165473938
5287.5  1.024712562561035
5290.1  1.025240540504456
5292.7  1.023802995681763
5295.3  1.020593881607056
5297.9  1.016937494277954
5300.5  1.014442920684815
5303.1  1.014026165008545
5305.7  1.015389800071716
5308.3  1.017319560050964
5310.9  1.018680572509766
5313.5  1.019094109535217
5316.1  1.018502831459045
5318.7  1.016249656677246
5321.3  1.011186242103577
5323.9  1.003379225730896
5326.5  0.9957842826843261
5329.1  0.9930528998374938
5331.7  0.9975020885467529
5334.3  1.006732702255249
5336.9  1.015973448753357
5339.5  1.022062540054321
5342.1  1.024737238883972
5344.7  1.025271415710449
5347.3  1.024890780448914
5349.9  1.023856043815613
5352.5  1.020726084709168
5355.1  1.011530518531799
5357.7  0.9900811910629272
5360.3  0.9518263339996337
5362.9  0.9013449549674987
5365.5  0.8563462495803833
5368.1  0.8392044305801391
5370.7  0.8597288131713867
5373.3  0.9065481424331665
5375.9  0.9569969773292541
5378.5  0.994266390800476
5381.1  1.014835596084595
5383.7  1.023647427558899
5386.3  1.026526927947998
5388.9  1.026730060577393
5391.5  1.025157809257507
5394.1  1.021392107009888
5396.7  1.01462709903717
5399.3  1.005183935165405
5401.9  0.9959478378295898
5404.5  0.9913395047187805
5407.1  0.993677020072937
5409.7  1.00097119808197
5412.3  1.00889003276825
5414.9  1.013996601104736
5417.5  1.014625191688538
5420.1  1.00990355014801
5422.7  0.999664306640625
5425.3  0.9860516190528869
5427.9  0.974648118019104
5430.5  0.9720438122749328
5433.1  0.9805319309234619
5435.7  0.9956241846084594
5438.3  1.009903430938721
5440.9  1.01873254776001
5443.5  1.021899938583374
5446.1  1.021378517150879
5448.7  1.019014000892639
5451.3  1.01601505279541
5453.9  1.013440251350403
5456.5  1.01224946975708
5459.1  1.012733221054077
5461.7  1.014055609703064
5464.3  1.014464735984802
5466.9  1.011630654335022
5469.5  1.00343906879425
5472.1  0.990255057811737
5474.7  0.9771544933319091
5477.3  0.9718396067619323
5479.9  0.9781119227409362
5482.5  0.9920025467872619
5485.1  1.005408525466919
5487.7  1.012279629707336
5490.3  1.010979533195496
5492.9  1.003513097763062
5495.5  0.994616687297821
5498.1  0.9896968603134155
5500.7  0.9907717108726501
5503.3  0.9941346645355224
5505.9  0.9935105443000793
5508.5  0.9863165616989135
5511.1  0.9770235419273376
5513.7  0.9737530946731567
5516.3  0.9806896448135375
5518.9  0.9941546320915222
5521.5  1.006641507148743
5524.1  1.013610005378723
5526.7  1.01583731174469
5529.3  1.016695976257324
5531.9  1.018523216247559
5534.5  1.021280288696289
5537.1  1.023678421974182
5539.7  1.024799704551697
5542.3  1.024646043777466
5544.9  1.023701310157776
5547.5  1.022440433502197
5550.1  1.02112352848053
5552.7  1.019800543785095
5555.3  1.018424272537231
5557.9  1.016716122627258
5560.5  1.013575196266174
5563.1  1.006297469139099
5565.7  0.9914230108261108
5568.3  0.9689725637435913
5570.9  0.9469482898712158
5573.5  0.9382785558700561
5576.1  0.9495326876640319
5578.7  0.9740018248558044
5581.3  0.9983085989952087
5583.9  1.013837575912476
5586.5  1.020186305046082
5589.1  1.02082359790802
5591.7  1.018628835678101
5594.3  1.014846920967102
5596.9  1.010158061981201
5599.5  1.005769968032837
5602.1  1.00332236289978
5604.7  1.003564357757568
5607.3  1.005569100379944
5609.9  1.007566928863525
5612.5  1.008418917655945
5615.1  1.008223533630371
5617.7  1.007947564125061
5620.3  1.008659839630127
5622.9  1.010761260986328
5625.5  1.013669848442078
5628.1  1.016291975975037
5630.7  1.017791032791138
5633.3  1.01787805557251
5635.9  1.016524910926819
5638.5  1.013700008392334
5641.1  1.009636402130127
5643.7  1.005239248275757
5646.3  1.00169563293457
5648.9  0.9992652535438537
5651.5  0.9968340396881103
5654.1  0.993265688419342
5656.7  0.9890760779380798
5659.3  0.9860819578170776
5661.9  0.9853253364562988
5664.5  0.9861951470375061
5667.1  0.9879170656204223
5669.7  0.9908257126808166
5672.3  0.9953470826148986
5674.9  1.000563740730286
5677.5  1.004717469215393
5680.1  1.006790280342102
5682.7  1.007035851478577
5685.3  1.006141185760498
5687.9  1.004302501678467
5690.5  1.001276135444641
5693.1  0.99727064371109
5695.7  0.9933706521987915
5698.3  0.9907718300819396
5700.9  0.9897642731666564
5703.5  0.9897498488426208
5706.1  0.9900206923484802
5708.7  0.9902384281158447
5711.3  0.9903533458709716
5713.9  0.9904688596725463
5716.5  0.9908676743507385
5719.1  0.991958737373352
5721.7  0.9940041899681091
5724.3  0.996854543685913
5726.9  0.9999775290489196
5729.5  1.002774596214295
5732.1  1.004861831665039
5734.7  1.006121158599854
5737.3  1.006629347801209
5739.9  1.006631731987
5742.5  1.006473302841187
5745.1  1.006338477134705
5747.7  1.006049036979675
5750.3  1.005225777626038
5752.9  1.003564357757568
5755.5  1.000017642974854
5758.1  0.9901720881462097
5760.7  0.9624340534210205
5763.3  0.8971957564353942
5765.9  0.7759225964546203
5768.5  0.59974867105484
5771.1  0.4002324044704437
5773.7  0.2241994440555573
5776.3  0.1032245829701424
5778.9  0.03847375512123108
5781.5  0.01148178800940514
5784.1  0.002718859119340777
5786.7  5.032047629356384E-4
5789.3  6.690213194815441E-5
5791.9  0.
5794.5  0.
5797.1  0.
5799.7  0.
5802.3  0.
5804.9  0.
5807.5  0.
5810.1  0.
5812.7  0.
5815.3  0.
5817.9  0.
5820.5  6.768393359379842E-5
5823.1  5.091713974252343E-4
5825.7  0.002751421649008989
5828.3  0.01162082329392433
5830.9  0.03894422575831413
5833.5  0.1044938042759895
5836.1  0.2269552499055862
5838.7  0.4050630927085877
5841.3  0.6065481901168823
5843.9  0.7833573222160339
5846.5  0.9027591347694396
5849.1  0.9634923934936523
5851.7  0.9856871962547302
5854.3  0.991552710533142
5856.9  0.9942777752876281
5859.5  0.9975844025611877
5862.1  1.000502347946167
5864.7  1.001946926116943
5867.3  1.002334356307983
5869.9  1.002554893493652
5872.5  1.002769947052002
5875.1  1.001753211021423
5877.7  0.9962892532348632
5880.3  0.9803332686424255
5882.9  0.9471620321273803
5885.5  0.8978635072708129
5888.1  0.849901795387268
5890.7  0.830291748046875
5893.3  0.8525102734565734
5895.9  0.902752935886383
5898.5  0.9537052512168884
5901.1  0.9878795742988586
5903.7  1.004604816436768
5906.3  1.011090040206909
5908.9  1.013214945793152
5911.5  1.013280510902405
5914.1  1.011855483055115
5916.7  1.009558200836182
5919.3  1.007393002510071
5921.9  1.005963087081909
5924.5  1.005075335502625
5927.1  1.004167079925537
5929.7  1.002975940704346
5932.3  1.001637697219849
5934.9  1.000311017036438
5937.5  0.9990989565849304
5940.1  0.9983971714973449
5942.7  0.9988747239112854
5945.3  1.000801563262939
5947.9  1.00364351272583
5950.5  1.006522417068481
5953.1  1.00887393951416
5955.7  1.010557174682617
5958.3  1.011616945266724
5960.9  1.012108325958252
5963.5  1.012069582939148
5966.1  1.011570334434509
5968.7  1.01072371006012
5971.3  1.009613037109375
5973.9  1.008195519447327
5976.5  1.006294250488281
5979.1  1.003675699234009
5981.7  1.000155925750732
5984.3  0.9957550168037414
5986.9  0.9909639954566955
5989.5  0.9869120121002197
5992.1  0.9849406480789184
5994.7  0.9856190681457519
5997.3  0.9882430434226989
5999.9  0.9914796352386474
6002.5  0.9943163990974426
6005.1  0.9963189959526062
6007.7  0.9973890781402587
6010.3  0.9976059794425964
6012.9  0.9971885681152343
6015.5  0.9964410066604614
6018.1  0.9957588911056518
6020.7  0.9956039190292358
6023.3  0.9961801767349243
6025.9  0.99711674451828
6028.5  0.997715950012207
6031.1  0.9975489377975463
6033.7  0.9966921210289001
6036.3  0.9954591989517211
6038.9  0.9940676093101501
6041.5  0.9926038384437561
6044.1  0.9911869764328002
6046.7  0.9900100231170654
6049.3  0.9891786575317382
6051.9  0.988645851612091
6054.5  0.9884071946144104
6057.1  0.9886517524719238
6059.7  0.9896302223205566
6062.3  0.9914057850837707
6064.9  0.9937305450439453
6067.5  0.9960854053497314
6070.1  0.9978886246681213
6072.7  0.9988096356391906
6075.3  0.9989175200462341
6077.9  0.9984993338584899
6080.5  0.9977566599845886
6083.1  0.9966897368431091
6085.7  0.9952898621559143
6088.3  0.9938133358955383
6090.9  0.9926885366439819
6093.5  0.9918984770774841
6096.1  0.990649938583374
6098.7  0.9881985187530517
6101.3  0.9851055145263671
6103.9  0.9830980896949768
6106.5  0.9832594990730285
6109.1  0.9848021864891052
6111.7  0.9861314892768859
6114.3  0.9867594838142395
6116.9  0.9875813722610473
6119.5  0.9894564151763916
6122.1  0.9920464754104614
6124.7  0.9940223693847656
6127.3  0.9938480854034423
6129.9  0.9904820322990417
6132.5  0.9843825101852416
6135.1  0.9783589243888854
6137.7  0.9763631224632263
6140.3  0.9800887107849121
6142.9  0.9869100451469421
6145.5  0.9917097091674804
6148.1  0.9904112815856933
6150.7  0.9823315143585205
6153.3  0.9709614515304565
6155.9  0.9626803994178771
6158.5  0.9624878168106079
6161.1  0.9696120619773864
6163.7  0.9777843356132507
6166.3  0.9803622961044311
6168.9  0.9755861759185791
6171.5  0.9679057002067565
6174.1  0.9643206000328063
6176.7  0.9680018424987792
6179.3  0.9748353362083435
6181.9  0.9760613441467285
6184.5  0.9645277261734008
6187.1  0.9408364295959472
6189.7  0.9160858392715454
6192.3  0.9061721563339233
6194.9  0.9187727570533752
6197.5  0.9463481903076171
6200.1  0.9740473628044128
6202.7  0.9924412369728088
6205.3  1.00117838382721
6207.9  1.004147291183472
6210.5  1.004635334014893
6213.1  1.004161834716797
6215.7  1.003250956535339
6218.3  1.002081274986267
6220.9  1.000646591186523
6223.5  0.9986830353736877
6226.1  0.9959064722061157
6228.7  0.9923877716064453
6231.3  0.9886237978935241
6233.9  0.9852910041809082
6236.5  0.9831446409225463
6239.1  0.9829344153404235
6241.7  0.9848475456237792
6244.3  0.988072395324707
6246.9  0.9913417100906372
6249.5  0.9938668012619018
6252.1  0.9956220388412475
6254.7  0.9970169067382812
6257.3  0.9984599351882934
6259.9  1.000043749809265
6262.5  1.00148606300354
6265.1  1.002358555793762
6267.7  1.002327799797058
6270.3  1.001217246055603
6272.9  0.9991067051887512
6275.5  0.9965561032295227
6278.1  0.9945479035377502
6280.7  0.9939051270484924
6283.3  0.9947131872177124
6285.9  0.9963464140892028
6288.5  0.9979465007781982
6291.1  0.998763084411621
6293.7  0.9981536865234375
6296.3  0.9953794479370117
6298.9  0.9897668957710266
6301.5  0.9817871451377868
6304.1  0.9741528034210205
6306.7  0.9707093238830566
6309.3  0.9730771780014038
6311.9  0.9789174795150756
6314.5  0.9844170212745666
6317.1  0.9879232048988342
6319.7  0.9904211163520812
6322.3  0.9931935667991638
6324.9  0.9961428046226501
6327.5  0.9983488321304321
6330.1  0.9993783235549926
6332.7  0.9995917081832885
6335.3  0.9995282888412475
6337.9  0.9993817806243896
6340.5  0.9990693926811218
6343.1  0.9985445141792297
6345.7  0.9979196786880493
6348.3  0.9973630905151367
6350.9  0.996943175792694
6353.5  0.9965859651565551
6356.1  0.996184229850769
6358.7  0.9957736134529113
6361.3  0.9955610632896423
6363.9  0.9957203269004821
6366.5  0.9961982369422912
6369.1  0.996792197227478
6371.7  0.9973850846290588
6374.3  0.9980490803718566
6376.9  0.9989604949951171
6379.5  1.000218272209168
6382.1  1.001692891120911
6384.7  1.003066897392273
6387.3  1.004088759422302
6389.9  1.004748463630676
6392.5  1.00516140460968
6395.1  1.005357503890991
6397.7  1.005235433578491
6400.3  1.004660964012146
6402.9  1.003632783889771
6405.5  1.002432823181152
6408.1  1.001535892486572
6410.7  1.001227378845215
6413.3  1.001392006874085
6415.9  1.001713275909424
6418.5  1.001839756965637
6421.1  1.001222133636475
6423.7  0.9991862773895263
6426.3  0.9956790208816528
6428.9  0.9919726252555847
6431.5  0.990090787410736
6434.1  0.9910688996315002
6436.7  0.9939660429954528
6439.3  0.9968444108963012
6441.9  0.9984390139579772
6444.5  0.9987053871154785
6447.1  0.9982690215110778
6449.7  0.9978038072586059
6452.3  0.9977514743804931
6454.9  0.9982222914695739
6457.5  0.9990442991256713
6460.1  0.9999621510505676
6462.7  1.000790596008301
6465.3  1.001432776451111
6467.9  1.001827001571655
6470.5  1.001883745193482
6473.1  1.001412272453308
6475.7  1.000172257423401
6478.3  0.9981765747070312
6480.9  0.9959661364555358
6483.5  0.9943333268165588
6486.1  0.993552803993225
6488.7  0.9930576682090759
6491.3  0.992141306400299
6493.9  0.9908754825592041
6496.5  0.9900575876235961
6499.1  0.9902665615081787
6501.7  0.9912139773368835
6504.3  0.9920693039894104
6506.9  0.9921916127204895
6509.5  0.9914847612380981
6512.1  0.9903178811073303
6514.7  0.9892958402633666
6517.3  0.9889785051345825
6519.9  0.9895662665367126
6522.5  0.9907898306846618
6525.1  0.9921598434448242
6527.7  0.9933167695999145
6530.3  0.9941320419311523
6532.9  0.9945773482322692
6535.5  0.994608461856842
6538.1  0.994138479232788
6540.7  0.9930058717727661
6543.3  0.9908938407897949
6545.9  0.9872095584869384
6548.5  0.9806562662124633
6551.1  0.9686691761016845
6553.7  0.9473676085472106
6556.3  0.9138182997703552
6558.9  0.8715828657150268
6561.5  0.8349396586418151
6564.1  0.8227993249893188
6566.7  0.8432005047798156
6569.3  0.8851098418235778
6571.9  0.9283558726310729
6574.5  0.9595196843147277
6577.1  0.9770038127899169
6579.7  0.985457420349121
6582.3  0.9895883202552795
6584.9  0.9920884370803833
6587.5  0.994067370891571
6590.1  0.9958383440971374
6592.7  0.9974697828292846
6595.3  0.998977780342102
6597.9  1.000395059585571
6600.5  1.001768469810486
6603.1  1.003152847290039
6605.7  1.004559278488159
6608.3  1.00588059425354
6610.9  1.006905913352966
6613.5  1.007461667060852
6616.1  1.007536053657532
6618.7  1.007240176200867
6621.3  1.006680130958557
6623.9  1.005920767784119
6626.5  1.005045413970947
6629.1  1.004191517829895
6631.7  1.003530383110046
6634.3  1.003241300582886
6636.9  1.003435850143433
6639.5  1.004066944122315
6642.1  1.004957675933838
6644.7  1.005971431732178
6647.3  1.007082104682922
6649.9  1.008233666419983
6652.5  1.009245872497559
6655.1  1.009976148605347
6657.7  1.010508537292481
6660.3  1.011082530021668
6662.9  1.011882662773132
6665.5  1.012914419174194
6668.1  1.014020323753357
6670.7  1.014988422393799
6673.3  1.015714168548584
6675.9  1.016273140907288
6678.5  1.016807556152344
6681.1  1.017355799674988
6683.7  1.017807245254517
6686.3  1.017997741699219
6688.9  1.017818927764893
6691.5  1.017262578010559
6694.1  1.016396999359131
6696.7  1.015326023101807
6699.3  1.014184832572937
6701.9  1.013153195381165
6704.5  1.012400984764099
6707.1  1.011962532997131
6709.7  1.01166558265686
6712.3  1.011172890663147
6714.9  1.010137677192688
6717.5  1.008512616157532
6720.1  1.006833434104919
6722.7  1.005991220474243
6725.3  1.00643801689148
6727.9  1.007702469825745
6730.5  1.008867859840393
6733.1  1.009426832199097
6735.7  1.009563803672791
6738.3  1.009785175323486
6740.9  1.010423541069031
6743.5  1.011417269706726
6746.1  1.012424826622009
6748.7  1.013105154037476
6751.3  1.013337254524231
6753.9  1.013232111930847
6756.5  1.012966275215149
6759.1  1.012624621391296
6761.7  1.012192726135254
6764.3  1.011634945869446
6766.9  1.010930895805359
6769.5  1.010074496269226
6772.1  1.009079933166504
6774.7  1.007950305938721
6777.3  1.006615400314331
6779.9  1.004983901977539
6782.5  1.003177046775818
6785.1  1.001689314842224
6787.7  1.0011146068573
6790.3  1.001598954200745
6792.9  1.002678513526917
6795.5  1.003676652908325
6798.1  1.004097819328308
6800.7  1.003605008125305
6803.3  1.0019451379776
6805.9  0.9992947578430175
6808.5  0.9967198371887207
6811.1  0.9958326816558837
6813.7  0.9974914789199829
6816.3  1.000897645950317
6818.9  1.004252910614014
6821.5  1.006200671195984
6824.1  1.006559610366821
6826.7  1.006049156188965
6829.3  1.005579829216003
6831.9  1.005564212799072
6834.5  1.005677580833435
6837.1  1.005378007888794
6839.7  1.004676103591919
6842.3  1.004128336906433
6844.9  1.004063963890076
6847.5  1.004085898399353
6850.1  1.003445982933044
6852.7  1.001063466072083
6855.3  0.9942140579223632
6857.9  0.9766976237297058
6860.5  0.940660536289215
6863.1  0.8855495452880859
6865.7  0.8277786970138549
6868.3  0.7951825261116027
6870.9  0.8039471507072448
6873.5  0.8417279124259948
6876.1  0.8773955106735229
6878.7  0.8847042322158813
6881.3  0.8567845225334167
6883.9  0.8075311183929443
6886.5  0.765193223953247
6889.1  0.7572180032730102
6891.7  0.7910221815109252
6894.3  0.8488969802856445
6896.9  0.9048079848289489
6899.5  0.94391530752182
6902.1  0.9660984873771667
6904.7  0.9777098894119262
6907.3  0.9844300150871276
6909.9  0.9891236424446105
6912.5  0.9925739765167236
6915.1  0.9948992133140563
6917.7  0.9965296983718872
6920.3  0.9979898333549499
6922.9  0.9993685483932495
6925.5  1.000202655792236
6928.1  0.9998494982719421
6930.7  0.9980179667472839
6933.3  0.9951643347740173
6935.9  0.9924116134643554
6938.5  0.9908328056335449
6941.1  0.9905352592468261
6943.7  0.9903888702392578
6946.3  0.9886801838874816
6948.9  0.9843259453773498
6951.5  0.9780741930007934
6954.1  0.9727393984794616
6956.7  0.9715137481689453
6959.3  0.9753064513206481
6961.9  0.9819300174713134
6964.5  0.9881632328033447
6967.1  0.9922487735748291
6969.7  0.9943744540214538
6972.3  0.9955314397811889
6974.9  0.9964555501937866
6977.5  0.9973674416542053
6980.1  0.998148500919342
6982.7  0.9985092282295227
6985.3  0.9981653690338134
6987.9  0.9971343874931335
6990.5  0.9959290027618408
6993.1  0.9952433705329895
6995.7  0.9953494071960449
6998.3  0.9959211349487304
7000.9  0.9964340329170227
7003.5  0.9965723752975463
7006.1  0.9962451457977294
7008.7  0.9954006671905517
7011.3  0.9940132498741149
7013.9  0.9922854900360107
7016.5  0.9907289147377014
7019.1  0.9898801445960998
7021.7  0.9898763298988342
7024.3  0.9903239011764526
7026.9  0.990563154220581
7029.5  0.9900217056274414
7032.1  0.98845636844635
7034.7  0.9861524105072021
7037.3  0.9839715361595153
7039.9  0.982866883277893
7042.5  0.9830259084701538
7045.1  0.9836657643318176
7047.7  0.9839624762535095
7050.3  0.984056532382965
7052.9  0.9848256111145019
7055.5  0.9867385029792785
7058.1  0.9893166422843933
7060.7  0.9918049573898315
7063.3  0.9939614534378051
7065.9  0.9959358572959899
7068.5  0.9976637363433837
7071.1  0.9987351894378662
7073.7  0.9988446235656738
7076.3  0.9981148242950439
7078.9  0.9969186186790466
7081.5  0.995568037033081
7084.1  0.9942450523376464
7086.7  0.9930704236030578
7089.3  0.9920883774757385
7091.9  0.9912295341491699
7094.5  0.9904099106788635
7097.1  0.9896703958511352
7099.7  0.9891355633735656
7102.3  0.9887840151786804
7104.9  0.9883212447166442
7107.5  0.9872215390205383
7110.1  0.9847364425659179
7112.7  0.9797559380531311
7115.3  0.9712082743644714
7117.9  0.9596582651138305
7120.5  0.948839247226715
7123.1  0.9442067146301269
7125.7  0.948474645614624
7128.3  0.9590064287185668
7130.9  0.9704194664955139
7133.5  0.9788344502449035
7136.1  0.9829216003417968
7138.7  0.9820561408996582
7141.3  0.975374162197113
7143.9  0.9636606574058532
7146.5  0.9517073631286621
7149.1  0.9465405344963073
7151.7  0.9514643549919128
7154.3  0.9627519249916076
7156.9  0.9735311269760131
7159.5  0.9797523021697998
7162.1  0.9815764427185058
7164.7  0.9808576703071594
7167.3  0.9787821173667907
7169.9  0.9752641916275024
7172.5  0.969759464263916
7175.1  0.9626654386520385
7177.7  0.9555296301841735
7180.3  0.9494849443435668
7182.9  0.9445235729217529
7185.5  0.9410215020179748
7188.1  0.9405741691589355
7190.7  0.9439649581909179
7193.3  0.9494581222534179
7195.9  0.9544557929039001
7198.5  0.9580207467079162
7201.1  0.9607595205307006
7203.7  0.9629071354866027
7206.3  0.9633120894432067
7208.9  0.9601457118988037
7211.5  0.9527860283851623
7214.1  0.9433752298355102
7216.7  0.9359740018844604
7219.3  0.9330700039863586
7221.9  0.9330097436904907
7224.5  0.9306992888450622
7227.1  0.9207444787025451
7229.7  0.9023603796958923
7232.3  0.8837811946868896
7234.9  0.8788942694664001
7237.5  0.8948651552200317
7240.1  0.9242965579032897
7242.7  0.9522691369056701
7245.3  0.9689866304397583
7247.9  0.9740869998931884
7250.5  0.9722984433174133
7253.1  0.9681344032287597
7255.7  0.9639060497283935
7258.3  0.9606347680091857
7260.9  0.9592611789703369
7263.5  0.9602776169776916
7266.1  0.9626282453536987
7268.7  0.9641891121864318
7271.3  0.9636517763137817
7273.9  0.9618149399757385
7276.5  0.9608696699142456
7279.1  0.9622542262077331
7281.7  0.9653368592262268
7284.3  0.9683377742767333
7286.9  0.9701298475265502
7289.5  0.9707325100898742
7292.1  0.9704670906066894
7294.7  0.9693962931632995
7297.3  0.9677425026893615
7299.9  0.9663050770759582
7302.5  0.9659735560417175
7305.1  0.9669830203056335
7307.7  0.9689849019050598
7310.3  0.9717636704444885
7312.9  0.9754560589790344
7315.5  0.9799644947052001
7318.1  0.9844389557838439
7320.7  0.9875270128250122
7323.3  0.988191545009613
7325.9  0.9864709973335266
7328.5  0.9835898280143737
7331.1  0.9810847640037536
7333.7  0.9794444441795349
7336.3  0.977726399898529
7338.9  0.9748706817626953
7341.5  0.9712510704994201
7344.1  0.9684880971908569
7346.7  0.9677866101264953
7349.3  0.968949556350708
7351.9  0.9710163474082946
7354.5  0.9732564687728881
7357.1  0.9753628373146057
7359.7  0.9771938920021057
7362.3  0.9786862134933471
7364.9  0.9798845648765563
7367.5  0.9808329343795776
7370.1  0.981459617614746
7372.7  0.9816561341285705
7375.3  0.9814063906669616
7377.9  0.9807960987091064
7380.5  0.9799882769584655
7383.1  0.9792417883872985
7385.7  0.9788222312927246
7388.3  0.9788199067115783
7390.9  0.9791357517242431
7393.5  0.9796984791755676
7396.1  0.9805487990379333
7398.7  0.9816363453865051
7401.3  0.9826902151107788
7403.9  0.9833595752716064
7406.5  0.9831382036209106
7409.1  0.9811201095581054
7411.7  0.9766871333122253
7414.3  0.9711087346076965
7416.9  0.9676758050918579
7419.5  0.9690279960632324
7422.1  0.974489688873291
7424.7  0.9807720780372619
7427.3  0.984992504119873
7429.9  0.9864684343338012
7432.5  0.9861456155776977
7435.1  0.9852033257484436
7437.7  0.9842978715896606
7440.3  0.9836257100105285
7442.9  0.9832351207733154
7445.5  0.9831368923187255
7448.1  0.9832186102867126
7450.7  0.9832448959350585
7453.3  0.982975959777832
7455.9  0.9822443723678588
7458.5  0.981000542640686
7461.1  0.9794131517410278
7463.7  0.977858543395996
7466.3  0.976677119731903
7468.9  0.9759709239006042
7471.5  0.9756798148155212
7474.1  0.9757697582244873
7476.7  0.9762616157531738
7479.3  0.9771390557289123
7481.9  0.9783452749252319
7484.5  0.9799145460128784
7487.1  0.9820056557655334
7489.7  0.9847131967544555
7492.3  0.9878854155540466
7494.9  0.9911746978759765
7497.5  0.9941903352737426
7500.1  0.9965724349021911
7502.7  0.998051106929779
7505.3  0.9985313415527343
7507.9  0.998088777065277
7510.5  0.9968347549438476
7513.1  0.994802176952362
7515.7  0.9919309020042419
7518.3  0.988196313381195
7520.9  0.9839740991592407
7523.5  0.9803745746612548
7526.1  0.9788196682929992
7528.7  0.9798337221145629
7531.3  0.9823889136314392
7533.9  0.9847287535667419
7536.5  0.9857009053230285
7539.1  0.9852875471115112
7541.7  0.9842846393585205
7544.3  0.9836636185646057
7546.9  0.9839216470718383
7549.5  0.9847954511642456
7552.1  0.9856231212615966
7554.7  0.9859884977340698
7557.3  0.9859980940818786
7559.9  0.9860240817070007
7562.5  0.9862703084945678
7565.1  0.9865922331809997
7567.7  0.9866785407066345
7570.3  0.9863443374633789
7572.9  0.9856736063957214
7575.5  0.9849472045898437
7578.1  0.9842891693115234
7580.7  0.9825655817985534
7583.3  0.9751401543617248
7585.9  0.9511902332305908
7588.5  0.8942070603370666
7591.1  0.7912176847457885
7593.7  0.6484433412551879
7596.3  0.4965296685695648
7598.9  0.3722308874130249
7601.5  0.2938491106033325
7604.1  0.2608338296413422
7606.7  0.2736756801605225
7609.3  0.3394232988357544
7611.9  0.4520930349826813
7614.5  0.5767057538032531
7617.1  0.6622917056083679
7619.7  0.6749160289764404
7622.3  0.6214241981506347
7624.9  0.5419389009475708
7627.5  0.4774714708328247
7630.1  0.4451990127563477
7632.7  0.443459689617157
7635.3  0.4673676490783691
7637.9  0.5103679299354553
7640.5  0.5612724423408508
7643.1  0.6121081709861755
7645.7  0.6646094918251037
7648.3  0.7224266529083251
7650.9  0.7815725207328796
7653.5  0.8333925008773803
7656.1  0.8727403879165649
7658.7  0.8995779156684875
7661.3  0.915535569190979
7663.9  0.9221320152282714
7666.5  0.921675682067871
7669.1  0.9186235070228576
7671.7  0.918843388557434
7674.3  0.9266230463981628
7676.9  0.9417257905006408
7679.5  0.9596126675605773
7682.1  0.9743780493736267
7684.7  0.9821059107780456
7687.3  0.9828510880470275
7689.9  0.9802116155624389
7692.5  0.9782966375350952
7695.1  0.9783524274826049
7697.7  0.9787772893905639
7700.3  0.9786445498466491
7702.9  0.9796299934387207
7705.5  0.9835753440856933
7708.1  0.9895775914192199
7710.7  0.9948452115058898
7713.3  0.9975356459617614
7715.9  0.9978272318840026
7718.5  0.9969105124473571
7721.1  0.9957778453826904
7723.7  0.9947529435157775
7726.3  0.9936684966087341
7728.9  0.9923545122146606
7731.5  0.9910575747489929
7734.1  0.9903196096420288
7736.7  0.9903882145881652
7739.3  0.9907707571983337
7741.9  0.9905368089675903
7744.5  0.9892645478248596
7747.1  0.9877220392227172
7749.7  0.987339973449707
7752.3  0.988770842552185
7754.9  0.9911776781082153
7757.5  0.9931129217147827
7760.1  0.993815004825592
7762.7  0.9934696555137634
7765.3  0.9926291704177856
7767.9  0.9918510317802429
7770.5  0.9918199777603149
7773.1  0.9932708740234375
7775.7  0.9963931441307067
7778.3  1.000458836555481
7780.9  1.004337430000305
7783.5  1.00733482837677
7786.1  1.009411931037903
7788.7  1.010780692100525
7791.3  1.011525273323059
7793.9  1.011574745178223
7796.5  1.010871291160584
7799.1  1.009486079216004
7801.7  1.007591366767883
7804.3  1.005365371704102
7806.9  1.003045558929443
7809.5  1.001115441322327
7812.1  1.00020182132721
7814.7  1.000529766082764
7817.3  1.001556634902954
7819.9  1.002358794212341
7822.5  1.002343535423279
7825.1  1.001538872718811
7827.7  1.000371217727661
7830.3  0.9993226528167724
7832.9  0.9987300634384155
7835.5  0.9987114667892456
7838.1  0.999127447605133
7840.7  0.9996134042739868
7843.3  0.9997543096542358
7845.9  0.99932461977005
7848.5  0.998408555984497
7851.1  0.9973542690277099
7853.7  0.9965770244598388
7856.3  0.9962633252143859
7858.9  0.9962291121482849
7861.5  0.9961501359939575
7864.1  0.9959218502044677
7866.7  0.9957248568534851
7869.3  0.9958811402320861
7871.9  0.99683678150177
7874.5  0.9991136789321899
7877.1  1.002899050712585
7879.7  1.00761878490448
7882.3  1.012135744094849
7884.9  1.015458703041077
7887.5  1.017263531684876
7890.1  1.017861723899841
7892.7  1.017786145210266
7895.3  1.017349600791931
7897.9  1.016514539718628
7900.5  1.015103340148926
7903.1  1.013073921203613
7905.7  1.010639309883118
7908.3  1.008312106132507
7910.9  1.006796479225159
7913.5  1.00652539730072
7916.1  1.007158517837525
7918.7  1.007660150527954
7921.3  1.006905436515808
7923.9  1.004287958145142
7926.5  1.000157952308655
7929.1  0.9959139227867126
7931.7  0.9931827187538146
7934.3  0.9924163818359375
7936.9  0.9926305413246154
7939.5  0.9928504228591918
7942.1  0.9932736158370971
7944.7  0.9946041703224182
7947.3  0.9968174695968627
7949.9  0.9991337060928344
7952.5  1.00086522102356
7955.1  1.001835227012634
7957.7  1.002165794372559
7960.3  1.00205409526825
7962.9  1.001709342002869
7965.5  1.001288294792175
7968.1  1.000860571861267
7970.7  1.000556707382202
7973.3  1.00075888633728
7975.9  1.002050042152405
7978.5  1.004854679107666
7981.1  1.009007692337036
7983.7  1.013640642166138
7986.3  1.017567992210388
7988.9  1.019927024841309
7991.5  1.020562410354614
7994.1  1.019904971122742
7996.7  1.018554449081421
7999.3  1.017011642456055
8001.9  1.015656471252441
8004.5  1.014700293540955
8007.1  1.014016270637512
8009.7  1.013200640678406
8012.3  1.011985778808594
8014.9  1.010486245155335
8017.5  1.008893489837646
8020.1  1.007117748260498
8022.7  1.005037903785706
8025.3  1.003042340278626
8027.9  1.001938819885254
8030.5  1.002139568328857
8033.1  1.003137230873108
8035.7  1.003929376602173
8038.3  1.003746628761292
8040.9  1.002328038215637
8043.5  0.9999639987945556
8046.1  0.9975778460502624
8048.7  0.9963787794113159
8051.3  0.99695885181427
8053.9  0.9988252520561218
8056.5  1.001026034355164
8059.1  1.002988815307617
8061.7  1.00462281703949
8064.3  1.00593626499176
8066.9  1.006874918937683
8069.5  1.007436752319336
8072.1  1.007724404335022
8074.7  1.007830381393433
8077.3  1.007777333259583
8079.9  1.007686138153076
8082.5  1.007987260818482
8085.1  1.009254693984985
8087.7  1.011628746986389
8090.3  1.01448404788971
8092.9  1.016819953918457
8095.5  1.017974376678467
8098.1  1.01796305179596
8100.7  1.017322897911072
8103.3  1.016661286354065
8105.9  1.016172528266907
8108.5  1.015558481216431
8111.1  1.014511704444885
8113.7  1.01317298412323
8116.3  1.011966705322266
8118.9  1.011139392852783
8121.5  1.010573863983154
8124.1  1.00994873046875
8126.7  1.009016990661621
8129.3  1.007802963256836
8131.9  1.006411552429199
8134.5  1.004528641700745
8137.1  1.001199960708618
8139.7  0.995123267173767
8142.3  0.9850022792816162
8144.9  0.970346987247467
8147.5  0.9534051418304443
8150.1  0.9402584433555603
8152.7  0.9376189112663269
8155.3  0.946932315826416
8157.9  0.9627383351325988
8160.5  0.9776628017425537
8163.1  0.9877786040306091
8165.7  0.9928709268569946
8168.3  0.993535578250885
8170.9  0.9896146059036254
8173.5  0.9812225699424743
8176.1  0.9701284766197204
8178.7  0.9591867923736572
8181.3  0.9507743120193481
8183.9  0.9469215869903564
8186.5  0.950124979019165
8189.1  0.9614479541778564
8191.7  0.9779830574989318
8194.3  0.9943994879722595
8196.9  1.006978392601013
8199.5  1.015042781829834
8202.1  1.019398093223572
8204.7  1.020878314971924
8207.3  1.020299196243286
8209.9  1.01877224445343
8212.5  1.01732325553894
8215.1  1.01598072052002
8217.7  1.013190984725952
8220.3  1.006511926651001
8222.9  0.9947154521942138
8225.5  0.9800965189933776
8228.1  0.968072772026062
8230.7  0.962809681892395
8233.3  0.9623564481735229
8235.9  0.9592346549034118
8238.5  0.9479206204414367
8241.1  0.9321750402450561
8243.7  0.9223144054412841
8246.3  0.9228118658065795
8248.9  0.9256302118301391
8251.5  0.9202505350112915
8254.1  0.908643364906311
8256.7  0.9047991037368774
8259.3  0.9185045361518859
8261.9  0.9441492557525634
8264.5  0.9674537181854248
8267.1  0.9794478416442871
8269.7  0.9817614555358886
8272.3  0.9815321564674377
8274.9  0.9839729666709899
8277.5  0.9893108010292053
8280.1  0.9948706626892089
8282.7  0.998625099658966
8285.3  1.000696897506714
8287.9  1.00243616104126
8290.5  1.004863977432251
8293.1  1.007870554924011
8295.7  1.010576963424683
8298.3  1.012131571769714
8300.9  1.01207709312439
8303.5  1.010369539260864
8306.1  1.007356643676758
8308.7  1.003482580184937
8311.3  0.9985832571983337
8313.9  0.9918279647827148
8316.5  0.9833331704139709
8319.1  0.9760454893112182
8321.7  0.9745956063270568
8324.3  0.9809712767601013
8326.9  0.992081344127655
8329.5  1.002550363540649
8332.1  1.008982419967651
8334.7  1.011039733886719
8337.3  1.010072469711304
8339.9  1.008042573928833
8342.5  1.006897568702698
8345.1  1.007614850997925
8347.7  1.009618401527405
8350.3  1.01154375076294
8352.9  1.012521624565125
8355.5  1.012645840644837
8358.1  1.012436270713806
8360.7  1.012171387672424
8363.3  1.0117347240448
8365.9  1.010851860046387
8368.5  1.009249925613403
8371.1  1.006730198860169
8373.7  1.003474235534668
8376.3  1.000450968742371
8378.9  0.9990924000740051
8381.5  1.000172734260559
8384.1  1.003170490264893
8386.7  1.006891846656799
8389.3  1.010427117347717
8391.9  1.013378977775574
8394.5  1.0156010389328
8397.1  1.017089128494263
8399.7  1.017988204956055
8402.3  1.018422603607178
8404.9  1.018294095993042
8407.5  1.017408847808838
8410.1  1.015814781188965
8412.7  1.013898611068726
8415.3  1.012217283248901
8417.9  1.011432886123657
8420.5  1.012208580970764
8423.1  1.014682412147522
8425.7  1.01790463924408
8428.3  1.020180702209473
8430.9  1.020350098609924
8433.5  1.018850088119507
8436.1  1.017435312271118
8438.7  1.017660140991211
8441.3  1.019589066505432
8443.9  1.022011160850525
8446.5  1.023679375648499
8449.1  1.024139285087586
8451.7  1.023636698722839
8454.3  1.022664427757263
8456.9  1.021613478660584
8459.5  1.020562291145325
8462.1  1.019303202629089
8464.7  1.017704606056213
8467.3  1.016032814979553
8469.9  1.01474940776825
8472.5  1.01396632194519
8475.1  1.013304471969605
8477.7  1.012367844581604
8480.3  1.011196374893189
8482.9  1.009959578514099
8485.5  1.008100152015686
8488.1  1.003810524940491
8490.7  0.9948877096176147
8493.3  0.9812800288200378
8495.9  0.9673658013343811
8498.5  0.9602753520011901
8501.1  0.9641382098197937
8503.7  0.9763060808181762
8506.3  0.9901058673858642
8508.9  1.000405192375183
8511.5  1.005982995033264
8514.1  1.008159160614014
8516.7  1.008681535720825
8519.3  1.008625864982605
8521.9  1.008212089538574
8524.5  1.006920218467712
8527.1  1.002875685691834
8529.7  0.9906712174415588
8532.3  0.9582076668739318
8534.9  0.8866642117500305
8537.5  0.7598997354507446
8540.1  0.5818035006523132
8542.7  0.3847918510437012
8545.3  0.2138635069131851
8547.9  0.09782218933105468
8550.5  0.03626710921525955
8553.1  0.01077766250818968
8555.7  0.002543320413678885
8558.3  4.690796777140349E-4
8560.9  6.181299249874427E-5
8563.5  0.
8566.1  0.
8568.7  0.
8571.3  0.
8573.9  0.
8576.5  0.
8579.1  0.
8581.7  0.
8584.3  0.
8586.9  0.
8589.5  0.
8592.1  0.
8594.7  0.
8597.3  0.
8599.9  0.
8602.5  0.
8605.1  0.
8607.7  0.
8610.3  0.
8612.9  0.
8615.5  0.
8618.1  0.
8620.7  0.
8623.3  0.
8625.9  0.
8628.5  0.
8631.1  0.
8633.7  0.
8636.3  0.
8638.9  0.
8641.5  5.020587195758707E-5
8644.1  3.862793382722884E-4
8646.7  0.002114364178851247
8649.3  0.009038122370839118
8651.9  0.03073739819228649
8654.5  0.08404096961021423
8657.1  0.1869617998600006
8659.7  0.3438172936439514
8662.3  0.533664584159851
8664.9  0.7177518606185913
8667.5  0.8624789714813232
8670.1  0.9561249613761901
8672.7  1.006807565689087
8675.3  1.030051231384277
8677.9  1.039109468460083
8680.5  1.042030215263367
8683.1  1.042667150497437
8685.7  1.042549014091492
8688.3  1.042303323745728
8690.9  1.042245268821716
8693.5  1.042450189590454
8696.1  1.042714595794678
8698.7  1.042710423469544
8701.3  1.042206764221191
8703.9  1.041112184524536
8706.5  1.039385795593262
8709.1  1.037107467651367
8711.7  1.034704208374024
8714.3  1.032835125923157
8716.9  1.031804442405701
8719.5  1.031262278556824
8722.1  1.030698299407959
8724.7  1.030038356781006
8727.3  1.029586791992188
8729.9  1.02959144115448
8732.5  1.030042052268982
8735.1  1.030766010284424
8737.7  1.03150737285614
8740.3  1.031903624534607
8742.9  1.031575441360474
8745.5  1.030433535575867
8748.1  1.028985142707825
8750.7  1.028204441070557
8753.3  1.02888834476471
8755.9  1.031059980392456
8758.5  1.034027457237244
8761.1  1.03695809841156
8763.7  1.039317965507507
8766.3  1.040910005569458
8768.9  1.041770815849304
8771.5  1.042061686515808
8774.1  1.041875123977661
8776.7  1.040993809700012
8779.3  1.038966774940491
8781.9  1.035735487937927
8784.5  1.032332181930542
8787.1  1.030626893043518
8789.7  1.031846404075623
8792.3  1.034968018531799
8794.9  1.036508917808533
8797.5  1.031499862670899
8800.1  1.015587329864502
8802.7  0.9893679022789001
8805.3  0.9625266194343566
8807.9  0.9501382708549499
8810.5  0.9602419137954711
8813.1  0.9860689640045166
8815.7  1.013054847717285
8818.3  1.031438708305359
8820.9  1.040404081344604
8823.5  1.04359233379364
8826.1  1.044279456138611
8828.7  1.0440514087677
8831.3  1.043448209762573
8833.9  1.042648792266846
8836.5  1.041791915893555
8839.1  1.040967583656311
8841.7  1.040159821510315
8844.3  1.039225220680237
8846.9  1.037999391555786
8849.5  1.036414861679077
8852.1  1.034490823745728
8854.7  1.032253623008728
8857.3  1.02978777885437
8859.9  1.027462959289551
8862.5  1.026034116744995
8865.1  1.026277661323547
8867.7  1.028348088264465
8870.3  1.031569361686707
8872.9  1.034962177276611
8875.5  1.037906885147095
8878.1  1.040247678756714
8880.7  1.04192316532135
8883.3  1.042693614959717
8885.9  1.042274951934814
8888.5  1.04077410697937
8891.1  1.039009690284729
8893.7  1.038163185119629
8896.3  1.038830757141113
8898.9  1.040475368499756
8901.5  1.041875600814819
8904.1  1.041834712028504
8906.7  1.039478778839111
8909.3  1.034641623497009
8911.9  1.028654456138611
8914.5  1.0243239402771
8917.1  1.024099707603455
8919.7  1.027942776679993
8922.3  1.033422470092773
8924.9  1.037943363189697
8927.5  1.040561079978943
8930.1  1.041761755943298
8932.7  1.042141079902649
8935.3  1.041797876358032
8937.9  1.040796518325806
8940.5  1.039484858512878
8943.1  1.038071632385254
8945.7  1.036395192146301
8948.3  1.034374117851257
8950.9  1.032134294509888
8953.5  1.02945351600647
8956.1  1.025396466255188
8958.7  1.018609404563904
8961.3  1.007860541343689
8963.9  0.9931196570396423
8966.5  0.9772404432296752
8969.1  0.9664021730422973
8971.7  0.9669817090034484
8974.3  0.9801573753356933
8976.9  0.9997990131378173
8979.5  1.016878485679627
8982.1  1.025965929031372
8984.7  1.027339577674866
8987.3  1.024190783500671
8989.9  1.018746495246887
8992.5  1.010796189308167
8995.1  0.9998523592948913
8997.7  0.9884729385375976
9000.3  0.98186856508255
9002.9  0.9829709529876708
9005.5  0.989294946193695
9008.1  0.9958625435829162
9010.7  0.9998537898063659
9013.3  1.00164532661438
9015.9  1.002483487129211
9018.5  1.002026915550232
9021.1  0.9984613060951232
9023.7  0.9915159344673156
9026.3  0.9848023056983947
9028.9  0.9839445352554321
9031.5  0.9919521212577819
9034.1  1.006458282470703
9036.7  1.021175861358643
9039.3  1.030145049095154
9041.9  1.031328916549683
9044.5  1.02725887298584
9047.1  1.022916793823242
9049.7  1.022332549095154
9052.3  1.025949358940125
9054.9  1.030897617340088
9057.5  1.034000635147095
9060.1  1.034623146057129
9062.7  1.034541010856629
9065.3  1.035504460334778
9067.9  1.037531137466431
9070.5  1.039450526237488
9073.1  1.0403151512146
9075.7  1.04008960723877
9078.3  1.039401888847351
9080.9  1.038659930229187
9083.5  1.036853432655334
9086.1  1.031525135040283
9088.7  1.021309852600098
9091.3  1.009171724319458
9093.9  1.001618027687073
9096.5  1.003012537956238
9099.1  1.011393547058106
9101.7  1.02104377746582
9104.3  1.027825832366943
9106.9  1.030664443969727
9109.5  1.029293179512024
9112.1  1.023110508918762
9114.7  1.013038754463196
9117.3  1.003248333930969
9119.9  0.9989938139915466
9122.5  1.002020478248596
9125.1  1.009093523025513
9127.7  1.015578627586365
9130.3  1.019356489181519
9132.9  1.02098023891449
9135.5  1.021631479263306
9138.1  1.022068977355957
9140.7  1.022733807563782
9143.3  1.023616552352905
9145.9  1.023929119110107
9148.5  1.022660851478577
9151.1  1.019896507263184
9153.7  1.017386555671692
9156.3  1.017202734947205
9158.9  1.0195552110672
9161.5  1.021899938583374
9164.1  1.019816160202026
9166.7  1.007830619812012
9169.3  0.9806187152862548
9171.9  0.9355363845825195
9174.5  0.8757039904594421
9177.1  0.8125842213630676
9179.7  0.7666648030281066
9182.3  0.7598741650581359
9184.9  0.7984758019447326
9187.5  0.8641441464424133
9190.1  0.9283866882324218
9192.7  0.9744717478752136
9195.3  1.002197623252869
9197.9  1.017497301101685
9200.5  1.024645924568176
9203.1  1.026656150817871
9205.7  1.026982069015503
9208.3  1.028257250785828
9210.9  1.030813217163086
9213.5  1.033257007598877
9216.1  1.034135937690735
9218.7  1.032355785369873
9221.3  1.02690589427948
9223.9  1.017853617668152
9226.5  1.008171677589417
9229.1  1.003042340278626
9231.7  1.005619049072266
9234.3  1.013730525970459
9236.9  1.021791338920593
9239.5  1.025766730308533
9242.1  1.025875329971314
9244.7  1.02512001991272
9247.3  1.026000380516052
9249.9  1.028731346130371
9252.5  1.032037854194641
9255.1  1.034825682640076
9257.7  1.036860346794128
9260.3  1.03825318813324
9262.9  1.038592219352722
9265.5  1.036698937416077
9268.1  1.031717538833618
9270.7  1.024721026420593
9273.3  1.018753051757813
9275.9  1.016334772109985
9278.5  1.016663908958435
9281.1  1.015363931655884
9283.7  1.007590770721436
9286.3  0.9928169250488281
9288.9  0.9773964881896972
9291.5  0.9706814885139465
9294.1  0.975931167602539
9296.7  0.9851152896881103
9299.3  0.9831539392471313
9301.9  0.9578208923339843
9304.5  0.9098322391510009
9307.1  0.8571429252624511
9309.7  0.8238236308097839
9312.3  0.8152621388435363
9314.9  0.8070321083068847
9317.5  0.7679435610771179
9320.1  0.6959518790245056
9322.7  0.6266427040100097
9325.3  0.6044285893440246
9327.9  0.6457670927047729
9330.5  0.7285389900207519
9333.1  0.8121627569198608
9335.7  0.8653050065040588
9338.3  0.87952721118927
9340.9  0.8667004704475402
9343.5  0.8476167321205139
9346.1  0.8369715213775634
9348.7  0.8338215947151184
9351.3  0.8283570408821105
9353.9  0.8170361518859863
9356.5  0.8056912422180175
9359.1  0.7968018651008605
9361.7  0.7808435559272766
9364.3  0.7476083636283874
9366.9  0.7057152390480041
9369.5  0.6810490489006042
9372.1  0.6901538372039794
9374.7  0.7237226366996765
9377.3  0.7631392478942871
9379.9  0.8033177852630615
9382.5  0.8498711585998535
9385.1  0.9023283123970031
9387.7  0.9511995911598205
9390.3  0.9877534508705139
9392.9  1.00978434085846
9395.5  1.019698619842529
9398.1  1.021214008331299
9400.7  1.017143487930298
9403.3  1.008056282997131
9405.9  0.9931105971336364
9408.5  0.9737611413002014
9411.1  0.9562903642654418
9413.7  0.9481207728385925
9416.3  0.9498869776725769
9418.9  0.9530659317970275
9421.5  0.9483541250228881
9424.1  0.9364540576934814
9426.7  0.9281187057495117
9429.3  0.9323040843009948
9431.9  0.9464578628540039
9434.5  0.9603867530822753
9437.1  0.9674728512763977
9439.7  0.9694054126739501
9442.3  0.9714888930320739
9444.9  0.9759082794189453
9447.5  0.979453682899475
9450.1  0.9752865433692932
9452.7  0.9552074074745178
9455.3  0.9107950925827026
9457.9  0.8357344269752502
9460.5  0.7333332300186157
9463.1  0.6267898678779602
9465.7  0.5573949217796325
9468.3  0.5588994622230529
9470.9  0.6274657845497131
9473.5  0.7241532206535339
9476.1  0.809512972831726
9478.7  0.8689274191856384
9481.3  0.9063210487365722
9483.9  0.925095796585083
9486.5  0.9210705757141113
9489.1  0.8913632035255432
9491.7  0.8454159498214721
9494.3  0.8035526871681213
9496.9  0.7839419245719909
9499.5  0.7935258150100708
9502.1  0.8291078805923461
9504.7  0.8796952366828918
9507.3  0.9274693727493286
9509.9  0.9544107317924499
9512.5  0.9526627659797668
9515.1  0.9288780093193054
9517.7  0.8991001844406127
9520.3  0.8792357444763183
9522.9  0.8774657845497131
9525.5  0.8906741738319396
9528.1  0.9049851298332214
9530.7  0.9018020629882812
9533.3  0.8698359131813049
9535.9  0.8164677619934082
9538.5  0.7666279077529907
9541.1  0.7456083297729492
9543.7  0.7595244646072387
9546.3  0.7934917211532592
9548.9  0.8287444114685058
9551.5  0.8584474921226501
9554.1  0.886542797088623
9556.7  0.9155393242835998
9559.3  0.9398941397666931
9561.9  0.9524392485618591
9564.5  0.9540720582008361
9567.1  0.9527127742767333
9569.7  0.9520707130432128
9572.3  0.9459225535392761
9574.9  0.9275906085968017
9577.5  0.9030390977859497
9580.1  0.8880389332771301
9582.7  0.8906137943267822
9585.3  0.9026386737823486
9587.9  0.9125704765319824
9590.5  0.9196017980575561
9593.1  0.9299147129058837
9595.7  0.9451360702514648
9598.3  0.9599116444587707
9600.9  0.9658347964286804
9603.5  0.9508594870567321
9606.1  0.8972083330154418
9608.7  0.7903655767440795
9611.3  0.6409863233566284
9613.9  0.498367965221405
9616.5  0.4288786351680756
9619.1  0.4682044684886932
9621.7  0.593298316001892
9624.3  0.7432082295417785
9626.9  0.8645331859588623
9629.5  0.9374170303344726
9632.1  0.969591736793518
9634.7  0.9782078862190246
9637.3  0.9776543378829956
9639.9  0.9758658409118652
9642.5  0.9758382439613342
9645.1  0.978571593761444
9647.7  0.9841382503509521
9650.3  0.9911253452301025
9652.9  0.9973108172416687
9655.5  1.001088500022888
9658.1  1.001978516578674
9660.7  1.000597715377808
9663.3  0.9984816908836364
9665.9  0.9973662495613098
9668.5  0.9983933568000793
9671.1  1.001720547676086
9673.7  1.006332635879517
9676.3  1.010346651077271
9678.9  1.012132048606873
9681.5  1.011163353919983
9684.1  1.007947206497192
9686.7  1.003743886947632
9689.3  1.000330686569214
9691.9  0.9992182850837707
9694.5  1.000669479370117
9697.1  1.003745436668396
9699.7  1.007234573364258
9702.3  1.01003110408783
9704.9  1.010663628578186
9707.5  1.007509350776672
9710.1  1.000546932220459
9712.7  0.9928019046783447
9715.3  0.9887422919273376
9717.9  0.9901869297027587
9720.5  0.9941803216934204
9723.1  0.9955757856369018
9725.7  0.9916976690292358
9728.3  0.984433114528656
9730.9  0.9778560996055603
9733.5  0.9736189246177673
9736.1  0.9693700671195983
9738.7  0.9624761343002319
9741.3  0.9544533491134643
9743.9  0.9501441121101379
9746.5  0.95239919424057
9749.1  0.9581958651542663
9751.7  0.958756685256958
9754.3  0.9398849606513977
9756.9  0.8819430470466613
9759.5  0.7680860161781311
9762.1  0.6040872335433959
9764.7  0.4326793551445007
9767.3  0.3194334506988525
9769.9  0.3137774467468262
9772.5  0.4164720177650452
9775.1  0.5802978873252868
9777.7  0.7424824833869934
9780.3  0.8614751100540161
9782.9  0.9296846389770507
9785.5  0.9604558944702148
9788.1  0.970438539981842
9790.7  0.971985638141632
9793.3  0.9727183580398559
9795.9  0.975627839565277
9798.5  0.9798396229743957
9801.1  0.98346608877182
9803.7  0.9860848784446716
9806.3  0.9884441494941711
9808.9  0.9906032681465148
9811.5  0.9914059042930603
9814.1  0.9898273348808288
9816.7  0.9863380789756774
9819.3  0.982711374759674
9821.9  0.9806380867958068
9824.5  0.9806246757507324
9827.1  0.9821067452430725
9829.7  0.984247863292694
9832.3  0.9863578081130981
9834.9  0.9877880811691284
9837.5  0.9879351258277893
9840.1  0.9865749478340148
9842.7  0.9841483235359191
9845.3  0.9816645383834838
9847.9  0.9802250862121582
9850.5  0.9804250597953796
9853.1  0.9819664359092712
9855.7  0.9838544726371765
9858.3  0.9850419759750366
9860.9  0.9849132895469665
9863.5  0.9832212924957275
9866.1  0.9799526929855346
9868.7  0.9756388664245605
9871.3  0.9716975688934326
9873.9  0.9698284864425659
9876.5  0.9706056714057922
9879.1  0.9729087352752685
9881.7  0.9750553369522094
9884.3  0.9762285947799682
9886.9  0.9766343235969543
9889.5  0.9767447113990783
9892.1  0.9768070578575134
9894.7  0.9769434928894042
9897.3  0.977407693862915
9899.9  0.9785363674163818
9902.5  0.9802634119987487
9905.1  0.9816867113113403
9907.7  0.9806964993476867
9910.3  0.9725931286811828
9912.9  0.9467523097991943
9915.5  0.8855226635932922
9918.1  0.7740345001220703
9920.7  0.6215870976448059
9923.3  0.4744696915149689
9925.9  0.3958263397216797
9928.5  0.421258270740509
9931.1  0.5323295593261718
9933.7  0.6742235422134399
9936.3  0.7966149449348449
9938.9  0.878711998462677
9941.5  0.9251887798309326
9944.1  0.9493219256401062
9946.7  0.961877167224884
9949.3  0.9691805243492126
9951.9  0.9745640158653259
9954.5  0.9790528416633605
9957.1  0.9819567203521728
9959.7  0.9822408556938171
9962.3  0.9799118638038635
9964.9  0.9762192964553833
9967.5  0.9728625416755676
9970.1  0.9710326790809631
9972.7  0.9707503318786621
9975.3  0.9709081649780273
9977.9  0.9702467322349548
9980.5  0.968411386013031
9983.1  0.9650769829750061
9985.7  0.9565496444702148
9988.3  0.9314246773719787
9990.9  0.8699174523353576
9993.5  0.7533099055290222
9996.1  0.5825417041778564
