3501.3  0.3919244110584259
3503.9  0.4722468256950378
3506.5  0.5135660171508789
3509.1  0.5374005436897277
3511.7  0.5670867562294006
3514.3  0.6057671904563903
3516.9  0.6384081244468688
3519.5  0.6501024961471557
3522.1  0.6403377056121826
3524.7  0.6208735108375549
3527.3  0.6029446125030517
3529.9  0.5907083749771118
3532.5  0.5856070518493652
3535.1  0.5892585515975952
3537.7  0.5985795259475708
3540.3  0.6038698554039001
3542.9  0.5980011224746704
3545.5  0.58697110414505
3548.1  0.5839808583259582
3550.7  0.5906940698623657
3553.3  0.5926679968833923
3555.9  0.5770145058631896
3558.5  0.5458307266235351
3561.1  0.5091691017150878
3563.7  0.4765269458293915
3566.3  0.4586816132068634
3568.9  0.4635171294212341
3571.5  0.4836855232715607
3574.1  0.4984025061130524
3576.7  0.4913269281387329
3579.3  0.4615007340908051
3581.9  0.421524703502655
3584.5  0.3937170207500458
3587.1  0.4023433327674866
3589.7  0.455730676651001
3592.3  0.5331251621246337
3594.9  0.595314621925354
3597.5  0.6115193963050842
3600.1  0.5782591104507446
3602.7  0.5178831815719604
3605.3  0.4617630839347839
3607.9  0.4305148124694824
3610.5  0.4261817634105682
3613.1  0.4401432573795319
3615.7  0.4642480313777924
3618.3  0.4934107959270477
3620.9  0.520830750465393
3623.5  0.5363977551460266
3626.1  0.5344536900520324
3628.7  0.5225616693496704
3631.3  0.5173355937004089
3633.9  0.5286265611648559
3636.5  0.5490775108337402
3639.1  0.5612884759902954
3641.7  0.5567576885223388
3644.3  0.5478174686431884
3646.9  0.5585488080978393
3649.5  0.601849615573883
3652.1  0.667024552822113
3654.7  0.7303869128227233
3657.3  0.7746734619140625
3659.9  0.7964938282966613
3662.5  0.8000063300132751
3665.1  0.7902895212173461
3667.7  0.7724578380584716
3670.3  0.7504776716232299
3672.9  0.7236382961273193
3675.5  0.6884161233901977
3678.1  0.6475829482078552
3680.7  0.6140861511230468
3683.3  0.6020156145095825
3685.9  0.6145578622817993
3688.5  0.6420016288757324
3691.1  0.6711328625679016
3693.7  0.6958115100860595
3696.3  0.7167478799819946
3698.9  0.7316572070121765
3701.5  0.7315502166748046
3704.1  0.7109026908874511
3706.7  0.6783573627471923
3709.3  0.6508998274803161
3711.9  0.6348166465759277
3714.5  0.6183475255966186
3717.1  0.5884950160980224
3719.7  0.5499185323715209
3722.3  0.51921147108078
3724.9  0.5048346519470214
3727.5  0.5012597441673278
3730.1  0.5013547539710998
3732.7  0.5068069100379943
3735.3  0.5214308500289916
3737.9  0.5362660288810729
3740.5  0.5318062305450439
3743.1  0.5019453167915344
3745.7  0.467980831861496
3748.3  0.4594579935073853
3750.9  0.4833420515060425
3753.5  0.5172914266586303
3756.1  0.5329325199127197
3758.7  0.5245502591133117
3761.3  0.5148763060569763
3763.9  0.5307449102401733
3766.5  0.5753740668296813
3769.1  0.6290069818496704
3771.7  0.6726688742637634
3774.3  0.7035907506942749
3776.9  0.7301602959632873
3779.5  0.7595937252044677
3782.1  0.7896586656570434
3784.7  0.8072280287742614
3787.3  0.796674907207489
3789.9  0.7546429634094238
3792.5  0.6977835893630981
3795.1  0.6540753841400146
3797.7  0.6425243020057678
3800.3  0.656760036945343
3802.9  0.6679195761680603
3805.5  0.6466285586357116
3808.1  0.5867413878440856
3810.7  0.5104293823242187
3813.3  0.4500377178192139
3815.9  0.4235236942768097
3818.5  0.4262098371982575
3821.1  0.44188192486763
3823.7  0.4554892480373383
3826.3  0.4569550156593323
3828.9  0.4436289966106415
3831.5  0.4255260527133942
3834.1  0.4232808351516724
3836.7  0.4535413682460785
3839.3  0.5142239928245544
3841.9  0.584725022315979
3844.5  0.6406266093254089
3847.1  0.6696791648864746
3849.7  0.6759474873542785
3852.3  0.6698172688484191
3854.9  0.6572415828704833
3857.5  0.6403943300247192
3860.1  0.6224724650382995
3862.7  0.6051793694496154
3865.3  0.5851227641105651
3867.9  0.558468759059906
3870.5  0.5284727215766906
3873.1  0.5064402818679809
3875.7  0.5036842226982116
3878.3  0.5194425582885742
3880.9  0.5377265214920043
3883.5  0.5417678356170654
3886.1  0.5325995683670043
3888.7  0.5282537937164306
3891.3  0.5452181696891784
3893.9  0.5864108800888061
3896.5  0.6442998051643371
3899.1  0.7076239585876464
3901.7  0.7653046250343322
3904.3  0.8102921843528747
3906.9  0.8417043685913085
3909.5  0.8607861995697021
3912.1  0.8648474216461181
3914.7  0.8470082879066467
3917.3  0.8009746670722961
3919.9  0.7248350977897644
3922.5  0.6229956746101379
3925.1  0.5081516504287719
3927.7  0.4013907313346863
3930.3  0.3268828392028809
3932.9  0.3021091222763062
3935.5  0.3290605545043945
3938.1  0.3931681513786316
3940.7  0.4709682166576386
3943.3  0.5401031374931335
3945.9  0.5854966640472412
3948.5  0.6024215817451477
3951.1  0.5957264304161071
3953.7  0.5725278258323669
3956.3  0.5350037217140197
3958.9  0.483414888381958
3961.5  0.4251906275749207
3964.1  0.3774462938308716
3966.7  0.3603863418102264
3969.3  0.387970507144928
3971.9  0.4602448046207428
3974.5  0.560609221458435
3977.1  0.6619337797164916
3979.7  0.7397352457046508
3982.3  0.7833698987960815
3984.9  0.7975969910621643
3987.5  0.794292390346527
3990.1  0.7839505076408386
3992.7  0.7757750749588012
3995.3  0.7812333106994628
3997.9  0.8087388277053833
4000.5  0.8531452417373657
4003.1  0.8968042731285095
4005.7  0.9244364500045776
4008.3  0.9351623058319091
4010.9  0.9401640892028808
4013.5  0.9502891302108764
4016.1  0.9650343656539916
4018.7  0.9731830954551696
4021.3  0.9643309712409973
4023.9  0.9375994801521301
4026.5  0.9002978205680847
4029.1  0.8645669221878051
4031.7  0.846271276473999
4034.3  0.8576072454452514
4036.9  0.8946753144264221
4039.5  0.9376416802406311
4042.1  0.9672679901123046
4044.7  0.9782825112342834
4047.3  0.9763784408569335
4049.9  0.9682509899139404
4052.5  0.9578442573547363
4055.1  0.9476370811462402
4057.7  0.9380573034286499
4060.3  0.9251995086669921
4062.9  0.9026045203208923
4065.5  0.8682302832603454
4068.1  0.8302876353263854
4070.7  0.8033569455146789
4073.3  0.7951871752738952
4075.9  0.7980010509490966
4078.5  0.7965130805969238
4081.1  0.7847511768341064
4083.7  0.7718989849090576
4086.3  0.7704764008522033
4088.9  0.7820442914962768
4091.5  0.7960646152496337
4094.1  0.7990137934684753
4096.7  0.7841897010803222
4099.3  0.7569003701210021
4101.9  0.7301430106163024
4104.5  0.7133278846740722
4107.1  0.7081096172332763
4109.7  0.7146564126014709
4112.3  0.7341926097869873
4114.9  0.7646147608757019
4117.5  0.8011583089828491
4120.1  0.841336965560913
4122.7  0.8832138776779174
4125.3  0.9211404919624328
4127.9  0.9486048221588134
4130.5  0.9635011553764343
4133.1  0.96734619140625
4135.7  0.9622847437858581
4138.3  0.9514985680580139
4140.9  0.9403933882713317
4143.5  0.9337226748466491
4146.1  0.9294923543930053
4148.7  0.9173216819763183
4151.3  0.8870701789855957
4153.9  0.8415347933769226
4156.5  0.7987303137779235
4159.1  0.7783173322677612
4161.7  0.7842355370521545
4164.3  0.8023669123649597
4166.9  0.8168947100639343
4169.5  0.8267130851745605
4172.1  0.8430579304695129
4174.7  0.8727795481681823
4177.3  0.9065216183662414
4179.9  0.9237284660339355
4182.5  0.9105242490768432
4185.1  0.873441994190216
4187.7  0.8324370384216308
4190.3  0.7995801568031311
4192.9  0.7728224992752075
4195.5  0.7530837655067443
4198.1  0.7530654072761535
4200.7  0.7800761461257934
4203.3  0.8216872811317443
4205.9  0.8590590357780456
4208.5  0.8865724802017211
4211.1  0.9082936644554138
4213.7  0.9199317097663879
4216.3  0.9040796756744384
4218.9  0.8465265035629272
4221.5  0.7581375241279602
4224.1  0.6778557300567626
4226.7  0.6438596844673156
4229.3  0.6570233702659606
4231.9  0.6804969310760498
4234.5  0.6801509857177734
4237.1  0.6587235331535339
4239.7  0.6451942324638366
4242.3  0.658303678035736
4244.9  0.6907058358192443
4247.5  0.7267785668373107
4250.1  0.7612426280975341
4252.7  0.793555736541748
4255.3  0.8175203800201416
4257.9  0.8299847245216369
4260.5  0.8416423797607421
4263.1  0.8652711510658264
4265.7  0.8979769349098205
4268.3  0.9259406328201293
4270.9  0.9421930909156799
4273.5  0.950011134147644
4276.1  0.9528917074203491
4278.7  0.9502135515213012
4281.3  0.9413838982582092
4283.9  0.9280917048454284
4286.5  0.9102541804313659
4289.1  0.8813886642456054
4291.7  0.8319332599639892
4294.3  0.7620501518249511
4296.9  0.6903711557388305
4299.5  0.6447176337242126
4302.1  0.6410469412803649
4304.7  0.6719205379486083
4307.3  0.7157890796661376
4309.9  0.7559446096420288
4312.5  0.7878860831260681
4315.1  0.8094025254249572
4317.7  0.8127651214599609
4320.3  0.7952622175216674
4322.9  0.7723208665847778
4325.5  0.7679422497749328
4328.1  0.789975106716156
4330.7  0.8219971060752868
4333.3  0.8409660458564758
4335.9  0.8384756445884704
4338.5  0.8245885372161865
4341.1  0.8146756887435913
4343.7  0.8149057030677795
4346.3  0.8215433359146118
4348.9  0.8318145871162414
4351.5  0.8491549491882324
4354.1  0.8755694031715393
4356.7  0.9039576053619384
4359.3  0.9206424355506896
4361.9  0.9133322834968566
4364.5  0.8790225386619567
4367.1  0.8301450014114379
4369.7  0.7908064723014831
4372.3  0.7783079147338867
4374.9  0.7860562205314636
4377.5  0.790029764175415
4380.1  0.7751759886741638
4382.7  0.7526782155036926
4385.3  0.7473021149635314
4387.9  0.7702272534370422
4390.5  0.8098813891410827
4393.1  0.8473790884017944
4395.7  0.8739404082298278
4398.3  0.8935190439224243
4400.9  0.914388358592987
4403.5  0.9408504962921142
4406.1  0.9707467555999755
4408.7  0.9983196258544921
4411.3  1.018450736999512
4413.9  1.029264092445374
4416.5  1.032510161399841
4419.1  1.032171487808228
4421.7  1.031712174415588
4424.3  1.031610369682312
4426.9  1.029673576354981
4429.5  1.025117635726929
4432.1  1.021276593208313
4434.7  1.021361827850342
4437.3  1.020849108695984
4439.9  1.007416605949402
4442.5  0.97157484292984
4445.1  0.9185065031051635
4447.7  0.8680581450462341
4450.3  0.8404233455657958
4452.9  0.8407180309295654
4455.5  0.858211874961853
4458.1  0.8787450790405273
4460.7  0.89507657289505
4463.3  0.907133936882019
4465.9  0.9177730083465576
4468.5  0.929731011390686
4471.1  0.9419881701469421
4473.7  0.9460546970367431
4476.3  0.930940568447113
4478.9  0.8972845077514648
4481.5  0.8634920120239257
4484.1  0.8495365381240844
4486.7  0.8552203774452209
4489.3  0.8634580373764038
4491.9  0.8663939833641052
4494.5  0.8768641948699951
4497.1  0.9088006615638732
4499.7  0.956121802330017
4502.3  0.9974550604820251
4504.9  1.014212727546692
4507.5  0.9996204376220703
4510.1  0.9593702554702758
4512.7  0.9115965962409973
4515.3  0.8810720443725585
4517.9  0.8831836581230163
4520.5  0.9104048013687133
4523.1  0.9388306736946105
4525.7  0.9504942893981933
4528.3  0.9471561908721923
4530.9  0.9417176842689514
4533.5  0.9411002993583679
4536.1  0.9421329498291015
4538.7  0.9413313865661621
4541.3  0.9419617056846618
4543.9  0.9498882293701171
4546.5  0.9664030075073242
4549.1  0.9873154759407043
4551.7  1.007493376731873
4554.3  1.024049043655396
4556.9  1.035496473312378
4559.5  1.040662050247192
4562.1  1.040404081344604
4564.7  1.038631677627564
4567.3  1.038687825202942
4569.9  1.038742303848267
4572.5  1.032630324363709
4575.1  1.015544891357422
4577.7  0.9881316423416137
4580.3  0.9547929167747497
4582.9  0.9201713800430297
4585.5  0.8899251818656921
4588.1  0.8726845979690551
4590.7  0.8754986524581909
4593.3  0.8973970413208007
4595.9  0.930668294429779
4598.5  0.9664915204048156
4601.1  0.9973800778388977
4603.7  1.017767429351807
4606.3  1.025303244590759
4608.9  1.021487236022949
4611.5  1.010948300361633
4614.1  0.9996446371078491
4616.7  0.9922450184822082
4619.3  0.9905768632888793
4621.9  0.9941585659980773
4624.5  1.000891208648682
4627.1  1.007102489471436
4629.7  1.008750319480896
4632.3  1.003883719444275
4634.9  0.9943075776100158
4637.5  0.984358012676239
4640.1  0.9773934483528137
4642.7  0.9739896059036254
4645.3  0.973815381526947
4647.9  0.9773183465003967
4650.5  0.9839935898780822
4653.1  0.990886628627777
4655.7  0.9943588376045227
4658.3  0.9921678304672241
4660.9  0.9838489294052124
4663.5  0.9710793495178222
4666.1  0.9576923847198486
4668.7  0.9472230076789855
4671.3  0.9401784539222717
4673.9  0.9351767301559448
4676.5  0.9332150816917419
4679.1  0.9388632774353027
4681.7  0.9551142454147338
4684.3  0.9778801202774047
4686.9  0.9978945851325988
4689.5  1.008157134056091
4692.1  1.008578658103943
4694.7  1.00426459312439
4697.3  1.000734806060791
4699.9  1.000912427902222
4702.5  1.005019664764404
4705.1  1.011441946029663
4707.7  1.017814636230469
4710.3  1.022761225700379
4712.9  1.026689171791077
4715.5  1.02986490726471
4718.1  1.029873609542847
4720.7  1.022576928138733
4723.3  1.007181763648987
4725.9  0.990255057811737
4728.5  0.9822669029235839
4731.1  0.9879730343818664
4733.7  1.001694083213806
4736.3  1.014331817626953
4738.9  1.023261308670044
4741.5  1.032454371452332
4744.1  1.044398427009583
4746.7  1.055514693260193
4749.3  1.059662938117981
4751.9  1.052585244178772
4754.5  1.032527327537537
4757.1  1.001324415206909
4759.7  0.9677333235740661
4762.3  0.9442576169967651
4764.9  0.9354546070098876
4767.5  0.9342055320739746
4770.1  0.9348657131195068
4772.7  0.9434708356857299
4775.3  0.9678511619567871
4777.9  1.003724098205567
4780.5  1.03790009021759
4783.1  1.061172246932984
4785.7  1.072863578796387
4788.3  1.076238512992859
4790.9  1.074555993080139
4793.5  1.070836544036865
4796.1  1.068168520927429
4798.7  1.068205118179321
4801.3  1.069820046424866
4803.9  1.070363640785217
4806.5  1.068613648414612
4809.1  1.065837383270264
4811.7  1.064099311828613
4814.3  1.064197540283203
4816.9  1.065174341201782
4819.5  1.065288186073303
4822.1  1.063352823257446
4824.7  1.059497952461243
4827.3  1.054899930953979
4829.9  1.050638556480408
4832.5  1.046269178390503
4835.1  1.039134740829468
4837.7  1.025501132011414
4840.3  1.003438591957092
4842.9  0.975615918636322
4845.5  0.9481932520866394
4848.1  0.9243501424789428
4850.7  0.8982366323471069
4853.3  0.8596975207328796
4855.9  0.8090210556983947
4858.5  0.7652643918991088
4861.1  0.7546689510345458
4863.7  0.7878332138061523
4866.3  0.8499433398246765
4868.9  0.9146434664726257
4871.5  0.9637624621391296
4874.1  0.9921679496765136
4876.7  1.000325083732605
4879.3  0.9901065230369567
4881.9  0.9686319828033447
4884.5  0.950882077217102
4887.1  0.9521145224571228
4889.7  0.9751888513565063
4892.3  1.007497906684876
4894.9  1.032246947288513
4897.5  1.040666341781616
4900.1  1.032918930053711
4902.7  1.012252807617187
4905.3  0.9833566546440124
4907.9  0.9543325304985046
4910.5  0.9336397647857666
4913.1  0.923569917678833
4915.7  0.9214531183242797
4918.3  0.9268970489501953
4920.9  0.9412075877189636
4923.5  0.9577504396438598
4926.1  0.9600270390510559
4928.7  0.9354888796806335
4931.3  0.8915058970451354
4933.9  0.8543749451637268
4936.5  0.8498221039772033
4939.1  0.8836377263069152
4941.7  0.9388307332992553
4944.3  0.9875870943069458
4946.9  1.006498217582703
4949.5  0.9874169826507568
4952.1  0.9413028359413146
4954.7  0.8929880261421203
4957.3  0.8661432862281799
4959.9  0.8676959872245788
4962.5  0.8868199586868286
4965.1  0.9087048768997192
4967.7  0.9270398020744323
4970.3  0.9441609382629394
4972.9  0.9636739492416381
4975.5  0.9845792651176452
4978.1  1.001303315162659
4980.7  1.007699489593506
4983.3  1.001025319099426
4985.9  0.9843881726264953
4988.5  0.9671923518180847
4991.1  0.9610397219657897
4993.7  0.9709987044334411
4996.3  0.9904371500015258
4998.9  1.006117939949036
5001.5  1.007441163063049
5004.1  0.9910493493080139
5006.7  0.9620238542556762
5009.3  0.9342827200889587
5011.9  0.924793541431427
5014.5  0.9404926896095275
5017.1  0.97161066532135
5019.7  1.001136779785156
5022.3  1.018806457519531
5024.9  1.024050116539002
5027.5  1.019748091697693
5030.1  1.008624792098999
5032.7  0.9953079223632812
5035.3  0.9864349365234375
5037.9  0.9843842387199401
5040.5  0.9830859899520874
5043.1  0.9746794700622558
5045.7  0.9607831239700317
5048.3  0.9532821774482727
5050.9  0.9621923565864562
5053.5  0.985495388507843
5056.1  1.01254403591156
5058.7  1.034239292144776
5061.3  1.047831654548645
5063.9  1.054874658584595
5066.5  1.057632207870483
5069.1  1.057201504707337
5071.7  1.05321729183197
5074.3  1.044580101966858
5076.9  1.030650138854981
5079.5  1.012271642684937
5082.1  0.9927958250045776
5084.7  0.9786183238029479
5087.3  0.9766033887863159
5089.9  0.9879224896430969
5092.5  1.004904508590698
5095.1  1.016258001327515
5097.7  1.015635251998901
5100.3  1.005499958992004
5102.9  0.9942346811294555
5105.5  0.9894129633903503
5108.1  0.9927959442138671
5110.7  1.001452326774597
5113.3  1.011911392211914
5115.9  1.021400332450867
5118.5  1.027132034301758
5121.1  1.027775406837463
5123.7  1.024454712867737
5126.3  1.017744660377502
5128.9  1.004042029380798
5131.5  0.9777463674545288
5134.1  0.9396469593048095
5136.7  0.9034770131111145
5139.3  0.8896974325180053
5141.9  0.9080384969711303
5144.5  0.9477078318595886
5147.1  0.9874297976493835
5149.7  1.012099027633667
5152.3  1.018245816230774
5154.9  1.008204698562622
5157.5  0.9840693473815917
5160.1  0.9485571980476379
5162.7  0.909896969795227
5165.3  0.8813854455947875
5167.9  0.872218370437622
5170.5  0.8794177174568176
5173.1  0.888803482055664
5175.7  0.881636619567871
5178.3  0.844409704208374
5180.9  0.7802832722663879
5183.5  0.7115272283554077
5186.1  0.6670922636985778
5188.7  0.6672737598419189
5191.3  0.7152665853500366
5193.9  0.793924331665039
5196.5  0.8719313144683837
5199.1  0.9234057068824768
5201.7  0.945026695728302
5204.3  0.9515955448150634
5206.9  0.955551266670227
5209.5  0.955073595046997
5212.1  0.9435005784034729
5214.7  0.9250234961509704
5217.3  0.9147899746894836
5219.9  0.9227477312088012
5222.5  0.9416123628616333
5225.1  0.9537433981895446
5227.7  0.9490190148353576
5230.3  0.9351125359535217
5232.9  0.9301142692565917
5235.5  0.9447696805000305
5238.1  0.9734135270118713
5240.7  1.002445697784424
5243.3  1.023471474647522
5245.9  1.035999774932861
5248.5  1.041095614433289
5251.1  1.036049604415894
5253.7  1.013886332511902
5256.3  0.9680326581001281
5258.9  0.9009900093078613
5261.5  0.8300970196723937
5264.1  0.7810028195381164
5266.7  0.7720686793327331
5269.3  0.8037227988243103
5271.9  0.8599058389663696
5274.5  0.9179776310920715
5277.1  0.9613117575645446
5279.7  0.9870153069496154
5282.3  1.002232909202576
5284.9  1.01335334777832
5287.5  1.01929521560669
5290.1  1.014231562614441
5292.7  0.9958717823028564
5295.3  0.9710144996643066
5297.9  0.9518471956253051
5300.5  0.9455395936965942
5303.1  0.9494264721870422
5305.7  0.9571281671524047
5308.3  0.965584397315979
5310.9  0.9744042158126831
5313.5  0.9817630648612976
5316.1  0.9838177561759948
5318.7  0.9783836007118225
5321.3  0.9691959023475646
5323.9  0.965158998966217
5326.5  0.9732118844985961
5329.1  0.9920294880867004
5331.7  1.013786196708679
5334.3  1.030971169471741
5336.9  1.040799260139465
5339.5  1.044706225395203
5342.1  1.04551112651825
5344.7  1.045347452163696
5347.3  1.045370101928711
5349.9  1.046026349067688
5352.5  1.046997785568237
5355.1  1.047241091728211
5357.7  1.045786261558533
5360.3  1.042625784873962
5362.9  1.038885951042175
5365.5  1.036190390586853
5368.1  1.035731077194214
5370.7  1.037559270858765
5373.3  1.040539264678955
5375.9  1.042969942092896
5378.5  1.043340563774109
5381.1  1.04053258895874
5383.7  1.033738136291504
5386.3  1.022990107536316
5388.9  1.009981155395508
5391.5  0.9974752068519592
5394.1  0.9869458079338073
5396.7  0.9772152304649353
5399.3  0.9651917815208435
5401.9  0.9475749731063842
5404.5  0.9240268468856811
5407.1  0.9013101458549499
5409.7  0.8916530609130859
5412.3  0.9026388525962829
5414.9  0.929773986339569
5417.5  0.9615330100059509
5420.1  0.9891790151596069
5422.7  1.009293079376221
5425.3  1.020015954971314
5427.9  1.019421815872192
5430.5  1.008647799491882
5433.1  0.9948679208755493
5435.7  0.9881832599639892
5438.3  0.993654727935791
5440.9  1.007184863090515
5443.5  1.020405054092407
5446.1  1.028011679649353
5448.7  1.029855608940125
5451.3  1.028456449508667
5453.9  1.026321530342102
5456.5  1.024486780166626
5459.1  1.022400379180908
5461.7  1.019447565078735
5464.3  1.016793251037598
5466.9  1.016891837120056
5469.5  1.02083683013916
5472.1  1.026895999908447
5474.7  1.032116055488586
5477.3  1.034526109695435
5479.9  1.033512949943543
5482.5  1.029512405395508
5485.1  1.02441930770874
5487.7  1.021213173866272
5490.3  1.021680355072022
5492.9  1.024645209312439
5495.5  1.027101635932922
5498.1  1.026668548583984
5500.7  1.022923111915588
5503.3  1.017451167106629
5505.9  1.013158321380615
5508.5  1.012629866600037
5511.1  1.015964984893799
5513.7  1.019895911216736
5516.3  1.018951892852783
5518.9  1.008248925209045
5521.5  0.9877359867095947
5524.1  0.9654259085655212
5526.7  0.9539064168930053
5529.3  0.960168719291687
5531.9  0.9795862436294555
5534.5  1.001339912414551
5537.1  1.017775177955627
5539.7  1.027482271194458
5542.3  1.032343983650208
5544.9  1.034164667129517
5547.5  1.033421158790588
5550.1  1.029751658439636
5552.7  1.023370742797852
5555.3  1.016224145889282
5557.9  1.011289119720459
5560.5  1.010433912277222
5563.1  1.013161540031433
5565.7  1.017297983169556
5568.3  1.020351409912109
5570.9  1.020537972450256
5573.5  1.017307758331299
5576.1  1.01031768321991
5578.7  0.997488796710968
5581.3  0.9760669469833374
5583.9  0.9465622305870056
5586.5  0.9138677716255187
5589.1  0.8847550153732299
5591.7  0.8676550984382629
5594.3  0.872336208820343
5596.9  0.9019437432289123
5599.5  0.9453782439231872
5602.1  0.9837380051612854
5604.7  1.003906011581421
5607.3  1.003575325012207
5609.9  0.9878596663475036
5612.5  0.966162085533142
5615.1  0.9495605826377868
5617.7  0.9455293416976928
5620.3  0.9540401101112365
5622.9  0.96992027759552
5625.5  0.9879297018051147
5628.1  1.00481641292572
5630.7  1.018365979194641
5633.3  1.026940107345581
5635.9  1.030196309089661
5638.5  1.029275298118591
5641.1  1.025974869728088
5643.7  1.02191972732544
5646.3  1.01821494102478
5648.9  1.015463709831238
5651.5  1.013725280761719
5654.1  1.012529850006104
5656.7  1.011183619499207
5659.3  1.009331226348877
5661.9  1.00729238986969
5664.5  1.005883693695068
5667.1  1.005846858024597
5669.7  1.007153272628784
5672.3  1.008743643760681
5674.9  1.009355306625366
5677.5  1.008746981620789
5680.1  1.007718563079834
5682.7  1.006997227668762
5685.3  1.006575584411621
5687.9  1.005650520324707
5690.5  1.00226902961731
5693.1  0.9938912391662597
5695.7  0.9803572297096252
5698.3  0.966413140296936
5700.9  0.9592789411544799
5703.5  0.9626067876815795
5706.1  0.9735457897186279
5708.7  0.9859637022018432
5711.3  0.9953483939170837
5713.9  1.000317096710205
5716.5  1.000916957855225
5719.1  0.9972250461578369
5721.7  0.9901872277259826
5724.3  0.9830991029739379
5726.9  0.9806838631629943
5729.5  0.9855793714523315
5732.1  0.996019959449768
5734.7  1.007420063018799
5737.3  1.015527248382568
5739.9  1.017845034599304
5742.5  1.013262748718262
5745.1  1.001966714859009
5747.7  0.9864200949668884
5750.3  0.971534252166748
5752.9  0.9620859026908874
5755.5  0.9584543108940124
5758.1  0.9541584849357604
5760.7  0.9352346658706665
5763.3  0.8805169463157653
5765.9  0.7692543268203735
5768.5  0.5998963713645935
5771.1  0.4030236899852753
5773.7  0.2267772704362869
5776.3  0.1047002077102661
5778.9  0.03908489644527435
5781.5  0.01167448982596397
5784.1  0.002767077181488276
5786.7  5.121818976476788E-4
5789.3  6.807477620895951E-5
5791.9  0.
5794.5  0.
5797.1  0.
5799.7  0.
5802.3  0.
5804.9  0.
5807.5  0.
5810.1  0.
5812.7  0.
5815.3  0.
5817.9  0.
5820.5  6.983256753301247E-5
5823.1  5.252002156339585E-4
5825.7  0.00283846678212285
5828.3  0.01198973041027784
5830.9  0.04018508270382881
5833.5  0.1078431382775307
5836.1  0.2342934757471085
5838.7  0.4183559417724609
5841.3  0.6269821524620056
5843.9  0.8108432292938232
5846.5  0.935791015625
5849.1  0.998323917388916
5851.7  1.014850974082947
5854.3  1.004805326461792
5856.9  0.9846935272216796
5859.5  0.9688628911972045
5862.1  0.9669024944305419
5864.7  0.9790430068969726
5867.3  0.997442603111267
5869.9  1.013304471969605
5872.5  1.022555232048035
5875.1  1.025960803031921
5877.7  1.026069641113281
5880.3  1.024110674858093
5882.9  1.018571257591248
5885.5  1.005733370780945
5888.1  0.9824604988098144
5890.7  0.9511499404907226
5893.3  0.9232790470123291
5895.9  0.9144768118858337
5898.5  0.9313987493515014
5901.1  0.964324951171875
5903.7  0.9950844645500183
5906.3  1.010810971260071
5908.9  1.00998055934906
5911.5  0.999832272529602
5914.1  0.9903905391693115
5916.7  0.9883586764335632
5919.3  0.994251549243927
5921.9  1.004428505897522
5924.5  1.014813303947449
5927.1  1.022725820541382
5929.7  1.027215600013733
5932.3  1.028764128684998
5934.9  1.028535604476929
5937.5  1.027640581130982
5940.1  1.02683162689209
5942.7  1.026438355445862
5945.3  1.026322960853577
5947.9  1.026102066040039
5950.5  1.025669693946838
5953.1  1.025528073310852
5955.7  1.026421666145325
5958.3  1.028564929962158
5960.9  1.031259894371033
5963.5  1.033192276954651
5966.1  1.032970547676086
5968.7  1.029645442962646
5971.3  1.023188829421997
5973.9  1.014584541320801
5976.5  1.00453519821167
5979.1  0.9919952154159545
5981.7  0.976113736629486
5984.3  0.960825502872467
5986.9  0.9544720649719238
5989.5  0.9617704153060913
5992.1  0.9779826402664184
5994.7  0.9934624433517456
5997.3  1.002065658569336
5999.9  1.003629326820374
6002.5  1.001148581504822
6005.1  0.9982495903968811
6007.7  0.9979317188262939
6010.3  1.00116503238678
6012.9  1.006418466567993
6015.5  1.011433839797974
6018.1  1.015186429023743
6020.7  1.017834424972534
6023.3  1.019519686698914
6025.9  1.019988179206848
6028.5  1.019095540046692
6031.1  1.017226696014404
6033.7  1.0152348279953
6036.3  1.014021158218384
6038.9  1.013930082321167
6041.5  1.014477729797363
6044.1  1.014745354652405
6046.7  1.014041543006897
6049.3  1.012222170829773
6051.9  1.009662985801697
6054.5  1.007139921188354
6057.1  1.005544304847717
6059.7  1.00542950630188
6062.3  1.00682270526886
6064.9  1.009451627731323
6067.5  1.012831687927246
6070.1  1.016119718551636
6072.7  1.018421053886414
6075.3  1.019482612609863
6077.9  1.019702911376953
6080.5  1.019265651702881
6083.1  1.0174400806427
6085.7  1.013057947158814
6088.3  1.006119608879089
6090.9  0.9990293979644775
6093.5  0.9954076409339904
6096.1  0.9968829751014709
6098.7  1.001508355140686
6101.3  1.005871415138245
6103.9  1.008105278015137
6106.5  1.008017778396606
6109.1  1.004687428474426
6111.7  0.9945850372314453
6114.3  0.973294973373413
6116.9  0.9415009021759033
6119.5  0.9101308584213256
6122.1  0.8957409262657165
6124.7  0.9065962433815002
6127.3  0.9347802400588989
6129.9  0.9644103646278381
6132.5  0.9852522611618041
6135.1  0.9970183372497558
6137.7  1.004344344139099
6140.3  1.010826230049133
6142.9  1.016922473907471
6145.5  1.02103853225708
6148.1  1.021043539047241
6150.7  1.014508366584778
6153.3  0.9985595941543579
6155.9  0.9714565873146057
6158.5  0.9353993535041809
6161.1  0.8977032899856567
6163.7  0.8688596487045288
6166.3  0.8584170341491699
6168.9  0.8697713613510131
6171.5  0.896968126296997
6174.1  0.9286614060401916
6176.7  0.9567254781723022
6179.3  0.9794502854347229
6181.9  0.9974716901779174
6184.5  1.010275006294251
6187.1  1.016604661941528
6189.7  1.015230536460876
6192.3  1.005134105682373
6194.9  0.9878289103507995
6197.5  0.9703825712203979
6200.1  0.9629880785942077
6202.7  0.9704420566558837
6205.3  0.9872205853462219
6207.9  1.003105163574219
6210.5  1.01237952709198
6213.1  1.016196966171265
6215.7  1.018224716186524
6218.3  1.020437836647034
6220.9  1.022638559341431
6223.5  1.024067878723145
6226.1  1.024454712867737
6228.7  1.023769497871399
6231.3  1.021492123603821
6233.9  1.016368389129639
6236.5  1.007128953933716
6239.1  0.9943016171455383
6241.7  0.9817891120910644
6244.3  0.9754088521003723
6246.9  0.9783099889755249
6249.5  0.988184630870819
6252.1  0.9997386336326599
6254.7  1.008982300758362
6257.3  1.014656662940979
6259.9  1.017218828201294
6262.5  1.017943024635315
6265.1  1.018360733985901
6267.7  1.019267678260803
6270.3  1.020050168037415
6272.9  1.019474625587463
6275.5  1.017122864723206
6278.1  1.013837695121765
6280.7  1.010868906974793
6283.3  1.008764028549194
6285.9  1.006736993789673
6288.5  1.002626419067383
6291.1  0.9941068291664123
6293.7  0.9813495874404907
6296.3  0.9688331484794616
6298.9  0.9629590511322021
6301.5  0.9661487340927124
6304.1  0.9731034040451049
6306.7  0.9743252396583557
6309.3  0.9649291038513183
6311.9  0.9505456089973449
6314.5  0.9432494044303894
6317.1  0.9501315355300903
6319.7  0.9668063521385192
6322.3  0.9831248521804809
6324.9  0.993053376674652
6327.5  0.9973917603492736
6330.1  0.999424934387207
6332.7  1.001060843467712
6335.3  1.002671003341675
6337.9  1.004215836524963
6340.5  1.005650043487549
6343.1  1.00701630115509
6345.7  1.008389830589294
6348.3  1.00955605506897
6350.9  1.009820222854614
6353.5  1.008450388908386
6356.1  1.005457282066345
6358.7  1.001942873001099
6361.3  0.9994934797286987
6363.9  0.9989881515502929
6366.5  1.000031352043152
6369.1  1.001592397689819
6371.7  1.002982139587402
6374.3  1.00416886806488
6376.9  1.005467772483826
6379.5  1.007150173187256
6382.1  1.00917387008667
6384.7  1.011026740074158
6387.3  1.011896371841431
6389.9  1.011210799217224
6392.5  1.009052515029907
6395.1  1.005998969078064
6397.7  1.002686738967896
6400.3  0.9995619654655456
6402.9  0.9969134330749511
6405.5  0.9948149323463439
6408.1  0.9926762580871582
6410.7  0.9884065985679626
6413.3  0.9788410067558288
6415.9  0.9631794691085815
6418.5  0.946929395198822
6421.1  0.9398601651191711
6423.7  0.9473015069961547
6426.3  0.9646432399749755
6428.9  0.9821208119392395
6431.5  0.9932866096496582
6434.1  0.997477114200592
6436.7  0.9964709281921386
6439.3  0.9910305738449096
6441.9  0.9805439710617065
6444.5  0.9656764864921569
6447.1  0.9512710571289062
6449.7  0.9449084401130676
6452.3  0.9505332708358764
6454.9  0.964374303817749
6457.5  0.9786812663078308
6460.1  0.98859304189682
6462.7  0.9943186044692993
6465.3  0.9981592893600463
6467.9  1.001384139060974
6470.5  1.003809809684753
6473.1  1.004871606826782
6475.7  1.004226684570313
6478.3  1.001718878746033
6480.9  0.997219443321228
6483.5  0.9907464981079101
6486.1  0.9829668402671813
6488.7  0.9757924079895019
6491.3  0.9719524383544921
6493.9  0.9731049537658691
6496.5  0.9783359169960021
6499.1  0.9848964214324951
6501.7  0.9902580976486206
6504.3  0.9933540225028991
6506.9  0.994438350200653
6509.5  0.9943310618400573
6512.1  0.9937936663627624
6514.7  0.9933110475540161
6517.3  0.9931864738464355
6519.9  0.9936384558677673
6522.5  0.9946774840354919
6525.1  0.9959596395492553
6527.7  0.9969263672828674
6530.3  0.9971253871917724
6532.9  0.9962870478630065
6535.5  0.9940264225006103
6538.1  0.9897410869598388
6540.7  0.983224868774414
6543.3  0.9753779768943786
6545.9  0.9675100445747375
6548.5  0.9592190384864807
6551.1  0.9472983479499816
6553.7  0.9278560876846313
6556.3  0.9007578492164611
6558.9  0.8727713227272033
6561.5  0.8554247021675109
6564.1  0.8573288321495056
6566.7  0.8773887157440185
6569.3  0.9061158299446105
6571.9  0.9333899021148681
6574.5  0.9542226791381835
6577.1  0.9679587483406066
6579.7  0.9743568301200866
6582.3  0.971323013305664
6584.9  0.9564574360847473
6587.5  0.9320032596588134
6590.1  0.9088256359100341
6592.7  0.9019219279289245
6595.3  0.9179230332374572
6597.9  0.9483384490013122
6600.5  0.9777849316596984
6603.1  0.9969784617424011
6605.7  1.006243348121643
6608.3  1.010123610496521
6610.9  1.012203693389893
6613.5  1.014001131057739
6616.1  1.015811204910278
6618.7  1.017371892929077
6621.3  1.018279552459717
6623.9  1.018182158470154
6626.5  1.016820430755615
6629.1  1.013971328735352
6631.7  1.0096355676651
6634.3  1.004559516906738
6636.9  1.000582218170166
6639.5  0.9998774528503417
6642.1  1.003193974494934
6644.7  1.00900411605835
6647.3  1.014763116836548
6649.9  1.018732905387878
6652.5  1.02045750617981
6655.1  1.020185947418213
6657.7  1.018503189086914
6660.3  1.016420006752014
6662.9  1.015264511108398
6665.5  1.015997290611267
6668.1  1.01853346824646
6670.7  1.021812081336975
6673.3  1.024607062339783
6675.9  1.026338577270508
6678.5  1.027258276939392
6681.1  1.027957320213318
6683.7  1.028715133666992
6686.3  1.029305934906006
6688.9  1.029327392578125
6691.5  1.028635859489441
6694.1  1.027483463287354
6696.7  1.026259064674377
6699.3  1.025060892105103
6701.9  1.023238778114319
6704.5  1.019074201583862
6707.1  1.009638905525208
6709.7  0.9920023679733276
6712.3  0.967086374759674
6714.9  0.9433954954147338
6717.5  0.9336669445037841
6720.1  0.9440429210662841
6722.7  0.9676957726478576
6725.3  0.9914249777793884
6727.9  1.0067458152771
6730.5  1.013303995132446
6733.1  1.014789938926697
6735.7  1.01452386379242
6738.3  1.014024496078491
6740.9  1.013574838638306
6743.5  1.01317822933197
6746.1  1.01312780380249
6748.7  1.013825654983521
6751.3  1.015297412872314
6753.9  1.017017841339111
6756.5  1.018156170845032
6759.1  1.017688632011414
6761.7  1.014079213142395
6764.3  1.005608677864075
6766.9  0.9924761652946472
6769.5  0.9790346622467041
6772.1  0.9721836447715759
6774.7  0.9756543636322021
6777.3  0.9864836931228637
6779.9  0.9981586337089538
6782.5  1.006216287612915
6785.1  1.010065913200378
6787.7  1.011090040206909
6790.3  1.010738611221314
6792.9  1.010095715522766
6795.5  1.009961485862732
6798.1  1.010673642158508
6800.7  1.012004613876343
6803.3  1.013493895530701
6805.9  1.015045046806336
6808.5  1.017104625701904
6811.1  1.020124197006226
6813.7  1.023821473121643
6816.3  1.027136325836182
6818.9  1.029032111167908
6821.5  1.029298305511475
6824.1  1.028504014015198
6826.7  1.02716851234436
6829.3  1.024869084358215
6831.9  1.020286798477173
6834.5  1.012754440307617
6837.1  1.004044890403748
6839.7  0.9978004693984985
6842.3  0.9962716698646545
6844.9  0.9979698061943054
6847.5  0.9988918304443359
6850.1  0.9955625534057617
6852.7  0.9871424436569213
6855.3  0.9752705097198486
6857.9  0.9605697393417358
6860.5  0.9369909763336181
6863.1  0.8916255831718444
6865.7  0.8171368241310119
6868.3  0.7275423407554626
6870.9  0.6559814810752868
6873.5  0.630907654762268
6876.1  0.6561787724494934
6878.7  0.7146984934806823
6881.3  0.7840089201927185
6883.9  0.8463403582572937
6886.5  0.8917710781097412
6889.1  0.916229248046875
6891.7  0.9169240593910217
6894.3  0.8933202028274536
6896.9  0.8546946048736572
6899.5  0.8216334581375122
6902.1  0.8138293027877807
6904.7  0.8352888822555541
6907.3  0.8708585500717163
6909.9  0.8961889743804931
6912.5  0.8942290544509887
6915.1  0.8674428462982177
6917.7  0.836014449596405
6920.3  0.8230848312377929
6922.9  0.8393533825874328
6925.5  0.8781445026397705
6928.1  0.9225121140480041
6930.7  0.9576025605201721
6933.3  0.9785635471343994
6935.9  0.9888092875480651
6938.5  0.9935805201530456
6941.1  0.9959938526153564
6943.7  0.9970585107803344
6946.3  0.9971274137496948
6948.9  0.996676743030548
6951.5  0.9963708519935607
6954.1  0.9966723322868347
6956.7  0.9976770281791687
6959.3  0.9993219375610351
6961.9  1.001720786094666
6964.5  1.005136370658875
6967.1  1.009496212005615
6969.7  1.013979315757752
6972.3  1.017359972000122
6974.9  1.018918991088867
6977.5  1.018874526023865
6980.1  1.017881035804749
6982.7  1.016175508499146
6985.3  1.013240218162537
6987.9  1.008380055427551
6990.5  1.001747369766235
6993.1  0.9945819973945617
6995.7  0.9883080124855041
6998.3  0.983863890171051
7000.9  0.9819270968437194
7003.5  0.9827648997306823
7006.1  0.9852412939071655
7008.7  0.9867846965789794
7011.3  0.9853730201721191
7013.9  0.9815731048583984
7016.5  0.9779508709907531
7019.1  0.9761252999305725
7021.7  0.9746530652046203
7024.3  0.9697610139846801
7026.9  0.9583606123924255
7029.5  0.9417722821235656
7032.1  0.9273372888565063
7034.7  0.9241575598716735
7037.3  0.9350476861000061
7039.9  0.9537762403488159
7042.5  0.9713498950004577
7045.1  0.9834144711494445
7047.7  0.9909290671348571
7050.3  0.99616140127182
7052.9  0.9999021291732788
7055.5  1.001715302467346
7058.1  1.001405239105225
7060.7  0.9998620748519897
7063.3  0.9987378716468811
7065.9  0.9992989301681518
7068.5  1.00146210193634
7071.1  1.003911137580872
7073.7  1.005186200141907
7076.3  1.004620790481567
7078.9  1.00238847732544
7081.5  0.9990670084953308
7084.1  0.9953587651252746
7086.7  0.9919255971908569
7089.3  0.989155888557434
7091.9  0.9871235489845275
7094.5  0.9858572483062744
7097.1  0.9854978322982788
7099.7  0.9860466718673706
7102.3  0.9870216846466064
7104.9  0.9874889850616455
7107.5  0.9864147305488586
7110.1  0.9831597805023193
7112.7  0.9781446456909179
7115.3  0.9732747077941894
7117.9  0.9710803031921386
7120.5  0.9726450443267822
7123.1  0.97663015127182
7125.7  0.9809524416923522
7128.3  0.9850107431411743
7130.9  0.9895225167274475
7133.5  0.9946020245552062
7136.1  0.9991321563720703
7138.7  1.00209391117096
7141.3  1.003620743751526
7143.9  1.004547715187073
7146.5  1.00553035736084
7149.1  1.00658929347992
7151.7  1.006959438323975
7154.3  1.005280494689941
7156.9  1.000382542610168
7159.5  0.992216944694519
7162.1  0.982028841972351
7164.7  0.9717117547988891
7167.3  0.9632781744003295
7169.9  0.9586793184280395
7172.5  0.9590044021606445
7175.1  0.9631946682929992
7177.7  0.968043029308319
7180.3  0.9699785113334655
7182.9  0.9666370749473571
7185.5  0.9572626948356628
7188.1  0.9433856010437011
7190.7  0.9298408031463623
7193.3  0.9229413270950317
7195.9  0.9253692626953125
7198.5  0.9338263273239135
7201.1  0.9431365132331848
7203.7  0.9511844515800476
7206.3  0.958754539489746
7208.9  0.9665573835372924
7211.5  0.9740236401557922
7214.1  0.9799911379814147
7216.7  0.9830923676490783
7219.3  0.9818134903907775
7221.9  0.9757695198059082
7224.5  0.9675297141075134
7227.1  0.9619059562683105
7229.7  0.9617632031440734
7232.3  0.9649054408073425
7234.9  0.9659968018531799
7237.5  0.961298644542694
7240.1  0.9512924551963806
7242.7  0.9397515654563903
7245.3  0.9312146306037902
7247.9  0.9288408756256103
7250.5  0.9332097768783569
7253.1  0.9421038627624511
7255.7  0.9517397284507751
7258.3  0.9591720700263977
7260.9  0.9638386964797973
7263.5  0.9666933417320251
7266.1  0.9683692455291748
7268.7  0.9686583280563354
7271.3  0.9673470854759216
7273.9  0.9649512767791748
7276.5  0.962189495563507
7279.1  0.9589211344718933
7281.7  0.9543313980102539
7284.3  0.9486476182937622
7286.9  0.9439120888710021
7289.5  0.9423915147781372
7292.1  0.9446997046470642
7294.7  0.9496477842330932
7297.3  0.9547570347785949
7299.9  0.9569257497787475
7302.5  0.9545959830284118
7305.1  0.9502730369567871
7307.7  0.9492704272270202
7310.3  0.9542047381401062
7312.9  0.96143639087677
7315.5  0.9637258648872375
7318.1  0.9558392167091369
7320.7  0.9387108087539672
7323.3  0.9207726120948791
7325.9  0.9138908386230468
7328.5  0.9238951802253723
7331.1  0.9449984431266784
7333.7  0.965626060962677
7336.3  0.9784523844718933
7338.9  0.9834020137786865
7341.5  0.9837777614593505
7344.1  0.982406198978424
7346.7  0.9807405471801757
7349.3  0.9792647361755371
7351.9  0.9777103662490844
7354.5  0.9754429459571838
7357.1  0.97223961353302
7359.7  0.9688037037849426
7362.3  0.9661459326744079
7364.9  0.9645249843597412
7367.5  0.9633892774581909
7370.1  0.962436020374298
7372.7  0.9622526764869689
7375.3  0.9635478854179382
7377.9  0.9659047722816467
7380.5  0.9675955176353454
7383.1  0.9665539264678955
7385.7  0.9617949128150939
7388.3  0.9547929763793945
7390.9  0.9497904777526855
7393.5  0.9511264562606811
7396.1  0.9585914611816406
7398.7  0.9655542373657226
7401.3  0.9631028771400451
7403.9  0.9471387863159179
7406.5  0.9224850535392761
7409.1  0.9001482725143432
7411.7  0.8889555931091308
7414.3  0.8890528678894042
7416.9  0.8941881656646728
7419.5  0.9001968502998352
7422.1  0.9093149304389953
7424.7  0.9250233173370361
7427.3  0.945192813873291
7429.9  0.962708294391632
7432.5  0.9709715843200683
7435.1  0.9664736986160278
7437.7  0.9486936330795288
7440.3  0.9219542145729064
7442.9  0.8976542949676513
7445.5  0.8895246982574462
7448.1  0.9026340842247009
7450.7  0.9285327792167663
7453.3  0.9533336758613586
7455.9  0.9688920378684997
7458.5  0.9753654599189758
7461.1  0.9765593409538269
7463.7  0.9757176637649536
7466.3  0.9746237397193908
7468.9  0.974212646484375
7471.5  0.9749025702476501
7474.1  0.9765736460685729
7476.7  0.9787328839302062
7479.3  0.980842649936676
7481.9  0.9819153547286987
7484.5  0.9791658520698547
7487.1  0.9683696031570434
7489.7  0.9486585259437561
7492.3  0.9280017018318176
7494.9  0.9201108217239379
7497.5  0.9321177005767822
7500.1  0.956905722618103
7502.7  0.9800910949707031
7505.3  0.9925777912139892
7507.9  0.9948733448982238
7510.5  0.9924358129501342
7513.1  0.989883005619049
7515.7  0.9888257980346679
7518.3  0.988819420337677
7520.9  0.9889498353004455
7523.5  0.9886256456375122
7526.1  0.9876201152801513
7528.7  0.9860689640045166
7531.3  0.9843244552612304
7533.9  0.9825480580329895
7536.5  0.9806535840034484
7539.1  0.9788735508918762
7541.7  0.9779034852981567
7544.3  0.9780715107917785
7546.9  0.9788175821304321
7549.5  0.9794415235519409
7552.1  0.9799687266349792
7554.7  0.9809023737907409
7557.3  0.9824415445327758
7559.9  0.9842669963836669
7562.5  0.9859653115272521
7565.1  0.987408697605133
7567.7  0.9887424707412719
7570.3  0.9900487065315246
7572.9  0.9908398985862731
7575.5  0.9895250797271728
7578.1  0.983670175075531
7580.7  0.9718388319015502
7583.3  0.9553152918815612
7585.9  0.9356885552406311
7588.5  0.9088424444198608
7591.1  0.863351285457611
7593.7  0.7878710031509399
7596.3  0.6815595626831054
7598.9  0.5592471361160278
7601.5  0.4477116763591766
7604.1  0.3724892735481262
7606.7  0.3442683219909668
7609.3  0.359773576259613
7611.9  0.4131993651390076
7614.5  0.4963479340076447
7617.1  0.5865018367767333
7619.7  0.649132490158081
7622.3  0.6637417674064636
7624.9  0.6425960063934326
7627.5  0.6173657774925231
7630.1  0.6090873479843139
7632.7  0.6153845787048339
7635.3  0.6246697902679443
7637.9  0.6342828273773193
7640.5  0.6501219868659973
7643.1  0.673143446445465
7645.7  0.6944615244865417
7648.3  0.7061398029327392
7650.9  0.7124586105346679
7653.5  0.7267708778381347
7656.1  0.7580359578132629
7658.7  0.8029448390007019
7661.3  0.8510138988494873
7663.9  0.8939115405082702
7666.5  0.9286743402481079
7669.1  0.9555073380470275
7671.7  0.9754219055175781
7674.3  0.9895316362380981
7676.9  0.9989952445030212
7679.5  1.00492799282074
7682.1  1.008402824401855
7684.7  1.010351061820984
7687.3  1.011726140975952
7689.9  1.01344358921051
7692.5  1.015843749046326
7695.1  1.018246293067932
7697.7  1.019500017166138
7700.3  1.018966436386108
7702.9  1.016837120056152
7705.5  1.013733625411987
7708.1  1.010263562202454
7710.7  1.006868839263916
7713.3  1.003805160522461
7715.9  1.001172423362732
7718.5  0.9990662932395935
7721.1  0.9976962208747863
7723.7  0.9972110390663146
7726.3  0.9973978996276855
7728.9  0.9977728128433227
7731.5  0.9979979395866394
7734.1  0.9980486631393432
7736.7  0.9979994893074035
7739.3  0.9978702664375305
7741.9  0.9976568818092346
7744.5  0.9973210096359252
7747.1  0.9967727065086364
7749.7  0.9960069060325622
7752.3  0.9952507615089416
7754.9  0.9949083924293518
7757.5  0.9953469634056091
7760.1  0.996740698814392
7762.7  0.9990808367729187
7765.3  1.00231409072876
7767.9  1.006410241127014
7770.5  1.011167168617249
7773.1  1.015730142593384
7775.7  1.018286228179932
7778.3  1.016083836555481
7780.9  1.006351113319397
7783.5  0.9892310500144958
7786.1  0.9710710644721984
7788.7  0.9622465968132019
7791.3  0.9683910012245178
7793.9  0.9847534894943237
7796.5  1.001291275024414
7799.1  1.011630535125732
7801.7  1.015645027160645
7804.3  1.016019582748413
7806.9  1.015019297599793
7809.5  1.013784646987915
7812.1  1.012727499008179
7814.7  1.011876463890076
7817.3  1.011147856712341
7819.9  1.010491847991943
7822.5  1.009886503219604
7825.1  1.009148836135864
7827.7  1.007909297943115
7830.3  1.005969047546387
7832.9  1.003663301467896
7835.5  1.001696586608887
7838.1  1.000556826591492
7840.7  1.000161290168762
7843.3  1.000107765197754
7845.9  1.000221014022827
7848.5  1.000749468803406
7851.1  1.001948952674866
7853.7  1.003507018089294
7856.3  1.004453897476196
7858.9  1.003695130348206
7861.5  1.000896453857422
7864.1  0.9972686171531677
7866.7  0.9954370856285095
7869.3  0.9978420138359069
7871.9  1.004693865776062
7874.5  1.013748526573181
7877.1  1.02236270904541
7879.7  1.029362082481384
7882.3  1.034812211990357
7884.9  1.038752675056458
7887.5  1.040753126144409
7890.1  1.040464162826538
7892.7  1.038138031959534
7895.3  1.034439921379089
7897.9  1.029729604721069
7900.5  1.023747682571411
7903.1  1.016427040100098
7905.7  1.009034752845764
7908.3  1.0037761926651
7910.9  1.001709580421448
7913.5  1.001380801200867
7916.1  0.9999763369560241
7918.7  0.995836853981018
7921.3  0.9896268248558044
7923.9  0.9827529788017272
7926.5  0.9740791320800781
7929.1  0.9594512581825256
7931.7  0.9372919201850891
7934.3  0.9150792360305786
7936.9  0.906335711479187
7939.5  0.9180542230606079
7942.1  0.9434275031089782
7944.7  0.9692126512527465
7947.3  0.9872488379478454
7949.9  0.9968306422233581
7952.5  1.000010967254639
7955.1  0.9987040162086486
7957.7  0.9952764511108398
7960.3  0.9927481412887573
7962.9  0.9931753873825073
7965.5  0.9965088367462158
7968.1  1.001321077346802
7970.7  1.006427764892578
7973.3  1.011678814888
7975.9  1.017601609230042
7978.5  1.02449369430542
7981.1  1.031792998313904
7983.7  1.038188815116882
7986.3  1.042255759239197
7988.9  1.043168306350708
7991.5  1.041190266609192
7994.1  1.037545800209045
7996.7  1.033452749252319
7999.3  1.02922785282135
8001.9  1.024533987045288
8004.5  1.019434452056885
8007.1  1.014843463897705
8009.7  1.01179301738739
8012.3  1.010420799255371
8014.9  1.009825825691223
8017.5  1.008846879005432
8020.1  1.006944894790649
8022.7  1.004508972167969
8025.3  1.002505302429199
8027.9  1.001818776130676
8030.5  1.002654552459717
8033.1  1.004340410232544
8035.7  1.005705833435059
8038.3  1.005782246589661
8040.9  1.004295349121094
8043.5  1.00154185295105
8046.1  0.9979065060615539
8048.7  0.9937955141067504
8051.3  0.9902219772338867
8053.9  0.9888168573379516
8056.5  0.9904320836067199
8059.1  0.9938095211982727
8061.7  0.9963577985763549
8064.3  0.9964985847473144
8066.9  0.9951477646827697
8069.5  0.9947279095649719
8072.1  0.9966968297958374
8074.7  1.000235199928284
8077.3  1.00339138507843
8079.9  1.005203127861023
8082.5  1.006443619728088
8085.1  1.008375763893128
8087.7  1.011177182197571
8090.3  1.014172911643982
8092.9  1.017328858375549
8095.5  1.02136492729187
8098.1  1.02630352973938
8100.7  1.03086268901825
8103.3  1.033522248268128
8105.9  1.033807158470154
8108.5  1.032467365264893
8111.1  1.030606150627136
8113.7  1.028826713562012
8116.3  1.027084708213806
8118.9  1.024872779846191
8121.5  1.021334052085876
8124.1  1.015512108802796
8126.7  1.007033109664917
8129.3  0.9969767332077026
8131.9  0.9881544113159179
8134.5  0.9837691187858581
8137.1  0.9848723411560058
8139.7  0.9893040060997009
8142.3  0.9937112927436828
8144.9  0.9963124990463256
8147.5  0.9973954558372497
8150.1  0.9978874325752258
8152.7  0.9981468319892883
8155.3  0.9976775646209716
8157.9  0.9949464201927185
8160.5  0.9876939058303833
8163.1  0.9751595258712768
8165.7  0.9607061147689819
8168.3  0.9503459930419921
8170.9  0.9466368556022644
8173.5  0.945546269416809
8176.1  0.9417795538902282
8178.7  0.9359577298164367
8181.3  0.9339471459388732
8183.9  0.939893901348114
8186.5  0.9523279666900634
8189.1  0.9664491415023803
8191.7  0.9782449007034301
8194.3  0.9867193102836608
8196.9  0.9935020804405212
8199.5  1.000391960144043
8202.1  1.007090210914612
8204.7  1.011290311813355
8207.3  1.010413885116577
8209.9  1.002900242805481
8212.5  0.9890496134757995
8215.1  0.9722310900688171
8217.7  0.9583346843719482
8220.3  0.9512252211570739
8222.9  0.9484054446220397
8225.5  0.9442003965377807
8228.1  0.9382662773132324
8230.7  0.9376459717750549
8233.3  0.9485518336296081
8235.9  0.9686378836631774
8238.5  0.9893113374710083
8241.1  1.003735780715942
8243.7  1.010680913925171
8246.3  1.012183904647827
8248.9  1.01002836227417
8251.5  1.004914999008179
8254.1  0.9978511333465576
8256.7  0.9913032054901123
8259.3  0.9884326457977294
8261.9  0.9907928705215454
8264.5  0.9969422817230224
8267.1  1.003711581230164
8269.7  1.008704781532288
8272.3  1.011452555656433
8274.9  1.012736201286316
8277.5  1.013448596000671
8280.1  1.01402485370636
8282.7  1.014472723007202
8285.3  1.014728188514709
8287.9  1.015029072761536
8290.5  1.015838980674744
8293.1  1.017395257949829
8295.7  1.019539475440979
8298.3  1.022121787071228
8300.9  1.025262236595154
8303.5  1.029031991958618
8306.1  1.033212542533875
8308.7  1.037551045417786
8311.3  1.041589140892029
8313.9  1.043600797653198
8316.5  1.039966225624085
8319.1  1.027018427848816
8321.7  1.005303621292114
8324.3  0.9823890924453735
8326.9  0.9691436886787414
8329.5  0.9709272384643554
8332.1  0.9833854436874389
8334.7  0.9978007674217224
8337.3  1.008514165878296
8339.9  1.014647126197815
8342.5  1.017649412155151
8345.1  1.019070506095886
8347.7  1.019694089889526
8350.3  1.019544839859009
8352.9  1.018324971199036
8355.5  1.016052842140198
8358.1  1.013524651527405
8360.7  1.012059688568115
8363.3  1.01239812374115
8365.9  1.013957500457764
8368.5  1.015463471412659
8371.1  1.016162633895874
8373.7  1.016233325004578
8376.3  1.016227841377258
8378.9  1.016450166702271
8381.5  1.016924381256104
8384.1  1.01766574382782
8386.7  1.018672585487366
8389.3  1.019715309143066
8391.9  1.020400643348694
8394.5  1.020486235618591
8397.1  1.020033121109009
8399.7  1.019339442253113
8402.3  1.01889431476593
8404.9  1.019177198410034
8407.5  1.020235300064087
8410.1  1.021796345710754
8412.7  1.024298191070557
8415.3  1.029399037361145
8417.9  1.038529515266418
8420.5  1.050684452056885
8423.1  1.062260508537292
8425.7  1.069480895996094
8428.3  1.070823073387146
8430.9  1.067143440246582
8433.5  1.060167789459229
8436.1  1.051292300224304
8438.7  1.041514277458191
8441.3  1.032143473625183
8443.9  1.025379180908203
8446.5  1.023459553718567
8449.1  1.026484727859497
8451.7  1.031633973121643
8454.3  1.035417318344116
8456.9  1.036359906196594
8459.5  1.035128474235535
8462.1  1.032914400100708
8464.7  1.030483245849609
8467.3  1.028302431106567
8469.9  1.026620864868164
8472.5  1.025149464607239
8475.1  1.023202538490295
8477.7  1.020543575286865
8480.3  1.017825126647949
8482.9  1.015579104423523
8485.5  1.012701272964478
8488.1  1.006269931793213
8490.7  0.9936348795890808
8493.3  0.9758922457695007
8495.9  0.9596316218376159
8498.5  0.9534617662429809
8501.1  0.9609399437904357
8503.7  0.9772963523864746
8506.3  0.9938751459121704
8508.9  1.004965543746948
8511.5  1.010101079940796
8514.1  1.011629819869995
8516.7  1.011708617210388
8519.3  1.01118803024292
8521.9  1.00984513759613
8524.5  1.005966782569885
8527.1  0.9941954612731933
8529.7  0.9622772336006164
8532.3  0.8910860419273376
8534.9  0.7642024159431457
8537.5  0.5854455828666687
8540.1  0.3874159753322601
8542.7  0.2154409438371658
8545.3  0.09859813749790191
8547.9  0.03657471016049385
8550.5  0.01087475102394819
8553.1  0.002567498479038477
8555.7  4.737291310448200E-4
8558.3  6.251808372326195E-5
8560.9  0.
8563.5  0.
8566.1  0.
8568.7  0.
8571.3  0.
8573.9  0.
8576.5  0.
8579.1  0.
8581.7  0.
8584.3  0.
8586.9  0.
8589.5  0.
8592.1  0.
8594.7  0.
8597.3  0.
8599.9  0.
8602.5  0.
8605.1  0.
8607.7  0.
8610.3  0.
8612.9  0.
8615.5  0.
8618.1  0.
8620.7  0.
8623.3  0.
8625.9  0.
8628.5  0.
8631.1  0.
8633.7  0.
8636.3  0.
8638.9  0.
8641.5  3.923797703464516E-5
8644.1  3.212343144696206E-4
8646.7  0.001795862801373005
8649.3  0.007833718322217464
8651.9  0.02725494652986527
8654.5  0.07642801105976104
8657.1  0.1746625900268555
8659.7  0.3299322128295898
8662.3  0.5247516632080078
8664.9  0.7195866107940673
8667.5  0.8756514191627502
8670.1  0.9762587547302246
8672.7  1.028016448020935
8675.3  1.046653270721436
8677.9  1.043972492218018
8680.5  1.025192260742188
8683.1  0.9952630400657653
8685.7  0.9659546017646789
8688.3  0.9533107280731201
8690.9  0.9650449752807617
8693.5  0.9930179715156555
8696.1  1.021429061889649
8698.7  1.040230989456177
8701.3  1.048914432525635
8703.9  1.051334738731384
8706.5  1.050723314285278
8709.1  1.048589468002319
8711.7  1.045573711395264
8714.3  1.042147874832153
8716.9  1.038794040679932
8719.5  1.03581690788269
8722.1  1.033314347267151
8724.7  1.031296849250794
8727.3  1.029775023460388
8729.9  1.028722405433655
8732.5  1.028072714805603
8735.1  1.027781844139099
8737.7  1.027745604515076
8740.3  1.027612328529358
8742.9  1.026885867118836
8745.5  1.025461077690125
8748.1  1.023788094520569
8750.7  1.021904826164246
8753.3  1.017890930175781
8755.9  1.00824511051178
8758.5  0.9919486045837402
8761.1  0.9749512076377868
8763.7  0.9679945707321166
8766.3  0.9771603941917419
8768.9  0.9977402091026306
8771.5  1.019295692443848
8774.1  1.03509509563446
8776.7  1.045283436775208
8779.3  1.05334997177124
8781.9  1.061915874481201
8784.5  1.071169257164002
8787.1  1.079612135887146
8789.7  1.085596561431885
8792.3  1.088279247283936
8794.9  1.087450981140137
8797.5  1.082956194877625
8800.1  1.074701309204102
8802.7  1.063770771026611
8805.3  1.053485155105591
8807.9  1.048099994659424
8810.5  1.049304127693176
8813.1  1.054478883743286
8815.7  1.059165358543396
8818.3  1.06079912185669
8820.9  1.059766411781311
8823.5  1.057795882225037
8826.1  1.056143045425415
8828.7  1.054994463920593
8831.3  1.053887486457825
8833.9  1.052382707595825
8836.5  1.050411701202393
8839.1  1.048150777816772
8841.7  1.045745134353638
8844.3  1.043216347694397
8846.9  1.040518760681152
8849.5  1.037474036216736
8852.1  1.033653974533081
8854.7  1.028668403625488
8857.3  1.022960782051086
8859.9  1.018276453018188
8862.5  1.016808986663818
8865.1  1.01945161819458
8867.7  1.024929404258728
8870.3  1.03081738948822
8872.9  1.035308241844177
8875.5  1.038015961647034
8878.1  1.039514183998108
8880.7  1.040471434593201
8883.3  1.041052222251892
8885.9  1.040829420089722
8888.5  1.039126992225647
8891.1  1.035559773445129
8893.7  1.030649662017822
8896.3  1.026154279708862
8898.9  1.024043440818787
8901.5  1.024000644683838
8904.1  1.022654533386231
8906.7  1.017204403877258
8909.3  1.009673118591309
8911.9  1.005510449409485
8914.5  1.007703900337219
8917.1  1.014570355415344
8919.7  1.023574113845825
8922.3  1.03423023223877
8924.9  1.046325922012329
8927.5  1.057953238487244
8930.1  1.066622495651245
8932.7  1.071215748786926
8935.3  1.07211172580719
8937.9  1.069953083992004
8940.5  1.065162777900696
8943.1  1.058815598487854
8945.7  1.053210258483887
8948.3  1.050575494766235
8950.9  1.051176548004151
8953.5  1.053333282470703
8956.1  1.055239796638489
8958.7  1.056145310401917
8961.3  1.055782556533814
8963.9  1.053219318389893
8966.5  1.046944618225098
8969.1  1.036756157875061
8971.7  1.0255206823349
8974.3  1.017650365829468
8976.9  1.014602422714233
8979.5  1.01298189163208
8982.1  1.008569121360779
8984.7  1.001387715339661
8987.3  0.9953623414039611
8989.9  0.9933588504791259
8992.5  0.9937102198600769
8995.1  0.9920368194580078
8997.7  0.9861790537834167
9000.3  0.978557527065277
9002.9  0.9731301665306091
9005.5  0.9707853198051452
9008.1  0.9690651893615722
9010.7  0.9661378264427185
9013.3  0.9639827013015747
9015.9  0.967004120349884
9018.5  0.977150559425354
9021.1  0.9911576509475708
9023.7  1.003674745559692
9026.3  1.012533903121948
9028.9  1.019721627235413
9031.5  1.027616858482361
9034.1  1.035974144935608
9036.7  1.042998552322388
9039.3  1.047915935516357
9041.9  1.051156878471375
9044.5  1.052699446678162
9047.1  1.052010774612427
9049.7  1.050113201141358
9052.3  1.049928426742554
9054.9  1.053272247314453
9057.5  1.058774948120117
9060.1  1.063825488090515
9062.7  1.067192077636719
9065.3  1.068710088729858
9067.9  1.067530989646912
9070.5  1.06145966053009
9073.1  1.048169851303101
9075.7  1.027697086334229
9078.3  1.004200458526611
9080.9  0.984824001789093
9083.5  0.9761520624160766
9086.1  0.9807156324386596
9088.7  0.9947425127029418
9091.3  1.008854627609253
9093.9  1.013806104660034
9096.5  1.007696509361267
9099.1  0.9969524145126342
9101.7  0.9896937608718872
9104.3  0.9895216822624206
9106.9  0.9954839348793029
9109.5  1.004733443260193
9112.1  1.014008760452271
9114.7  1.021118760108948
9117.3  1.025954604148865
9119.9  1.028685331344605
9122.5  1.027306914329529
9125.1  1.018470048904419
9127.7  1.001110792160034
9130.3  0.9792402386665344
9132.9  0.9614772200584411
9135.5  0.9560935497283935
9138.1  0.9640026688575744
9140.7  0.9772687554359436
9143.3  0.9864462018013
9145.9  0.988475739955902
9148.5  0.9867018461227416
9151.1  0.9859516024589538
9153.7  0.9892472028732299
9156.3  0.9968098402023315
9158.9  1.005901217460632
9161.5  1.012184143066406
9164.1  1.012668967247009
9166.7  1.007017970085144
9169.3  0.9958269596099853
9171.9  0.9770756959915161
9174.5  0.945557415485382
9177.1  0.9009496569633483
9179.7  0.8594328761100769
9182.3  0.8491044044494628
9184.9  0.8842448592185974
9187.5  0.9481307864189147
9190.1  1.008676052093506
9192.7  1.04651153087616
9195.3  1.063043117523193
9197.9  1.068409562110901
9200.5  1.069771885871887
9203.1  1.06939423084259
9205.7  1.067658305168152
9208.3  1.065017700195313
9210.9  1.062027335166931
9213.5  1.058451890945435
9216.1  1.053046703338623
9218.7  1.044311165809631
9221.3  1.031726479530335
9223.9  1.016557216644287
9226.5  1.001822710037232
9229.1  0.9913815259933471
9231.7  0.988171100616455
9234.3  0.9925613403320312
9236.9  1.002179145812988
9239.5  1.013429403305054
9242.1  1.023295640945435
9244.7  1.029824733734131
9247.3  1.031766891479492
9249.9  1.029102921485901
9252.5  1.024089097976685
9255.1  1.020488023757935
9257.7  1.020842671394348
9260.3  1.024772047996521
9262.9  1.030056834220886
9265.5  1.034533262252808
9268.1  1.036453127861023
9270.7  1.034040927886963
9273.3  1.026265025138855
9275.9  1.014401078224182
9278.5  1.001915693283081
9281.1  0.9923038482666015
9283.7  0.9872995018959045
9286.3  0.9866430759429931
9288.9  0.9886901974678039
9291.5  0.9919591546058654
9294.1  0.996812880039215
9296.7  1.00434672832489
9299.3  1.013264298439026
9301.9  1.019704580307007
9304.5  1.020547151565552
9307.1  1.014686465263367
9309.7  0.9999838471412658
9312.3  0.9702035784721374
9314.9  0.9184533953666687
9317.5  0.8480172753334045
9320.1  0.7802590727806091
9322.7  0.7429849505424499
9325.3  0.7438782453536987
9327.9  0.7622372508049011
9330.5  0.7742384672164916
9333.1  0.7763307094573974
9335.7  0.7760573029518127
9338.3  0.7744674682617187
9340.9  0.7712203860282897
9343.5  0.7738081812858581
9346.1  0.7859255671501159
9348.7  0.7960672378540039
9351.3  0.7921133041381835
9353.9  0.7782092094421386
9356.5  0.7653083801269531
9359.1  0.7548105716705322
9361.7  0.7440786361694335
9364.3  0.7379612326622009
9366.9  0.7407695651054382
9369.5  0.7441458702087402
9372.1  0.7379733324050903
9374.7  0.7307325005531311
9377.3  0.7460620403289794
9379.9  0.7962619066238403
9382.5  0.8674326539039611
9385.1  0.933212399482727
9387.7  0.9764502644538879
9390.3  0.9949633479118347
9392.9  0.9939635396003723
9395.5  0.9793683886528015
9398.1  0.9563040137290954
9400.7  0.9287972450256347
9403.3  0.9002786874771118
9405.9  0.8760386109352111
9408.5  0.8635283708572387
9411.1  0.8666473031044006
9413.7  0.8800507187843322
9416.3  0.8917205929756164
9418.9  0.8921638131141662
9421.5  0.8810478448867797
9424.1  0.8652577996253967
9426.7  0.849478542804718
9429.3  0.8288103938102722
9431.9  0.7953238487243652
9434.5  0.7556944489479064
9437.1  0.7360812425613403
9439.7  0.7597621083259582
9442.3  0.8217860460281372
9444.9  0.8920040130615234
9447.5  0.940382957458496
9450.1  0.9543426632881164
9452.7  0.9360739588737487
9455.3  0.8908632397651672
9457.9  0.8201945424079895
9460.5  0.7275400161743164
9463.1  0.6326886415481567
9465.7  0.5741636157035827
9468.3  0.5835972428321838
9470.9  0.6533368229866027
9473.5  0.7390456199645996
9476.1  0.7995977997779846
9478.7  0.8295745253562927
9481.3  0.8511486649513244
9483.9  0.88047456741333
9486.5  0.9073542356491088
9489.1  0.9078155159950256
9491.7  0.873157799243927
9494.3  0.8253138661384582
9496.9  0.8021731376647949
9499.5  0.8252431154251098
9502.1  0.8827927708625793
9504.7  0.9450297951698303
9507.3  0.9899624586105346
9509.9  1.012676954269409
9512.5  1.017906904220581
9515.1  1.011634826660156
9517.7  0.9984180927276611
9520.3  0.9817497730255126
9522.9  0.9648147225379943
9525.5  0.9512703418731689
9528.1  0.9441301822662353
9530.7  0.941913902759552
9533.3  0.9352849125862121
9535.9  0.9109819531440734
9538.5  0.864692747592926
9541.1  0.811843991279602
9543.7  0.7793278694152832
9546.3  0.7789572477340698
9548.9  0.7925449013710021
9551.5  0.7909575104713439
9554.1  0.7643179297447204
9556.7  0.7267177700996398
9559.3  0.6975129842758178
9561.9  0.6891958117485046
9564.5  0.7088909149169921
9567.1  0.7571949958801269
9569.7  0.8233293294906616
9572.3  0.888893187046051
9574.9  0.9377583265304565
9577.5  0.9617558717727661
9580.1  0.9609097838401794
9582.7  0.9420840740203857
9585.3  0.9166315793991088
9587.9  0.8949093222618103
9590.5  0.8804512023925781
9593.1  0.8711729645729064
9595.7  0.8670295476913452
9598.3  0.8709325790405273
9600.9  0.8763043284416198
9603.5  0.8587079644203186
9606.1  0.7910119295120239
9608.7  0.6745762228965759
9611.3  0.555288553237915
9613.9  0.5002765655517578
9616.5  0.5476678609848022
9619.1  0.6758562922477722
9621.7  0.8237764239311218
9624.3  0.9383583664894104
9626.9  1.001132488250733
9629.5  1.019988775253296
9632.1  1.009866833686829
9634.7  0.9832459688186645
9637.3  0.9504300951957702
9639.9  0.9214881658554077
9642.5  0.9052513837814331
9645.1  0.9053262472152709
9647.7  0.9162566661834716
9650.3  0.9264339208602905
9652.9  0.9282879829406738
9655.5  0.9254442453384399
9658.1  0.9281573295593261
9660.7  0.9424975514411926
9663.3  0.9655320048332214
9665.9  0.9897276759147644
9668.5  1.009112596511841
9671.1  1.021246671676636
9673.7  1.026483178138733
9676.3  1.026994228363037
9678.9  1.025418162345886
9681.5  1.023253083229065
9684.1  1.020565271377563
9686.7  1.017206907272339
9689.3  1.013596057891846
9691.9  1.010281443595886
9694.5  1.007492542266846
9697.1  1.005548000335693
9699.7  1.005114078521729
9702.3  1.006595730781555
9704.9  1.00963830947876
9707.5  1.013456583023071
9710.1  1.017273783683777
9712.7  1.020283937454224
9715.3  1.021567702293396
9717.9  1.020388960838318
9720.5  1.016666769981384
9723.1  1.011094927787781
9725.7  1.004465937614441
9728.3  0.9967885613441467
9730.9  0.987762451171875
9733.5  0.9786837100982666
9736.1  0.9728839993476867
9738.7  0.9728186130523681
9741.3  0.9770951271057128
9743.9  0.9815267324447631
9746.5  0.9823490381240844
9749.1  0.9766715168952941
9751.7  0.9594202637672424
9754.3  0.9200625419616699
9756.9  0.8431646823883056
9759.5  0.7176216840744018
9762.1  0.5540218949317932
9764.7  0.3955390453338623
9767.3  0.3038584887981415
9769.9  0.3234638869762421
9772.5  0.4510297179222107
9775.1  0.6352561116218566
9777.7  0.8092036843299865
9780.3  0.9294910430908203
9782.9  0.9908778667449951
9785.5  1.01164722442627
9788.1  1.011992812156677
9790.7  1.003145337104797
9793.3  0.9878456592559814
9795.9  0.9668878316879272
9798.5  0.9462960958480834
9801.1  0.9371276497840881
9803.7  0.9459052681922912
9806.3  0.9673667550086975
9808.9  0.9894353151321411
9811.5  1.003657341003418
9814.1  1.009000182151794
9816.7  1.008376240730286
9819.3  1.004812121391296
9821.9  1.000568747520447
9824.5  0.9975537061691284
9827.1  0.9969667792320251
9829.7  0.9985212683677673
9832.3  1.000648498535156
9834.9  1.001829147338867
9837.5  1.001381397247314
9840.1  0.9992074370384216
9842.7  0.9956235885620117
9845.3  0.9915193319320678
9847.9  0.9879371523857116
9850.5  0.9852463603019714
9853.1  0.9830414652824401
9855.7  0.9808332324028015
9858.3  0.9785819053649902
9860.9  0.9765898585319519
9863.5  0.9750711321830749
9866.1  0.9738854169845581
9868.7  0.9726973176002502
9871.3  0.9714239835739135
9873.9  0.9704157710075378
9876.5  0.9700168967247009
9879.1  0.9699796438217163
9881.7  0.9695250391960144
9884.3  0.9681357145309448
9886.9  0.9661930799484252
9889.5  0.9646636843681335
9892.1  0.9642221927642822
9894.7  0.9648565649986267
9897.3  0.9660978913307189
9899.9  0.9672299623489379
9902.5  0.9672985076904296
9905.1  0.965402066707611
9907.7  0.9605634212493896
9910.3  0.9496698379516601
9912.9  0.9231579899787902
9915.5  0.8635967373847961
9918.1  0.7560265064239501
9920.7  0.6100372076034545
9923.3  0.4725788831710815
9925.9  0.4070536494255066
9928.5  0.4480330646038055
9931.1  0.5746142268180847
9933.7  0.7289913296699523
9936.3  0.8585800528526306
9938.9  0.9417273998260498
9941.5  0.9837779998779296
9944.1  1.000095248222351
9946.7  1.004289388656616
9949.3  1.00497043132782
9951.9  1.006021618843079
9954.5  1.007324457168579
9957.1  1.006637454032898
9959.7  1.002362251281738
9962.3  0.9953139424324035
9964.9  0.9881533980369567
9967.5  0.9834387302398681
9970.1  0.9819482564926147
9972.7  0.9822478890419006
9975.3  0.9818443655967712
9977.9  0.9791839718818664
9980.5  0.9746322631835937
9983.1  0.9687824249267578
9985.7  0.9585633873939514
9988.3  0.9328243136405944
9990.9  0.8715667128562927
9993.5  0.7554417848587036
9996.1  0.5847913026809692
