3501.3  0.8314376473426818
3503.9  1.069703698158264
3506.5  1.212581872940064
3509.1  1.250975131988525
3511.7  1.214046239852905
3514.3  1.141782283782959
3516.9  1.057775139808655
3519.5  0.9667524695396423
3522.1  0.8810616135597229
3524.7  0.8344606757164001
3527.3  0.8559050559997558
3529.9  0.9387301802635192
3532.5  1.042200803756714
3535.1  1.115472197532654
3537.7  1.120859026908875
3540.3  1.051892518997192
3542.9  0.9412778615951538
3545.5  0.8458362817764282
3548.1  0.8083681464195251
3550.7  0.8257777690887451
3553.3  0.8567148447036743
3555.9  0.8613022565841674
3558.5  0.8293160200119018
3561.1  0.7719154953956604
3563.7  0.6994962096214294
3566.3  0.6176605820655822
3568.9  0.5375875234603881
3571.5  0.4760501086711884
3574.1  0.4420848488807678
3576.7  0.4301559329032898
3579.3  0.428508847951889
3581.9  0.4297222793102264
3584.5  0.432948499917984
3587.1  0.4454336166381836
3589.7  0.4848641753196716
3592.3  0.5683026313781738
3594.9  0.6862797737121582
3597.5  0.7915798425674438
3600.1  0.8292037844657897
3602.7  0.7832756042480468
3605.3  0.6888091564178466
3607.9  0.5992664098739624
3610.5  0.5506534576416015
3613.1  0.5505062341690063
3615.7  0.5871766805648803
3618.3  0.6465611457824707
3620.9  0.7205674648284912
3623.5  0.7982416152954101
3626.1  0.8560667634010314
3628.7  0.8735851645469665
3631.3  0.8602229356765747
3633.9  0.8509962558746337
3636.5  0.8674992322921752
3639.1  0.8918264508247375
3641.7  0.8853827118873596
3644.3  0.8307117819786071
3646.9  0.7528604269027709
3649.5  0.7007669210433959
3652.1  0.7063398361206054
3654.7  0.7580575942993164
3657.3  0.8158888816833496
3659.9  0.8521921634674072
3662.5  0.8722314238548278
3665.1  0.8954774737358093
3667.7  0.927174687385559
3670.3  0.95084810256958
3672.9  0.9389173984527587
3675.5  0.8742482066154479
3678.1  0.7732968926429748
3680.7  0.6843977570533752
3683.3  0.6511890292167663
3685.9  0.6779355406761169
3688.5  0.7312437891960144
3691.1  0.7677647471427917
3693.7  0.7593570947647094
3696.3  0.7054454684257507
3698.9  0.6322932243347167
3701.5  0.5782287716865539
3704.1  0.5727976560592651
3706.7  0.622551679611206
3709.3  0.7058216333389282
3711.9  0.7764806151390075
3714.5  0.7856496572494506
3717.1  0.7167437672615051
3719.7  0.5991431474685668
3722.3  0.4799086451530457
3724.9  0.3850823640823364
3727.5  0.3138927519321442
3730.1  0.2613359093666077
3732.7  0.2327253520488739
3735.3  0.2351433038711548
3737.9  0.263642430305481
3740.5  0.3018670678138733
3743.1  0.3372221887111664
3745.7  0.3733827471733093
3748.3  0.4227985739707947
3750.9  0.485312283039093
3753.5  0.5406012535095214
3756.1  0.5679555535316467
3758.7  0.5710484981536865
3761.3  0.5781963467597961
3763.9  0.6182178258895874
3766.5  0.6961773633956909
3769.1  0.7895029187202453
3771.7  0.8672808408737182
3774.3  0.9158090353012084
3776.9  0.9449263215065002
3779.5  0.9669655561447143
3782.1  0.9728187322616577
3784.7  0.9371281266212463
3787.3  0.8499108552932739
3789.9  0.7362110614776611
3792.5  0.6414984464645385
3795.1  0.6010992527008056
3797.7  0.621923804283142
3800.3  0.6836726665496826
3802.9  0.7503281831741333
3805.5  0.7834093570709228
3808.1  0.7554550170898437
3810.7  0.6641000509262084
3813.3  0.5383871793746948
3815.9  0.4230421483516693
3818.5  0.3480605483055115
3821.1  0.3136864602565765
3823.7  0.3032278418540955
3826.3  0.3030753135681152
3828.9  0.3087187707424164
3831.5  0.3188301026821137
3834.1  0.3307529091835022
3836.7  0.3412860035896301
3839.3  0.3488645255565643
3841.9  0.356393426656723
3844.5  0.3721490800380707
3847.1  0.4023690521717072
3849.7  0.4388947486877441
3852.3  0.4607078731060028
3854.9  0.4551655948162079
3857.5  0.4328173995018005
3860.1  0.4149084389209747
3862.7  0.4110394716262817
3865.3  0.4153111577033997
3867.9  0.4191801846027374
3870.5  0.4204283058643341
3873.1  0.4208077192306519
3875.7  0.4208684265613556
3878.3  0.4191085398197174
3880.9  0.4167226552963257
3883.5  0.4247466325759888
3886.1  0.4616532027721405
3888.7  0.5356999039649963
3891.3  0.6303104162216186
3893.9  0.7140987515449523
3896.5  0.7638671994209289
3899.1  0.7740310430526733
3901.7  0.7513976097106933
3904.3  0.709579586982727
3906.9  0.6637297868728637
3909.5  0.6239958405494689
3912.1  0.5957614779472351
3914.7  0.5828025341033935
3917.3  0.5823475122451782
3919.9  0.5794766545295715
3922.5  0.5547852516174316
3925.1  0.4999137818813324
3927.7  0.4257602095603943
3930.3  0.3577800095081329
3932.9  0.3224441707134247
3935.5  0.3335402011871338
3938.1  0.3867405652999878
3940.7  0.465039074420929
3943.3  0.5490963459014892
3945.9  0.6236054301261901
3948.5  0.6767145991325378
3951.1  0.6978543400764465
3953.7  0.6804367899894714
3956.3  0.6273406744003295
3958.9  0.5517141819000244
3961.5  0.4720381498336792
3964.1  0.4072327315807343
3966.7  0.3742264807224274
3969.3  0.3845294415950775
3971.9  0.437448114156723
3974.5  0.5158348679542541
3977.1  0.5923386216163635
3979.7  0.6435571312904357
3982.3  0.6616683602333068
3984.9  0.6582904458045959
3987.5  0.6608058810234069
3990.1  0.6973435878753662
3992.7  0.7728284001350402
3995.3  0.858165681362152
3997.9  0.9099847078323364
4000.5  0.9043015837669372
4003.1  0.8550969362258911
4005.7  0.8068403601646423
4008.3  0.8058602213859558
4010.9  0.8675178885459899
4013.5  0.9654581546783447
4016.1  1.053309321403504
4018.7  1.0968998670578
4021.3  1.089524030685425
4023.9  1.047852516174316
4026.5  1.000596165657044
4029.1  0.9744372367858886
4031.7  0.9797896146774291
4034.3  1.005035400390625
4036.9  1.02357816696167
4039.5  1.01039731502533
4042.1  0.9597371816635131
4044.7  0.8899617791175842
4047.3  0.8268091678619384
4049.9  0.7816751599311828
4052.5  0.751251995563507
4055.1  0.7349188923835754
4057.7  0.7396167516708374
4060.3  0.766625702381134
4062.9  0.8063424229621887
4065.5  0.849999189376831
4068.1  0.8975971341133117
4070.7  0.9509224891662597
4073.3  1.004253029823303
4075.9  1.044391751289368
4078.5  1.057720541954041
4081.1  1.039148807525635
4083.7  1.000860691070557
4086.3  0.9710155725479125
4088.9  0.9720082879066467
4091.5  0.9948698282241821
4094.1  1.003697395324707
4096.7  0.972232162952423
4099.3  0.9126982688903808
4101.9  0.8655453920364379
4104.5  0.8623671531677246
4107.1  0.9016357064247131
4109.7  0.9591362476348876
4112.3  1.01319420337677
4114.9  1.054079651832581
4117.5  1.076103329658508
4120.1  1.072252511978149
4122.7  1.039463520050049
4125.3  0.9870840311050415
4127.9  0.9362877607345581
4130.5  0.9058430790901184
4133.1  0.8967780470848083
4135.7  0.8928117156028747
4138.3  0.8760632872581481
4140.9  0.8426349759101867
4143.5  0.8048363924026489
4146.1  0.7788910269737243
4148.7  0.7703408002853393
4151.3  0.7715681791305541
4153.9  0.7736984491348266
4156.5  0.7811314463615417
4159.1  0.8111159801483154
4161.7  0.8729273676872253
4164.3  0.9482241868972778
4166.9  1.000892519950867
4169.5  1.009087443351746
4172.1  0.9829972386360168
4174.7  0.9501891732215881
4177.3  0.9283738732337951
4179.9  0.9148329496383666
4182.5  0.897425353527069
4185.1  0.8708582520484924
4187.7  0.8435463905334472
4190.3  0.8317815065383911
4192.9  0.8461289405822753
4195.5  0.8798524737358093
4198.1  0.9116764664649963
4200.7  0.9245340824127197
4203.3  0.9221699237823486
4205.9  0.921993613243103
4208.5  0.9316298365592956
4211.1  0.9408695101737976
4213.7  0.9380143284797668
4216.3  0.921463668346405
4218.9  0.8910518288612365
4221.5  0.8439185619354248
4224.1  0.7883089780807495
4226.7  0.7479509115219116
4229.3  0.7409071922302246
4231.9  0.7627830505371093
4234.5  0.799547255039215
4237.1  0.8477838635444641
4239.7  0.9093238711357116
4242.3  0.9699211716651916
4244.9  0.998788297176361
4247.5  0.9750574827194213
4250.1  0.9080168604850769
4252.7  0.8291919231414794
4255.3  0.770658791065216
4257.9  0.7500836849212646
4260.5  0.7659978866577148
4263.1  0.8005461692810058
4265.7  0.8317338228225708
4268.3  0.8505124449729919
4270.9  0.8644420504570007
4273.5  0.882167100906372
4276.1  0.8988481163978576
4278.7  0.8997749090194702
4281.3  0.8740419149398803
4283.9  0.8224198818206787
4286.5  0.7551539540290832
4289.1  0.6837439537048339
4291.7  0.6141831278800964
4294.3  0.5499106049537658
4296.9  0.4996450543403626
4299.5  0.4755062460899353
4302.1  0.4810894131660461
4304.7  0.5056034922599792
4307.3  0.5345036387443542
4309.9  0.5670103430747985
4312.5  0.6187420487403869
4315.1  0.7000897526741027
4317.7  0.7925155758857727
4320.3  0.8573918342590332
4322.9  0.8742737770080566
4325.5  0.862301766872406
4328.1  0.8574640750885009
4330.7  0.8753701448440551
4333.3  0.9031179547309875
4335.9  0.9225190877914428
4338.5  0.9331139326095581
4341.1  0.9500038623809814
4343.7  0.9824413657188415
4346.3  1.019949436187744
4348.9  1.04189658164978
4351.5  1.037980794906616
4354.1  1.016719818115234
4356.7  0.9949882626533508
4359.3  0.9826214909553527
4361.9  0.9794153571128845
4364.5  0.982691466808319
4367.1  0.9885720014572143
4369.7  0.9858565330505371
4372.3  0.9589525461196899
4374.9  0.9008304476737976
4377.5  0.8200480937957763
4380.1  0.7377391457557678
4382.7  0.6820569038391113
4385.3  0.6777228116989135
4387.9  0.7269147038459777
4390.5  0.7979447841644287
4393.1  0.8417526483535766
4395.7  0.8271457552909851
4398.3  0.76334148645401
4400.9  0.6910206675529479
4403.5  0.6526691913604736
4406.1  0.6680713295936584
4408.7  0.7301701307296752
4411.3  0.8161025047302246
4413.9  0.9019380807876586
4416.5  0.9736573696136474
4419.1  1.028839945793152
4421.7  1.068667650222778
4424.3  1.089689612388611
4426.9  1.084286093711853
4429.5  1.049337267875671
4432.1  0.9950127005577087
4434.7  0.9451473355293273
4437.3  0.9246795177459716
4439.9  0.9418945908546447
4442.5  0.982811152935028
4445.1  1.02228057384491
4447.7  1.038948655128479
4450.3  1.023216485977173
4452.9  0.9795441031455993
4455.5  0.9264259934425354
4458.1  0.8915591239929199
4460.7  0.8977102637290954
4463.3  0.9449462294578552
4465.9  1.006156921386719
4468.5  1.045220255851746
4471.1  1.043705105781555
4473.7  1.0124351978302
4476.3  0.9798293709754943
4478.9  0.9686982035636901
4481.5  0.9820336103439331
4484.1  1.007125854492188
4486.7  1.028636693954468
4489.3  1.03869354724884
4491.9  1.040156602859497
4494.5  1.042841911315918
4497.1  1.054165959358215
4499.7  1.071415066719055
4502.3  1.083469271659851
4504.9  1.080815434455872
4507.5  1.062281370162964
4510.1  1.031308650970459
4512.7  0.9885220527648925
4515.3  0.9346207380294799
4517.9  0.8813284635543823
4520.5  0.8504384160041809
4523.1  0.8545837998390197
4525.7  0.8807243704795837
4528.3  0.8999276757240295
4530.9  0.8982301950454711
4533.5  0.8938585519790649
4536.1  0.916248083114624
4538.7  0.9674515128135681
4541.3  1.012924313545227
4543.9  1.014749646186829
4546.5  0.9702757596969604
4549.1  0.915626049041748
4551.7  0.8945242166519165
4554.3  0.9243456125259399
4556.9  0.9863228201866149
4559.5  1.041924595832825
4562.1  1.060715317726135
4564.7  1.038947701454163
4567.3  0.9969027638435363
4569.9  0.9618704915046691
4572.5  0.9528328776359558
4575.1  0.9745726585388183
4577.7  1.01854419708252
4580.3  1.067785620689392
4582.9  1.105405330657959
4585.5  1.120449304580689
4588.1  1.106040477752686
4590.7  1.055402517318726
4593.3  0.9679238200187683
4595.9  0.8637658357620239
4598.5  0.7855213284492492
4601.1  0.7716754674911499
4603.7  0.8234317302703857
4606.3  0.9041337370872497
4608.9  0.9749910235404968
4611.5  1.024916410446167
4614.1  1.063296437263489
4616.7  1.094872951507568
4619.3  1.110552906990051
4621.9  1.098545432090759
4624.5  1.059244155883789
4627.1  1.010158061981201
4629.7  0.9751437306404113
4632.3  0.9658896923065185
4634.9  0.9765296578407287
4637.5  0.9959552884101867
4640.1  1.017862439155579
4642.7  1.038821697235108
4645.3  1.056450724601746
4647.9  1.071714401245117
4650.5  1.086954951286316
4653.1  1.100003480911255
4655.7  1.103492259979248
4658.3  1.091400504112244
4660.9  1.066238522529602
4663.5  1.039873957633972
4666.1  1.025712251663208
4668.7  1.027768850326538
4671.3  1.037380933761597
4673.9  1.042508244514465
4676.5  1.040966033935547
4679.1  1.042149662971497
4681.7  1.054571390151978
4684.3  1.07491934299469
4686.9  1.091245889663696
4689.5  1.094053387641907
4692.1  1.082521915435791
4694.7  1.062646508216858
4697.3  1.041021704673767
4699.9  1.019628763198853
4702.5  0.9975356459617614
4705.1  0.978684663772583
4707.7  0.974020779132843
4710.3  0.9914895296096801
4712.9  1.02645742893219
4715.5  1.065021872520447
4718.1  1.093364119529724
4720.7  1.101816058158875
4723.3  1.086368322372437
4725.9  1.053349375724793
4728.5  1.020999670028687
4731.1  1.009051322937012
4733.7  1.023288369178772
4736.3  1.052611470222473
4738.9  1.081209778785706
4741.5  1.10023307800293
4744.1  1.107198357582092
4746.7  1.100215554237366
4749.3  1.078980088233948
4751.9  1.05092191696167
4754.5  1.029716849327087
4757.1  1.0236896276474
4759.7  1.028483510017395
4762.3  1.033833026885986
4764.9  1.035075664520264
4767.5  1.036035418510437
4770.1  1.043319702148438
4772.7  1.059587240219116
4775.3  1.080810427665711
4777.9  1.099001049995422
4780.5  1.108195662498474
4783.1  1.108434557914734
4785.7  1.104753732681274
4788.3  1.103118538856506
4790.9  1.106147050857544
4793.5  1.111540794372559
4796.1  1.115194916725159
4798.7  1.115810871124268
4801.3  1.114599585533142
4803.9  1.111354947090149
4806.5  1.104821085929871
4809.1  1.097249865531921
4811.7  1.094395875930786
4814.3  1.099426507949829
4816.9  1.109448194503784
4819.5  1.118716835975647
4822.1  1.123370766639709
4824.7  1.123146414756775
4827.3  1.120395541191101
4829.9  1.117790699005127
4832.5  1.116238951683044
4835.1  1.114796996116638
4837.7  1.112496852874756
4840.3  1.109668970108032
4842.9  1.107040166854858
4845.5  1.103376865386963
4848.1  1.094282031059265
4850.7  1.074616551399231
4853.3  1.044365882873535
4855.9  1.012240648269653
4858.5  0.9905855655670166
4861.1  0.9837259650230407
4863.7  0.9819918870925903
4866.3  0.970295250415802
4868.9  0.9442137479782104
4871.5  0.9141600728034973
4874.1  0.891719102859497
4876.7  0.8780021667480468
4879.3  0.8708235621452331
4881.9  0.875055968761444
4884.5  0.8957404494285583
4887.1  0.9267755150794982
4889.7  0.9568371176719665
4892.3  0.9826478362083435
4894.9  1.008279800415039
4897.5  1.034539222717285
4900.1  1.05588960647583
4902.7  1.066662788391113
4905.3  1.065731525421143
4907.9  1.054352521896362
4910.5  1.030501008033753
4913.1  0.9871218800544738
4915.7  0.9218056797981262
4918.3  0.8503077626228332
4920.9  0.8028910756111145
4923.5  0.8002683520317077
4926.1  0.8369386196136474
4928.7  0.889363408088684
4931.3  0.9332209825515747
4933.9  0.9544000029563903
4936.5  0.9552021026611328
4939.1  0.9521862864494323
4941.7  0.9610059857368469
4944.3  0.9826831221580505
4946.9  1.005962491035461
4949.5  1.018806219100952
4952.1  1.016566395759583
4954.7  1.004133820533752
4957.3  0.9909442663192749
4959.9  0.9805808067321777
4962.5  0.9678467512130737
4965.1  0.9495642185211181
4967.7  0.9338445663452148
4970.3  0.9314978718757629
4972.9  0.9396008849143981
4975.5  0.9404675364494323
4978.1  0.9194442629814147
4980.7  0.8813755512237548
4983.3  0.8493577241897583
4985.9  0.8474647998809814
4988.5  0.881076157093048
4991.1  0.9325753450393676
4993.7  0.9757124781608581
4996.3  0.9916858077049255
4998.9  0.9759114384651184
5001.5  0.9396969079971313
5004.1  0.9054856300354003
5006.7  0.8911208510398864
5009.3  0.8968189358711242
5011.9  0.9105458259582519
5014.5  0.9217981100082397
5017.1  0.9245167970657348
5019.7  0.9141738414764404
5022.3  0.8926512002944946
5024.9  0.8741875290870666
5027.5  0.8779025077819824
5030.1  0.9107933640480041
5032.7  0.960275113582611
5035.3  1.004769563674927
5037.9  1.029386401176453
5040.5  1.031603336334229
5043.1  1.017784237861633
5045.7  0.9985744357109069
5048.3  0.9851974844932556
5050.9  0.9850056171417236
5053.5  0.9968624711036682
5056.1  1.010152339935303
5058.7  1.00945258140564
5061.3  0.984713852405548
5063.9  0.9409734010696411
5066.5  0.8979430198669433
5069.1  0.8755521774291992
5071.7  0.877284288406372
5074.3  0.8909478783607482
5076.9  0.9063206315040588
5079.5  0.9246744513511657
5082.1  0.9488111734390258
5084.7  0.9729365110397338
5087.3  0.9873076677322387
5089.9  0.9862880110740661
5092.5  0.9686064720153808
5095.1  0.9360250830650329
5097.7  0.8958515524864196
5100.3  0.8585531711578369
5102.9  0.8287794589996337
5105.5  0.8054640293121337
5108.1  0.794521152973175
5110.7  0.8104317188262939
5113.3  0.8572885394096374
5115.9  0.9166505932807922
5118.5  0.9614515900611877
5121.1  0.9773781299591064
5123.7  0.9668031930923461
5126.3  0.9384024739265441
5128.9  0.9012307524681091
5131.5  0.8684421777725219
5134.1  0.8572621345520019
5136.7  0.876229703426361
5139.3  0.9135745763778686
5141.9  0.9430169463157653
5144.5  0.942013144493103
5147.1  0.9062703847885131
5149.7  0.8517460227012634
5152.3  0.8013733625411987
5154.9  0.7643570303916931
5157.5  0.7294389605522155
5160.1  0.682056188583374
5162.7  0.6235681772232055
5165.3  0.5703004002571105
5167.9  0.5403974056243896
5170.5  0.5445567369461059
5173.1  0.5808327198028564
5175.7  0.6319175362586975
5178.3  0.674574077129364
5180.9  0.7007001042366027
5183.5  0.7242471575736999
5186.1  0.7597224116325378
5188.7  0.7988973259925842
5191.3  0.8183634281158447
5193.9  0.8085365295410156
5196.5  0.787163496017456
5199.1  0.7810423374176025
5201.7  0.7999106645584106
5204.3  0.8342388868331909
5206.9  0.8743254542350769
5209.5  0.9198018312454223
5212.1  0.9694516062736511
5214.7  1.012088418006897
5217.3  1.030931234359741
5219.9  1.012423276901245
5222.5  0.9536624550819396
5225.1  0.8705106973648071
5227.7  0.7984313368797302
5230.3  0.7741617560386657
5232.9  0.8093660473823547
5235.5  0.8830459117889404
5238.1  0.9596290588378906
5240.7  1.011612892150879
5243.3  1.028504490852356
5245.9  1.015229225158691
5248.5  0.9889224171638488
5251.1  0.971316635608673
5253.7  0.9731801748275756
5256.3  0.9836056232452392
5258.9  0.979341447353363
5261.5  0.9478498101234436
5264.1  0.901607871055603
5266.7  0.8695345520973205
5269.3  0.8727768659591674
5271.9  0.906638741493225
5274.5  0.9457734823226928
5277.1  0.9673914909362792
5279.7  0.9700373411178588
5282.3  0.9707198143005371
5284.9  0.9854533076286315
5287.5  1.014165759086609
5290.1  1.043764710426331
5292.7  1.062014818191528
5295.3  1.066638708114624
5297.9  1.063908457756043
5300.5  1.061533093452454
5303.1  1.062865018844605
5305.7  1.066156387329102
5308.3  1.067719221115112
5310.9  1.064836382865906
5313.5  1.055558681488037
5316.1  1.03700852394104
5318.7  1.005889534950256
5321.3  0.9632726311683654
5323.9  0.9202727675437927
5326.5  0.8961046934127807
5329.1  0.9048089385032653
5331.7  0.9422528743743896
5334.3  0.9886960387229919
5336.9  1.023977041244507
5339.5  1.037597179412842
5342.1  1.027756571769714
5344.7  0.9997444152832031
5347.3  0.9682709574699401
5349.9  0.9535296559333801
5352.5  0.9664485454559326
5355.1  0.9980652332305908
5357.7  1.027125835418701
5360.3  1.037333130836487
5362.9  1.026984930038452
5365.5  1.00685727596283
5368.1  0.9916096925735473
5370.7  0.9892719388008117
5373.3  0.9939316511154174
5375.9  0.9896936416625976
5378.5  0.9668244123458862
5381.1  0.9353929758071899
5383.7  0.9188393354415893
5386.3  0.9312404990196228
5388.9  0.9636761546134948
5391.5  0.9937363862991333
5394.1  1.002566337585449
5396.7  0.9819456338882446
5399.3  0.9355954527854919
5401.9  0.882197082042694
5404.5  0.8507429361343383
5407.1  0.8607059717178344
5409.7  0.9054359793663024
5412.3  0.9602476954460144
5414.9  1.004587531089783
5417.5  1.032473921775818
5420.1  1.045981645584107
5422.7  1.046892881393433
5425.3  1.036845922470093
5427.9  1.02189826965332
5430.5  1.012137889862061
5433.1  1.014548778533936
5435.7  1.026990294456482
5438.3  1.040632843971252
5440.9  1.047494888305664
5443.5  1.045386791229248
5446.1  1.037595510482788
5448.7  1.029345989227295
5451.3  1.02409553527832
5453.9  1.022110104560852
5456.5  1.021381974220276
5459.1  1.019417285919189
5461.7  1.014918327331543
5464.3  1.00798237323761
5466.9  0.9964134693145751
5469.5  0.9733880162239074
5472.1  0.9357951283454895
5474.7  0.8970045447349548
5477.3  0.882432222366333
5479.9  0.9052314758300781
5482.5  0.9516028761863708
5485.1  0.9955061674118041
5487.7  1.022088050842285
5490.3  1.032592654228211
5492.9  1.033827781677246
5495.5  1.03051745891571
5498.1  1.025650501251221
5500.7  1.021758556365967
5503.3  1.019871115684509
5505.9  1.019374132156372
5508.5  1.019941210746765
5511.1  1.022635817527771
5513.7  1.027900457382202
5516.3  1.03353214263916
5518.9  1.036085486412048
5521.5  1.033859372138977
5524.1  1.028134107589722
5526.7  1.022729158401489
5529.3  1.021686434745789
5531.9  1.025174617767334
5534.5  1.028565883636475
5537.1  1.027817845344543
5539.7  1.023698925971985
5542.3  1.018211364746094
5544.9  1.008819699287415
5547.5  0.9891641736030578
5550.1  0.9562084674835205
5552.7  0.9162123203277587
5555.3  0.882242202758789
5557.9  0.8645578622817993
5560.5  0.8649238944053649
5563.1  0.8786242008209228
5565.7  0.8967565298080444
5568.3  0.9096022248268127
5570.9  0.9158103466033935
5573.5  0.92520272731781
5576.1  0.9446814656257629
5578.7  0.9639505147933959
5581.3  0.9628551602363586
5583.9  0.934236466884613
5586.5  0.8965881466865539
5589.1  0.8809317350387573
5591.7  0.9030012488365173
5594.3  0.9502281546592712
5596.9  0.9970542788505554
5599.5  1.02774178981781
5602.1  1.042166471481323
5604.7  1.046180844306946
5607.3  1.04312539100647
5609.9  1.03410530090332
5612.5  1.02227258682251
5615.1  1.013425230979919
5617.7  1.011198043823242
5620.3  1.012996435165405
5622.9  1.013384461402893
5625.5  1.011325478553772
5628.1  1.011396050453186
5630.7  1.017243623733521
5633.3  1.026742219924927
5635.9  1.034944891929626
5638.5  1.039077043533325
5641.1  1.039129972457886
5643.7  1.035838961601257
5646.3  1.029586434364319
5648.9  1.019177913665772
5651.5  1.001051306724548
5654.1  0.9732720255851745
5656.7  0.9424761533737182
5659.3  0.922946274280548
5661.9  0.9248596429824829
5664.5  0.945433497428894
5667.1  0.9735671281814575
5669.7  0.9998257756233215
5672.3  1.020043611526489
5674.9  1.033150911331177
5677.5  1.039488077163696
5680.1  1.041098713874817
5682.7  1.041364789009094
5685.3  1.042776346206665
5687.9  1.045221447944641
5690.5  1.046616077423096
5693.1  1.044819116592407
5695.7  1.038843989372253
5698.3  1.02888822555542
5700.9  1.015684485435486
5703.5  1.000510811805725
5706.1  0.9867109060287475
5708.7  0.9801052212715148
5711.3  0.9851749539375305
5713.9  1.000298142433167
5716.5  1.018377780914307
5719.1  1.032143712043762
5721.7  1.037584662437439
5724.3  1.033500671386719
5726.9  1.021103978157043
5729.5  1.005060434341431
5732.1  0.9922915697097778
5734.7  0.9875489473342895
5737.3  0.9911007285118103
5739.9  1.000935554504395
5742.5  1.014688014984131
5745.1  1.028877019882202
5747.7  1.038782596588135
5750.3  1.039959907531738
5752.9  1.029069542884827
5755.5  1.004140734672546
5758.1  0.9654188156127929
5760.7  0.9131722450256347
5763.3  0.8402352333068847
5765.9  0.7302408218383789
5768.5  0.57420015335083
5771.1  0.3912884593009949
5773.7  0.2233923673629761
5776.3  0.1043880134820938
5778.9  0.0393197238445282
5781.5  0.01181720849126577
5784.1  0.002811956917867065
5786.7  5.246602231636643E-4
5789.3  6.960890459595248E-5
5791.9  0.
5794.5  0.
5797.1  0.
5799.7  0.
5802.3  0.
5804.9  0.
5807.5  0.
5810.1  0.
5812.7  0.
5815.3  0.
5817.9  0.
5820.5  7.118943176465108E-5
5823.1  5.355462781153619E-4
5825.7  0.002892510965466499
5828.3  0.01221253909170628
5830.9  0.04090907052159309
5833.5  0.1097077205777168
5836.1  0.2381212264299393
5838.7  0.4246843457221985
5841.3  0.6355701088905334
5843.9  0.8208739757537841
5846.5  0.9471577405929565
5849.1  1.013460278511047
5851.7  1.039685130119324
5854.3  1.046708703041077
5856.9  1.046767592430115
5859.5  1.044670343399048
5862.1  1.042247891426087
5864.7  1.040884852409363
5867.3  1.041366696357727
5869.9  1.042855262756348
5872.5  1.043154120445251
5875.1  1.039553880691528
5877.7  1.02846086025238
5880.3  1.003556609153748
5882.9  0.9560180306434631
5885.5  0.8814833164215087
5888.1  0.7916327714920043
5890.7  0.7173126935958862
5893.3  0.6922220587730407
5895.9  0.7276092171669006
5898.5  0.8034833073616027
5901.1  0.8855535984039306
5903.7  0.9486278295516967
5906.3  0.9840230345726013
5908.9  0.9927137494087219
5911.5  0.9808882474899291
5914.1  0.9620012044906616
5916.7  0.9536618590354919
5919.3  0.9653980135917663
5921.9  0.9909252524375915
5924.5  1.015524864196777
5927.1  1.029274702072144
5929.7  1.032163023948669
5932.3  1.030030846595764
5934.9  1.028416633605957
5937.5  1.028647422790527
5940.1  1.027395725250244
5942.7  1.019284129142761
5945.3  1.001089811325073
5947.9  0.9757207036018371
5950.5  0.9534634947776794
5953.1  0.9467161297798156
5955.7  0.9599225521087646
5958.3  0.9851360321044921
5960.9  1.009383320808411
5963.5  1.025179505348206
5966.1  1.032934904098511
5968.7  1.036048173904419
5971.3  1.036585927009583
5973.9  1.035044670104981
5976.5  1.031882047653198
5979.1  1.028095960617066
5981.7  1.024865627288818
5984.3  1.023084163665771
5986.9  1.023104190826416
5989.5  1.024531126022339
5992.1  1.026199221611023
5994.7  1.026382207870484
5997.3  1.022956967353821
5999.9  1.014035224914551
6002.5  1.000030875205994
6005.1  0.985708475112915
6007.7  0.978139042854309
6010.3  0.9801980257034301
6012.9  0.987075388431549
6015.5  0.9915003180503845
6018.1  0.9918094873428344
6020.7  0.9927091002464294
6023.3  0.9984679818153381
6025.9  1.007906436920166
6028.5  1.016699314117432
6031.1  1.022231698036194
6033.7  1.024727582931519
6036.3  1.025320172309876
6038.9  1.024659514427185
6041.5  1.02286434173584
6044.1  1.019586682319641
6046.7  1.014246940612793
6049.3  1.007121801376343
6051.9  1.00037145614624
6054.5  0.9972456693649291
6057.1  0.9994755983352661
6059.7  1.005677938461304
6062.3  1.012758255004883
6064.9  1.018455982208252
6067.5  1.021879076957703
6070.1  1.021677255630493
6072.7  1.014023661613464
6075.3  0.992928147315979
6077.9  0.9549925923347473
6080.5  0.907158613204956
6083.1  0.8686099648475646
6085.7  0.8588358163833618
6088.3  0.8805792331695556
6090.9  0.9174923300743103
6093.5  0.9498140215873718
6096.1  0.9694160819053649
6098.7  0.9800701737403869
6101.3  0.988397479057312
6103.9  0.9973706603050231
6106.5  1.006122589111328
6109.1  1.012536287307739
6111.7  1.015030980110168
6114.3  1.013116359710693
6116.9  1.007803678512573
6119.5  1.00191867351532
6122.1  0.9989022016525268
6124.7  1.000153183937073
6127.3  1.003597259521484
6129.9  1.005250334739685
6132.5  1.001968383789063
6135.1  0.9929199814796447
6137.7  0.9796711206436157
6140.3  0.9658198952674865
6142.9  0.9562867879867553
6145.5  0.9552183151245117
6148.1  0.9626851081848144
6150.7  0.9729821681976318
6153.3  0.977464735507965
6155.9  0.9712615609169006
6158.5  0.9586517214775085
6161.1  0.9507215619087219
6163.7  0.9557066559791564
6166.3  0.9720083475112915
6168.9  0.9914798140525817
6171.5  1.007402777671814
6174.1  1.017499566078186
6176.7  1.02142858505249
6179.3  1.018651962280273
6181.9  1.009578227996826
6184.5  0.9976912140846252
6187.1  0.9889463782310485
6189.7  0.9880334734916687
6192.3  0.9952843189239501
6194.9  1.007286190986633
6197.5  1.019663095474243
6200.1  1.029124617576599
6202.7  1.033939003944397
6205.3  1.033084034919739
6207.9  1.025404453277588
6210.5  1.010501503944397
6213.1  0.9910796880722045
6215.7  0.9732977151870727
6218.3  0.9629252552986145
6220.9  0.9600238800048828
6223.5  0.9579373598098754
6226.1  0.9498121738433837
6228.7  0.9376033544540405
6231.3  0.9318776130676269
6233.9  0.9394735693931579
6236.5  0.9537132978439331
6239.1  0.9603435397148132
6241.7  0.9514554142951965
6244.3  0.9301329851150512
6246.9  0.9030326604843139
6249.5  0.8745260834693908
6252.1  0.8512421250343322
6254.7  0.8460885286331176
6257.3  0.8686909079551696
6259.9  0.9129784107208251
6262.5  0.9606483578681945
6265.1  0.996166706085205
6267.7  1.014596819877625
6270.3  1.017836689949036
6272.9  1.009204149246216
6275.5  0.9930523037910461
6278.1  0.9766622185707092
6280.7  0.9684079885482788
6283.3  0.9716829657554626
6285.9  0.9809328317642211
6288.5  0.9857454299926757
6291.1  0.9800532460212707
6293.7  0.9676179885864257
6296.3  0.95814710855484
6298.9  0.957771897315979
6301.5  0.9635869860649108
6304.1  0.9672791957855224
6306.7  0.9631837010383605
6309.3  0.9529986977577209
6311.9  0.9436690211296081
6314.5  0.9411985874176025
6317.1  0.9470712542533874
6319.7  0.959706425666809
6322.3  0.9763268828392028
6324.9  0.9929331541061401
6327.5  1.005284190177918
6330.1  1.011338353157043
6332.7  1.011956453323364
6335.3  1.009247899055481
6337.9  1.004893779754639
6340.5  0.999932050704956
6343.1  0.9953126907348632
6345.7  0.9920547008514404
6348.3  0.9906615614891052
6350.9  0.9902902841567993
6353.5  0.9888136982917785
6356.1  0.9846071004867553
6358.7  0.9789351224899291
6361.3  0.9757331013679504
6363.9  0.9779323935508728
6366.5  0.9844730496406555
6369.1  0.9917351603507995
6371.7  0.9971190094947814
6374.3  1.000401377677918
6376.9  1.002586245536804
6379.5  1.00464391708374
6382.1  1.006993532180786
6384.7  1.008985877037048
6387.3  1.008474707603455
6389.9  1.002057552337647
6392.5  0.986722707748413
6395.1  0.9634580612182617
6397.7  0.9402691721916198
6400.3  0.9288269281387329
6402.9  0.9348769783973693
6405.5  0.9530490040779113
6408.1  0.9727958440780639
6410.7  0.9873280525207519
6413.3  0.9957453608512878
6415.9  0.9997986555099487
6418.5  1.001074075698853
6421.1  1.000073075294495
6423.7  0.9962446093559265
6426.3  0.988856017589569
6428.9  0.9781585931777954
6431.5  0.9655187129974365
6434.1  0.9530341625213623
6436.7  0.9439682364463806
6439.3  0.9421586394309997
6441.9  0.9484802484512329
6444.5  0.9588086605072021
6447.1  0.9678627848625183
6449.7  0.9739654064178466
6452.3  0.9781649708747863
6454.9  0.9806762337684631
6457.5  0.9808577299118041
6460.1  0.9798312187194824
6462.7  0.9806011319160461
6465.3  0.9850177764892578
6467.9  0.9917633533477783
6470.5  0.9978050589561462
6473.1  1.001199126243591
6475.7  1.002149343490601
6478.3  1.001965999603272
6480.9  1.001441717147827
6483.5  1.000113606452942
6486.1  0.9968791604042053
6488.7  0.991408884525299
6491.3  0.9850983023643493
6493.9  0.980417251586914
6496.5  0.9791303277015686
6499.1  0.9812463521957397
6501.7  0.9855406284332275
6504.3  0.9904800653457641
6506.9  0.9946605563163757
6509.5  0.9971022605895996
6512.1  0.9975152015686035
6514.7  0.9961593747138977
6517.3  0.993339717388153
6519.9  0.9891564846038818
6522.5  0.9840947985649108
6525.1  0.9799880385398864
6527.7  0.9795829057693481
6530.3  0.9841576814651489
6532.9  0.9918723106384277
6535.5  0.9991852045059204
6538.1  1.003562927246094
6540.7  1.004545569419861
6543.3  1.002951979637146
6545.9  0.9996110200881958
6548.5  0.9944884777069091
6551.1  0.9865797758102416
6553.7  0.9746617674827575
6556.3  0.9587486386299133
6558.9  0.9416366219520568
6561.5  0.9290920495986938
6564.1  0.9269880056381225
6566.7  0.9367657303810119
6569.3  0.9539610147476196
6571.9  0.9717829227447509
6574.5  0.9856859445571899
6577.1  0.9946176409721374
6579.7  0.9995295405387878
6582.3  1.001847267150879
6584.9  1.002773642539978
6587.5  1.002877473831177
6590.1  1.002102613449097
6592.7  1.000630021095276
6595.3  0.9997678399085998
6597.9  1.001355886459351
6600.5  1.005873084068298
6603.1  1.011679768562317
6605.7  1.016601085662842
6608.3  1.019785284996033
6610.9  1.021665811538696
6613.5  1.022780299186707
6616.1  1.023229241371155
6618.7  1.022832751274109
6621.3  1.021104454994202
6623.9  1.016926050186157
6626.5  1.008975982666016
6629.1  0.997642159461975
6631.7  0.9868295192718505
6634.3  0.9822810292243957
6636.9  0.98646080493927
6639.5  0.9957705736160278
6642.1  1.004122495651245
6644.7  1.00857150554657
6647.3  1.010515928268433
6649.9  1.012372374534607
6652.5  1.014562606811524
6655.1  1.01577889919281
6657.7  1.015059113502503
6660.3  1.012852430343628
6662.9  1.010021924972534
6665.5  1.005978345870972
6668.1  0.9972880482673645
6670.7  0.9788725972175598
6673.3  0.9500311017036437
6675.9  0.9211642146110534
6678.5  0.9100219011306762
6681.1  0.9260300397872924
6683.7  0.9602548480033874
6686.3  0.9940258264541625
6688.9  1.014672040939331
6691.5  1.021206378936768
6694.1  1.019635438919067
6696.7  1.016718745231628
6699.3  1.016310095787048
6701.9  1.018471598625183
6704.5  1.021023154258728
6707.1  1.022067070007324
6709.7  1.021222710609436
6712.3  1.019311308860779
6714.9  1.017470240592957
6717.5  1.016631841659546
6720.1  1.01732611656189
6722.7  1.019405484199524
6725.3  1.021921992301941
6727.9  1.023465394973755
6730.5  1.02267849445343
6733.1  1.018447875976563
6735.7  1.010221600532532
6738.3  0.9990656971931457
6740.9  0.9885779619216918
6743.5  0.9834793210029602
6746.1  0.9859674572944641
6748.7  0.9938070178031921
6751.3  1.002768397331238
6753.9  1.010186553001404
6756.5  1.015438318252564
6759.1  1.018341898918152
6761.7  1.018754601478577
6764.3  1.017425417900086
6766.9  1.015971183776856
6769.5  1.015610337257385
6772.1  1.016330003738403
6774.7  1.017287373542786
6777.3  1.017653822898865
6779.9  1.017077684402466
6782.5  1.015854954719544
6785.1  1.014770150184631
6787.7  1.014480948448181
6790.3  1.014942884445191
6792.9  1.01552951335907
6795.5  1.015668630599976
6798.1  1.015253067016602
6800.7  1.014520883560181
6803.3  1.0137619972229
6805.9  1.013240218162537
6808.5  1.013286590576172
6811.1  1.014205813407898
6813.7  1.015888333320618
6816.3  1.017598867416382
6818.9  1.018366575241089
6821.5  1.017666816711426
6824.1  1.015699982643128
6826.7  1.013088226318359
6829.3  1.010414958000183
6831.9  1.008002877235413
6834.5  1.006014466285706
6837.1  1.004686117172241
6839.7  1.004227161407471
6842.3  1.004284024238586
6844.9  1.003501176834107
6847.5  1.000010371208191
6850.1  0.9930670261383056
6852.7  0.9845225811004638
6855.3  0.9779132604598999
6857.9  0.9750088453292846
6860.5  0.9734589457511901
6863.1  0.9688602089881896
6865.7  0.9591981768608093
6868.3  0.9467920660972595
6870.9  0.9363980293273925
6873.5  0.9322731494903564
6876.1  0.936215341091156
6878.7  0.9464011192321777
6881.3  0.9580307602882385
6883.9  0.966819941997528
6886.5  0.9721916913986206
6889.1  0.9763635396957397
6891.7  0.9807962179183959
6894.3  0.984476089477539
6896.9  0.9852083921432495
6899.5  0.9813242554664611
6902.1  0.9724166393280029
6904.7  0.9596240520477294
6907.3  0.945751130580902
6909.9  0.9349395632743835
6912.5  0.9316439628601074
6915.1  0.9385772943496704
6917.7  0.9543058276176452
6920.3  0.9731892943382263
6922.9  0.9889664649963378
6925.5  0.998528242111206
6928.1  1.002241492271423
6930.7  1.002051949501038
6933.3  1.000213980674744
6935.9  0.9987438917160034
6938.5  0.9986241459846496
6941.1  0.9991615414619445
6943.7  0.9985540509223937
6946.3  0.9952665567398071
6948.9  0.9892576932907104
6951.5  0.9824059605598449
6954.1  0.9777638912200927
6956.7  0.9775816202163696
6959.3  0.9814761877059936
6961.9  0.9867106676101684
6964.5  0.9904904961585998
6967.1  0.991844892501831
6969.7  0.9914360046386718
6972.3  0.9902138113975524
6974.9  0.988745093345642
6977.5  0.987686812877655
6980.1  0.9881893396377563
6982.7  0.9911299347877502
6985.3  0.9959726333618164
6987.9  1.000834465026856
6990.5  1.003821015357971
6993.1  1.004184484481812
6995.7  1.002232551574707
6998.3  0.9984745383262634
7000.9  0.992970585823059
7003.5  0.9851943850517272
7006.1  0.9737041592597961
7008.7  0.9564558863639831
7011.3  0.9340210556983947
7013.9  0.9136604666709899
7016.5  0.9066730737686157
7019.1  0.9179376363754272
7021.7  0.9399133324623107
7024.3  0.9599375128746032
7026.9  0.9715970158576965
7029.5  0.9768810272216796
7032.1  0.9799414873123168
7034.7  0.9819709062576293
7037.3  0.9815719723701477
7039.9  0.977959394454956
7042.5  0.9729907512664794
7045.1  0.9701935648918151
7047.7  0.9716894626617431
7050.3  0.9764609336853027
7052.9  0.9816963076591491
7055.5  0.9852365255355834
7058.1  0.9866556525230407
7060.7  0.9868824481964111
7063.3  0.9872801899909973
7065.9  0.9888491630554199
7068.5  0.9919027090072631
7071.1  0.9959914088249206
7073.7  0.9999589323997497
7076.3  1.002447366714478
7078.9  1.002729654312134
7081.5  1.001168608665466
7084.1  0.9989474415779113
7086.7  0.9972755312919616
7089.3  0.9965686202049255
7091.9  0.9962087869644165
7094.5  0.995134949684143
7097.1  0.9926900267601013
7099.7  0.9888774752616882
7102.3  0.9837244749069213
7104.9  0.9766902327537536
7107.5  0.9674530029296875
7110.1  0.9574841260910034
7112.7  0.9498438239097595
7115.3  0.9467578530311584
7117.9  0.9480594396591186
7120.5  0.9519296884536743
7123.1  0.9554699063301086
7125.7  0.9549441337585449
7128.3  0.9485906958580017
7130.9  0.9404050707817077
7133.5  0.9384052157402038
7136.1  0.9468400478363037
7138.7  0.9613949060440063
7141.3  0.9737566113471984
7143.9  0.9795877337455749
7146.5  0.9808384180068969
7149.1  0.9816972017288208
7151.7  0.9838457107543945
7154.3  0.9852911233901977
7156.9  0.9829217195510864
7159.5  0.9761325716972351
7162.1  0.9681699872016906
7164.7  0.9634159803390502
7167.3  0.962606132030487
7169.9  0.9613754749298095
7172.5  0.9550437331199645
7175.1  0.9446901082992553
7177.7  0.9365301132202148
7180.3  0.9347572922706604
7182.9  0.937403380870819
7185.5  0.940509021282196
7188.1  0.9435789585113525
7190.7  0.9485706686973571
7193.3  0.9555867314338684
7195.9  0.9621647596359252
7198.5  0.9661316871643066
7201.1  0.9672338962554931
7203.7  0.9658769965171813
7206.3  0.9612976312637329
7208.9  0.9519108533859252
7211.5  0.938322901725769
7214.1  0.9259800910949707
7216.7  0.9228597283363342
7219.3  0.9323929548263549
7221.9  0.9495685696601867
7224.5  0.9655463695526123
7227.1  0.9750937819480895
7229.7  0.9783505797386169
7232.3  0.9769372344017028
7234.9  0.9700076580047607
7237.5  0.9546349644660949
7240.1  0.9308891296386718
7242.7  0.9065449237823486
7245.3  0.89380544424057
7247.9  0.8984917402267456
7250.5  0.9142749905586242
7253.1  0.9297488927841186
7255.7  0.9390649795532226
7258.3  0.9438768625259399
7260.9  0.9478273391723632
7263.5  0.9525550007820129
7266.1  0.9581118822097778
7268.7  0.9639018774032592
7271.3  0.9682688117027282
7273.9  0.968981921672821
7276.5  0.9650818705558776
7279.1  0.9579080343246459
7281.7  0.9501457810401916
7284.3  0.9442579746246337
7286.9  0.9417436718940734
7289.5  0.9429922699928283
7292.1  0.947006344795227
7294.7  0.9515871405601501
7297.3  0.9550228118896484
7299.9  0.9579569101333618
7302.5  0.9626358747482299
7305.1  0.9699392914772033
7307.7  0.9780829548835754
7310.3  0.9847045540809631
7312.9  0.9893166422843933
7315.5  0.993003487586975
7318.1  0.9963530898094177
7320.7  0.9985008239746093
7323.3  0.9982311129570007
7325.9  0.9955160617828369
7328.5  0.9917436242103576
7331.1  0.9886299967765808
7333.7  0.9871010780334472
7336.3  0.9868861436843872
7338.9  0.9865991473197937
7341.5  0.9841269254684448
7344.1  0.9777812957763671
7346.7  0.9681444764137268
7349.3  0.9589836001396179
7351.9  0.9552040100097656
7354.5  0.9587852954864501
7357.1  0.9670795202255249
7359.7  0.9755917787551879
7362.3  0.9816399216651916
7364.9  0.9849728345870971
7367.5  0.9860771894454956
7370.1  0.9847540259361267
7372.7  0.9794762730598449
7375.3  0.9671947956085205
7377.9  0.9449936747550964
7380.5  0.9146413803100585
7383.1  0.8860964775085449
7385.7  0.8733587265014648
7388.3  0.8835989832878112
7390.9  0.910716950893402
7393.5  0.9408211708068847
7396.1  0.9627489447593688
7398.7  0.9726855158805847
7401.3  0.9711838364601135
7403.9  0.9593690633773803
7406.5  0.9399865865707397
7409.1  0.9210495948791503
7411.7  0.9137250185012817
7414.3  0.9229193329811096
7416.9  0.9421337246894836
7419.5  0.9606068730354309
7422.1  0.973167598247528
7424.7  0.9809475541114807
7427.3  0.9860013127326965
7429.9  0.9887792468070983
7432.5  0.9893417954444885
7435.1  0.9882906675338745
7437.7  0.986409842967987
7440.3  0.9844563007354736
7442.9  0.9831022024154663
7445.5  0.982573390007019
7448.1  0.9823578000068664
7450.7  0.9816582202911376
7453.3  0.9801286458969116
7455.9  0.9780796766281127
7458.5  0.9760794639587402
7461.1  0.9744483232498168
7463.7  0.9727756381034851
7466.3  0.969709038734436
7468.9  0.9639497399330139
7471.5  0.9563044905662536
7474.1  0.9503148794174194
7476.7  0.9495959877967834
7479.3  0.954361081123352
7481.9  0.9611448049545288
7484.5  0.9657467007637023
7487.1  0.9662064909934997
7489.7  0.9640024900436401
7492.3  0.9632900953292846
7494.9  0.967856228351593
7497.5  0.9772671461105346
7500.1  0.9865387082099914
7502.7  0.9908522963523864
7505.3  0.9902764558792114
7507.9  0.9890369176864624
7510.5  0.9906039834022521
7513.1  0.9944779872894287
7515.7  0.997573435306549
7518.3  0.9975029230117797
7520.9  0.9941592812538146
7523.5  0.9890198707580566
7526.1  0.9838694334030151
7528.7  0.9803042411804199
7531.3  0.979680061340332
7533.9  0.9824255108833312
7536.5  0.9871832728385925
7539.1  0.9914162755012512
7541.7  0.9934259057044982
7544.3  0.9935348629951477
7546.9  0.9932053685188293
7549.5  0.9934006333351135
7552.1  0.9940263628959655
7554.7  0.9945708513259887
7557.3  0.9947068095207214
7559.9  0.9942367672920227
7562.5  0.9930596947669982
7565.1  0.9915952682495117
7567.7  0.9908786416053771
7570.3  0.991701066493988
7572.9  0.9937788248062133
7575.5  0.9961110949516296
7578.1  0.9978622198104858
7580.7  0.9982761144638061
7583.3  0.9951639175415039
7585.9  0.9827250838279724
7588.5  0.9501055479049682
7591.1  0.8843858838081359
7593.7  0.7804208993911743
7596.3  0.6514042019844055
7598.9  0.5277202725410461
7601.5  0.4420698583126068
7604.1  0.4138926565647125
7606.7  0.4437260925769806
7609.3  0.514811635017395
7611.9  0.5973598957061767
7614.5  0.6566468477249145
7617.1  0.6654252409934997
7619.7  0.6167166829109191
7622.3  0.5300108790397644
7624.9  0.4432799220085144
7627.5  0.3914038240909576
7630.1  0.3878313899040222
7632.7  0.425573080778122
7635.3  0.4870208203792572
7637.9  0.5491643548011779
7640.5  0.59286630153656
7643.1  0.6189110875129699
7645.7  0.648499310016632
7648.3  0.7000288367271423
7650.9  0.7691879272460937
7653.5  0.8354101777076721
7656.1  0.8815528154373168
7658.7  0.9036310911178588
7661.3  0.9078298211097717
7663.9  0.9040767550468444
7666.5  0.9000079631805419
7669.1  0.8967083692550659
7671.7  0.891446053981781
7674.3  0.8869041800498962
7676.9  0.8933116197586059
7679.5  0.9173399209976196
7682.1  0.9524048566818237
7684.7  0.9844095706939697
7687.3  1.004431009292603
7689.9  1.013191342353821
7692.5  1.016240119934082
7695.1  1.018028497695923
7697.7  1.019688010215759
7700.3  1.020115852355957
7702.9  1.017858624458313
7705.5  1.012465119361878
7708.1  1.004883885383606
7710.7  0.9966503977775573
7713.3  0.9875977039337158
7715.9  0.9749222993850708
7718.5  0.9569787383079528
7721.1  0.9388415217399597
7723.7  0.9309441447257995
7726.3  0.9393524527549743
7728.9  0.959230363368988
7731.5  0.9799225330352783
7734.1  0.994104266166687
7736.7  1.000202775001526
7739.3  0.9992475509643554
7741.9  0.993172287940979
7744.5  0.9857900142669677
7747.1  0.9822275042533874
7749.7  0.9852981567382812
7752.3  0.9930410981178283
7754.9  1.000897526741028
7757.5  1.005897879600525
7760.1  1.008078813552857
7762.7  1.008859992027283
7765.3  1.009188055992127
7767.9  1.008921384811401
7770.5  1.006783723831177
7773.1  1.00093412399292
7775.7  0.9912093877792358
7778.3  0.9817695021629333
7780.9  0.979751169681549
7783.5  0.9889487624168395
7786.1  1.005504965782166
7788.7  1.021407246589661
7791.3  1.031225681304932
7793.9  1.034552931785584
7796.5  1.033803462982178
7799.1  1.031536936759949
7801.7  1.029285669326782
7804.3  1.027452826499939
7806.9  1.025837659835815
7809.5  1.024433732032776
7812.1  1.023640871047974
7814.7  1.023705244064331
7817.3  1.024099230766296
7819.9  1.023540258407593
7822.5  1.020275354385376
7825.1  1.012671113014221
7827.7  1.000922441482544
7830.3  0.9889266490936279
7832.9  0.9829026460647583
7835.5  0.9862277507781982
7838.1  0.9960670471191406
7840.7  1.006237268447876
7843.3  1.012634992599487
7845.9  1.015089511871338
7848.5  1.01528012752533
7851.1  1.014411687850952
7853.7  1.012765526771546
7856.3  1.010526061058044
7858.9  1.008498191833496
7861.5  1.007831811904907
7864.1  1.008919954299927
7866.7  1.010904908180237
7869.3  1.012636780738831
7871.9  1.013801455497742
7874.5  1.014651298522949
7877.1  1.015111923217773
7879.7  1.015048980712891
7882.3  1.015199780464172
7884.9  1.01675820350647
7887.5  1.019921660423279
7890.1  1.023718595504761
7892.7  1.027356624603271
7895.3  1.030906319618225
7897.9  1.034339427947998
7900.5  1.036537289619446
7903.1  1.035554766654968
7905.7  1.029645919799805
7908.3  1.0184006690979
7910.9  1.00386643409729
7913.5  0.9906225204467773
7916.1  0.9835700988769531
7918.7  0.9845205545425415
7921.3  0.9907007217407226
7923.9  0.9969537258148193
7926.5  0.999822974205017
7929.1  0.9995858669281005
7931.7  0.9985273480415344
7934.3  0.9979060292243957
7936.9  0.9968646168708801
7939.5  0.9938138127326965
7942.1  0.9887824058532714
7944.7  0.98441743850708
7947.3  0.9840888381004333
7949.9  0.9886884093284606
7952.5  0.9958573579788208
7955.1  1.002076506614685
7957.7  1.00479006767273
7960.3  1.003289461135864
7962.9  0.9991085529327392
7965.5  0.9955872893333435
7968.1  0.9959940314292907
7970.7  1.001561403274536
7973.3  1.011155605316162
7975.9  1.022484064102173
7978.5  1.033489108085632
7981.1  1.042816638946533
7983.7  1.049284100532532
7986.3  1.051295876502991
7988.9  1.046901106834412
7991.5  1.034830689430237
7994.1  1.016655683517456
7996.7  0.9983970522880554
7999.3  0.98823082447052
8001.9  0.9902465343475341
8004.5  1.000751972198486
8007.1  1.011842250823975
8009.7  1.017919421195984
8012.3  1.01831579208374
8014.9  1.015135526657105
8017.5  1.010177135467529
8020.1  1.004263043403626
8022.7  0.9989515542984008
8025.3  0.9972772598266601
8027.9  1.001291751861572
8030.5  1.00930392742157
8033.1  1.016997337341309
8035.7  1.020990610122681
8038.3  1.020704865455628
8040.9  1.017718553543091
8043.5  1.014399766921997
8046.1  1.012647867202759
8048.7  1.012889266014099
8051.3  1.014224052429199
8053.9  1.015888452529907
8056.5  1.018202304840088
8059.1  1.021746516227722
8061.7  1.026099801063538
8064.3  1.029945254325867
8066.9  1.032294511795044
8069.5  1.033287048339844
8072.1  1.033775210380554
8074.7  1.034295320510864
8077.3  1.034662127494812
8079.9  1.034635543823242
8082.5  1.03464663028717
8085.1  1.035506367683411
8087.7  1.037420272827148
8090.3  1.039623379707337
8092.9  1.0411376953125
8095.5  1.041743040084839
8098.1  1.041934251785278
8100.7  1.041925549507141
8103.3  1.041169762611389
8105.9  1.03916335105896
8108.5  1.03638231754303
8111.1  1.033969283103943
8113.7  1.032584547996521
8116.3  1.03171181678772
8118.9  1.030091285705566
8121.5  1.026782393455505
8124.1  1.022039771080017
8126.7  1.017132639884949
8129.3  1.012972831726074
8131.9  1.008516907691956
8134.5  1.000640034675598
8137.1  0.9866033792495727
8139.7  0.9674097895622253
8142.3  0.9480952620506286
8144.9  0.9342570900917053
8147.5  0.9294036626815795
8150.1  0.9351061582565307
8152.7  0.9504474401473999
8155.3  0.9705405831336975
8157.9  0.9883748888969421
8160.5  0.9996348619461059
8163.1  1.005054354667664
8165.7  1.00810170173645
8168.3  1.010706901550293
8170.9  1.010910987854004
8173.5  1.003440260887146
8176.1  0.9831072688102722
8178.7  0.9509459733963012
8181.3  0.9190784692764282
8183.9  0.9054163098335266
8186.5  0.917985200881958
8189.1  0.9452014565467834
8191.7  0.9653739929199218
8194.3  0.9659227132797241
8196.9  0.9528372287750244
8199.5  0.9430696964263916
8202.1  0.9484343528747558
8204.7  0.9665071964263916
8207.3  0.9862697124481201
8209.9  0.9997499585151672
8212.5  1.006565093994141
8215.1  1.010019302368164
8217.7  1.012908339500427
8220.3  1.016754388809204
8222.9  1.021919846534729
8225.5  1.027360081672668
8228.1  1.031542420387268
8230.7  1.033858060836792
8233.3  1.03468382358551
8235.9  1.034299969673157
8238.5  1.032373070716858
8241.1  1.028573989868164
8243.7  1.023340344429016
8246.3  1.017845034599304
8248.9  1.013477683067322
8251.5  1.011407732963562
8254.1  1.012074947357178
8256.7  1.014653325080872
8259.3  1.017141699790955
8261.9  1.017283797264099
8264.5  1.013402462005615
8267.1  1.004735946655273
8269.7  0.9920606613159179
8272.3  0.9786382317543029
8274.9  0.9693844318389892
8277.5  0.9675819873809814
8280.1  0.9724283814430236
8282.7  0.9802420735359191
8285.3  0.9876371622085571
8287.9  0.9933186173439025
8290.5  0.9971063733100891
8293.1  0.9981956481933593
8295.7  0.9956154227256774
8298.3  0.9905580282211303
8300.9  0.9869799017906188
8303.5  0.9889432191848754
8306.1  0.9970706701278686
8308.7  1.007505178451538
8311.3  1.014088153839111
8313.9  1.012235879898071
8316.5  1.00208592414856
8319.1  0.9888780117034912
8321.7  0.9795351028442382
8324.3  0.9771725535392761
8326.9  0.9788426756858825
8329.5  0.9786412715911865
8332.1  0.9720423221588134
8334.7  0.9588695764541625
8337.3  0.9453631043434143
8339.9  0.9418889284133911
8342.5  0.9540976881980895
8345.1  0.9768643379211425
8347.7  0.999740183353424
8350.3  1.016594409942627
8352.9  1.027657628059387
8355.5  1.03503155708313
8358.1  1.039458751678467
8360.7  1.040758728981018
8363.3  1.039256811141968
8365.9  1.036263346672058
8368.5  1.033597826957703
8371.1  1.032512187957764
8373.7  1.032883167266846
8376.3  1.033491611480713
8378.9  1.033216118812561
8381.5  1.031983494758606
8384.1  1.030728340148926
8386.7  1.030565023422241
8389.3  1.031780958175659
8391.9  1.033403158187866
8394.5  1.033810138702393
8397.1  1.032086968421936
8399.7  1.029109358787537
8402.3  1.027217388153076
8404.9  1.028280973434448
8407.5  1.031832098960877
8410.1  1.035446643829346
8412.7  1.037235498428345
8415.3  1.037874341011047
8417.9  1.040231704711914
8420.5  1.046618223190308
8423.1  1.055725455284119
8425.7  1.061967015266419
8428.3  1.058746218681335
8430.9  1.044127106666565
8433.5  1.024466037750244
8436.1  1.011160492897034
8438.7  1.011618971824646
8441.3  1.023502826690674
8443.9  1.038376212120056
8446.5  1.049345850944519
8449.1  1.054400563240051
8451.7  1.054914474487305
8454.3  1.05334746837616
8456.9  1.051884412765503
8459.5  1.051576018333435
8462.1  1.052025198936462
8464.7  1.052096486091614
8467.3  1.050995111465454
8469.9  1.048698782920838
8472.5  1.045565128326416
8475.1  1.042018413543701
8477.7  1.038584470748901
8480.3  1.035775661468506
8482.9  1.033395648002625
8485.5  1.029591202735901
8488.1  1.02017617225647
8490.7  1.000131011009216
8493.3  0.9691067337989807
8495.9  0.9370222687721252
8498.5  0.9205183386802673
8501.1  0.929456889629364
8503.7  0.9577994346618652
8506.3  0.9899066090583801
8508.9  1.013785362243652
8511.5  1.026772737503052
8514.1  1.031824350357056
8516.7  1.031891107559204
8519.3  1.027820944786072
8521.9  1.019776344299316
8524.5  1.009087800979614
8527.1  0.9969594478607177
8529.7  0.9793623685836791
8532.3  0.9425604939460754
8534.9  0.8657781481742858
8537.5  0.7340124249458312
8540.1  0.5546639561653137
8542.7  0.3619128465652466
8545.3  0.1986397653818131
8547.9  0.0898752138018608
8550.5  0.03302112966775894
8553.1  0.009740226902067661
8555.7  0.002284491434693337
8558.3  4.185557772871107E-4
8560.9  5.437156505649909E-5
8563.5  0.
8566.1  0.
8568.7  0.
8571.3  0.
8573.9  0.
8576.5  0.
8579.1  0.
8581.7  0.
8584.3  0.
8586.9  0.
8589.5  0.
8592.1  0.
8594.7  0.
8597.3  0.
8599.9  0.
8602.5  0.
8605.1  0.
8607.7  0.
8610.3  0.
8612.9  0.
8615.5  0.
8618.1  0.
8620.7  0.
8623.3  0.
8625.9  0.
8628.5  0.
8631.1  0.
8633.7  0.
8636.3  0.
8638.9  0.
8641.5  3.784204454859719E-5
8644.1  3.055348061025143E-4
8646.7  0.001705566653981805
8649.3  0.00742556108161807
8651.9  0.02579187974333763
8654.5  0.07224087417125701
8657.1  0.1651003509759903
8659.7  0.3121417462825775
8662.3  0.4966379702091217
8664.9  0.6789174675941467
8667.5  0.8177126049995422
8670.1  0.8953515887260437
8672.7  0.9261184930801391
8675.3  0.9411908388137817
8677.9  0.9633251428604125
8680.5  0.9940489530563354
8683.1  1.022439956665039
8685.7  1.040998578071594
8688.3  1.051152944564819
8690.9  1.057854413986206
8693.5  1.063633918762207
8696.1  1.068031668663025
8698.7  1.070251822471619
8701.3  1.070704817771912
8703.9  1.070397257804871
8706.5  1.069775223731995
8709.1  1.068626761436462
8711.7  1.066704630851746
8714.3  1.064039707183838
8716.9  1.06071138381958
8719.5  1.056730389595032
8722.1  1.052419304847717
8724.7  1.048646807670593
8727.3  1.046208500862122
8729.9  1.044907450675964
8732.5  1.043344497680664
8735.1  1.039876341819763
8737.7  1.03424084186554
8740.3  1.028636932373047
8742.9  1.026752829551697
8745.5  1.03090488910675
8748.1  1.040080904960632
8750.7  1.050945043563843
8753.3  1.060290336608887
8755.9  1.066488146781921
8758.5  1.069553971290588
8761.1  1.070501446723938
8763.7  1.070361852645874
8766.3  1.06943142414093
8768.9  1.067501902580261
8771.5  1.064899325370789
8774.1  1.06290328502655
8776.7  1.06291139125824
8779.3  1.065411448478699
8781.9  1.069893717765808
8784.5  1.075344800949097
8787.1  1.080561637878418
8789.7  1.0841304063797
8792.3  1.084316849708557
8794.9  1.078892946243286
8797.5  1.065345525741577
8800.1  1.043009400367737
8802.7  1.016966581344605
8805.3  0.9986204504966735
8807.9  0.9984295964241027
8810.5  1.016448497772217
8813.1  1.04184353351593
8815.7  1.0621657371521
8818.3  1.07173490524292
8820.9  1.072218298912048
8823.5  1.068279623985291
8826.1  1.06345808506012
8828.7  1.058083415031433
8831.3  1.049786567687988
8833.9  1.037118315696716
8836.5  1.023716568946838
8839.1  1.017358779907227
8841.7  1.022919535636902
8844.3  1.037205338478088
8846.9  1.052199721336365
8849.5  1.062086939811707
8852.1  1.065771818161011
8854.7  1.0643310546875
8857.3  1.058316230773926
8859.9  1.047932505607605
8862.5  1.035233736038208
8865.1  1.025365591049194
8867.7  1.024224996566772
8870.3  1.033594250679016
8872.9  1.04914391040802
8875.5  1.064088940620422
8878.1  1.074239492416382
8880.7  1.079342603683472
8883.3  1.081179141998291
8885.9  1.081570506095886
8888.5  1.081584811210632
8891.1  1.081563472747803
8893.7  1.081397414207459
8896.3  1.080761313438416
8898.9  1.079307556152344
8901.5  1.077082991600037
8904.1  1.074871063232422
8906.7  1.07389223575592
8909.3  1.074967861175537
8911.9  1.078051328659058
8914.5  1.082496285438538
8917.1  1.087379455566406
8919.7  1.091504216194153
8922.3  1.093729376792908
8924.9  1.093736529350281
8927.5  1.092290163040161
8930.1  1.090248823165894
8932.7  1.087121486663818
8935.3  1.080424904823303
8937.9  1.067064881324768
8940.5  1.047077894210815
8943.1  1.026893615722656
8945.7  1.016678810119629
8948.3  1.021468281745911
8950.9  1.03524112701416
8953.5  1.045018196105957
8956.1  1.040226101875305
8958.7  1.019415616989136
8961.3  0.9918512105941772
8963.9  0.9728150367736816
8966.5  0.9728714823722839
8969.1  0.9896962046623229
8971.7  1.011826157569885
8974.3  1.029701590538025
8976.9  1.040634393692017
8979.5  1.044644355773926
8982.1  1.039759516716003
8984.7  1.023498773574829
8987.3  0.9979526996612548
8989.9  0.9713269472122192
8992.5  0.9529719948768615
8995.1  0.9470463395118713
8997.7  0.9520196914672851
9000.3  0.9645400643348693
9002.9  0.9810006022453308
9005.5  0.9973652362823486
9008.1  1.010880827903748
9010.7  1.020750522613525
9013.3  1.025585412979126
9015.9  1.021503448486328
9018.5  1.004394054412842
9021.1  0.9758406281471252
9023.7  0.9482033252716064
9026.3  0.9400358200073242
9028.9  0.9605907201766967
9031.5  1.000059247016907
9034.1  1.038995981216431
9036.7  1.065003275871277
9039.3  1.077945590019226
9041.9  1.083535432815552
9044.5  1.086623311042786
9047.1  1.089375734329224
9049.7  1.09190571308136
9052.3  1.092796683311463
9054.9  1.090044379234314
9057.5  1.083071112632752
9060.1  1.074460625648499
9062.7  1.068701982498169
9065.3  1.06822943687439
9067.9  1.070906519889832
9070.5  1.071539521217346
9073.1  1.065552949905396
9075.7  1.052132964134216
9078.3  1.035385727882385
9080.9  1.021584272384644
9083.5  1.013755917549133
9086.1  1.01032567024231
9088.7  1.009650826454163
9091.3  1.012690782546997
9093.9  1.01982843875885
9096.5  1.028363585472107
9099.1  1.034910917282104
9101.7  1.038476228713989
9104.3  1.040410399436951
9106.9  1.04218602180481
9109.5  1.043596148490906
9112.1  1.0434250831604
9114.7  1.041872262954712
9117.3  1.040687918663025
9119.9  1.039518594741821
9122.5  1.033584833145142
9125.1  1.018027424812317
9127.7  0.9955106377601623
9130.3  0.977130115032196
9132.9  0.9730785489082336
9135.5  0.9829211831092834
9138.1  0.996647834777832
9140.7  1.003762364387512
9143.3  0.9994072914123535
9145.9  0.9842076897621154
9148.5  0.9627097249031066
9151.1  0.9432044625282287
9153.7  0.9361563324928283
9156.3  0.9481942653656005
9158.9  0.9751015901565551
9161.5  1.002249479293823
9164.1  1.013598680496216
9166.7  1.000507473945618
9169.3  0.9644592404365539
9171.9  0.9139025211334228
9174.5  0.8576571941375732
9177.1  0.802070140838623
9179.7  0.758303165435791
9182.3  0.7475232481956481
9184.9  0.7859978079795837
9187.5  0.864158809185028
9190.1  0.9505648016929626
9192.7  1.017127513885498
9195.3  1.054763436317444
9197.9  1.068376183509827
9200.5  1.065764665603638
9203.1  1.052919030189514
9205.7  1.03464686870575
9208.3  1.015770077705383
9210.9  1.001659989356995
9213.5  0.9974817633628845
9216.1  1.005319595336914
9218.7  1.021407246589661
9221.3  1.037734270095825
9223.9  1.047514319419861
9226.5  1.049500226974487
9229.1  1.047448873519898
9231.7  1.045693516731262
9234.3  1.045445561408997
9236.9  1.045254588127136
9239.5  1.043659567832947
9242.1  1.040386080741882
9244.7  1.036193728446961
9247.3  1.032994270324707
9249.9  1.032963633537292
9252.5  1.036350131034851
9255.1  1.041169166564941
9257.7  1.045728445053101
9260.3  1.050071477890015
9262.9  1.054019331932068
9265.5  1.055394172668457
9268.1  1.052142858505249
9270.7  1.045905113220215
9273.3  1.04158627986908
9275.9  1.042574882507324
9278.5  1.047564029693604
9281.1  1.052679777145386
9283.7  1.055490851402283
9286.3  1.056233286857605
9288.9  1.056154131889343
9291.5  1.055490612983704
9294.1  1.052693724632263
9296.7  1.045019268989563
9299.3  1.029655337333679
9301.9  1.004459738731384
9304.5  0.9689468145370483
9307.1  0.925224483013153
9309.7  0.876687467098236
9312.3  0.8237790465354919
9314.9  0.7631826996803283
9317.5  0.6965659856796264
9320.1  0.6415826082229614
9322.7  0.6282014846801757
9325.3  0.6751441955566406
9327.9  0.7675999402999877
9330.5  0.863489806652069
9333.1  0.9233288168907165
9335.7  0.931048572063446
9338.3  0.8922376036643981
9340.9  0.8263600468635559
9343.5  0.7614670991897583
9346.1  0.7208121418952941
9348.7  0.7045080661773681
9351.3  0.6917900443077087
9353.9  0.6668203473091125
9356.5  0.635069727897644
9359.1  0.6111097335815429
9361.7  0.5983120799064636
9364.3  0.5890784263610839
9366.9  0.58347088098526
9369.5  0.5971770286560058
9372.1  0.6443883180618286
9374.7  0.7178376913070678
9377.3  0.7926263809204101
9379.9  0.8487429618835449
9382.5  0.8847678303718566
9385.1  0.9108704328536987
9387.7  0.9353887438774108
9390.3  0.9591304659843444
9392.9  0.9781062602996826
9395.5  0.9889544248580932
9398.1  0.9917309880256652
9400.7  0.9878848195075988
9403.3  0.9766454696655273
9405.9  0.9569447040557861
9408.5  0.9342797994613647
9411.1  0.9215843677520751
9413.7  0.9284415245056152
9416.3  0.9504825472831726
9418.9  0.9725367426872253
9421.5  0.9815233945846557
9424.1  0.9754313826560974
9426.7  0.9626080989837646
9429.3  0.9537758827209472
9431.9  0.9526036381721496
9434.5  0.9524184465408325
9437.1  0.9427368640899658
9439.7  0.9200386404991149
9442.3  0.892657458782196
9444.9  0.8735297322273254
9447.5  0.866059124469757
9450.1  0.8573887944221496
9452.7  0.8279213905334472
9455.3  0.7671982645988464
9457.9  0.6803857088088989
9460.5  0.5845290422439575
9463.1  0.5050551891326904
9465.7  0.4733505249023438
9468.3  0.5133595466613769
9470.9  0.6191411614418029
9473.5  0.7507715225219726
9476.1  0.8610854148864746
9478.7  0.9261748194694519
9481.3  0.9511128067970275
9483.9  0.9547359347343444
9486.5  0.9521046876907348
9489.1  0.9464006423950195
9491.7  0.9317919015884399
9494.3  0.9032427072525024
9496.9  0.8654978275299072
9499.5  0.8358876705169677
9502.1  0.835600197315216
9504.7  0.8705260157585144
9507.3  0.9200488328933715
9509.9  0.9501903653144836
9512.5  0.9377606511116027
9515.1  0.8818991780281066
9517.7  0.8007556200027465
9520.3  0.7248687744140625
9522.9  0.6883478760719299
9525.5  0.7115411162376403
9528.1  0.7843972444534301
9530.7  0.8712137341499328
9533.3  0.9359245300292968
9535.9  0.9621030092239379
9538.5  0.9525883197784423
9541.1  0.920110285282135
9543.7  0.8814889788627624
9546.3  0.8528143763542175
9548.9  0.8420365452766418
9551.5  0.8457351922988891
9554.1  0.8537943959236145
9556.7  0.8547075986862182
9559.3  0.8387073278427124
9561.9  0.8046858310699462
9564.5  0.7670586705207824
9567.1  0.7478342652320861
9569.7  0.7566452622413635
9572.3  0.7841813564300537
9574.9  0.8178778290748596
9577.5  0.8548266887664794
9580.1  0.8948351144790649
9582.7  0.9294504523277282
9585.3  0.9457495212554931
9587.9  0.9398386478424072
9590.5  0.923114001750946
9593.1  0.9134977459907531
9595.7  0.92022305727005
9598.3  0.9367249608039855
9600.9  0.9460905194282531
9603.5  0.9291582107543945
9606.1  0.8684756755828857
9608.7  0.7544043064117431
9611.3  0.5991448163986206
9613.9  0.4467280507087708
9616.5  0.3575826287269592
9619.1  0.3701619207859039
9621.7  0.4738248586654663
9624.3  0.6196479201316833
9626.9  0.7558637261390686
9629.5  0.8540666103363037
9632.1  0.9121119379997253
9634.7  0.943668782711029
9637.3  0.965249478816986
9639.9  0.9858993291854858
9642.5  1.005221724510193
9645.1  1.019432425498962
9647.7  1.027240395545959
9650.3  1.030140399932861
9652.9  1.029907941818237
9655.5  1.027026176452637
9658.1  1.020178198814392
9660.7  1.005833387374878
9663.3  0.9794526100158691
9665.9  0.9406905770301818
9668.5  0.8996118903160095
9671.1  0.8742522597312927
9673.7  0.8768974542617797
9676.3  0.9031794667243957
9678.9  0.9367204308509826
9681.5  0.9623432159423828
9684.1  0.9738776683807373
9686.7  0.9739390611648559
9689.3  0.9700506329536437
9691.9  0.9695361256599426
9694.5  0.97539484500885
9697.1  0.9859079718589782
9699.7  0.9976460337638854
9702.3  1.00813353061676
9704.9  1.015969634056091
9707.5  1.019894003868103
9710.1  1.019636034965515
9712.7  1.017539262771607
9715.3  1.017419576644898
9717.9  1.020627975463867
9720.5  1.023951530456543
9723.1  1.022453427314758
9725.7  1.014391303062439
9728.3  1.002757787704468
9730.9  0.9914436340332031
9733.5  0.9795503616333007
9736.1  0.9612495303153991
9738.7  0.9337116479873657
9741.3  0.9046360850334167
9743.9  0.8873220682144165
9746.5  0.886273980140686
9749.1  0.8928228616714477
9751.7  0.8975613713264465
9754.3  0.8989068865776062
9756.9  0.8917193412780761
9759.5  0.8549680113792419
9762.1  0.7652997970581054
9764.7  0.629901111125946
9767.3  0.5010991096496582
9769.9  0.4465399980545044
9772.5  0.4953793287277222
9775.1  0.6139721870422363
9777.7  0.7379871606826782
9780.3  0.8253960609436035
9782.9  0.8759598135948181
9785.5  0.9091993570327758
9788.1  0.9375826716423034
9790.7  0.9609872102737426
9793.3  0.9749963283538818
9795.9  0.977773904800415
9798.5  0.972023069858551
9801.1  0.964432954788208
9803.7  0.9622465968132019
9806.3  0.9682788848876953
9808.9  0.9791987538337707
9811.5  0.9893558025360107
9814.1  0.9955990314483642
9816.7  0.9981985092163085
9819.3  0.9983767867088317
9821.9  0.9963773488998413
9824.5  0.9918605089187622
9827.1  0.9854010939598083
9829.7  0.9792180657386779
9832.3  0.9763641953468322
9834.9  0.9787420034408569
9837.5  0.9853793978691101
9840.1  0.9926854968070983
9842.7  0.9968933463096618
9845.3  0.9966375231742858
9847.9  0.9934656023979187
9850.5  0.9901067018508911
9853.1  0.9880959391593933
9855.7  0.9865906834602355
9858.3  0.9830304980278015
9860.9  0.9752280712127685
9863.5  0.9637512564659118
9866.1  0.952811062335968
9868.7  0.9478847384452819
9871.3  0.9513221979141235
9873.9  0.9604124426841735
9876.5  0.9698836803436279
9879.1  0.9754582047462463
9881.7  0.9752803444862365
9884.3  0.9699810147285461
9886.9  0.9626866579055786
9889.5  0.9578308463096618
9892.1  0.9581483602523803
9894.7  0.962675392627716
9897.3  0.9683747887611389
9899.9  0.9731987118721008
9902.5  0.976822018623352
9905.1  0.9791661500930786
9907.7  0.9788376688957214
9910.3  0.9714468121528625
9912.9  0.9464306235313415
9915.5  0.8859621882438659
9918.1  0.7745822668075561
9920.7  0.6205776333808898
9923.3  0.4693423509597778
9925.9  0.3844098150730133
9928.5  0.4041160643100739
9931.1  0.5142223238945007
9933.7  0.6621372699737548
9936.3  0.7951108217239379
9938.9  0.8870916366577148
9941.5  0.9390370249748229
9944.1  0.9639050960540771
9946.7  0.9740562438964843
9949.3  0.9775905013084411
9951.9  0.9791126251220703
9954.5  0.9801006317138671
9957.1  0.9797460436820983
9959.7  0.9773351550102233
9962.3  0.9739202260971069
9964.9  0.9712582826614379
9967.5  0.9699952006340026
9970.1  0.9696114063262939
9972.7  0.9694737792015075
9975.3  0.969230830669403
9977.9  0.9685957431793212
9980.5  0.9673068523406982
9983.1  0.9643137454986572
9985.7  0.9551576972007751
9988.3  0.9283140897750854
9990.9  0.8647437095642089
9993.5  0.7469145655632019
9996.1  0.5764867067337036
