3501.3  0.9154471158981323
3503.9  1.172406315803528
3506.5  1.299549579620361
3509.1  1.298823952674866
3511.7  1.227064728736877
3514.3  1.136527538299561
3516.9  1.040538311004639
3519.5  0.9347155094146728
3522.1  0.8387405276298522
3524.7  0.7956255674362182
3527.3  0.8268154263496398
3529.9  0.9107062220573425
3532.5  1.011805653572083
3535.1  1.106054544448853
3537.7  1.170666217803955
3540.3  1.179241180419922
3542.9  1.124096512794495
3545.5  1.026818037033081
3548.1  0.9187316298484802
3550.7  0.8221694231033325
3553.3  0.7489627003669738
3555.9  0.7008832693099975
3558.5  0.6699491739273071
3561.1  0.649285078048706
3563.7  0.642831802368164
3566.3  0.6572537422180175
3568.9  0.6846223473548889
3571.5  0.6967248916625976
3574.1  0.6610034704208374
3576.7  0.5690056681632995
3579.3  0.4511840045452118
3581.9  0.3602247834205627
3584.5  0.3399350345134735
3587.1  0.4078094959259033
3589.7  0.5511393547058105
3592.3  0.7261713147163391
3594.9  0.8712690472602844
3597.5  0.9421292543411254
3600.1  0.9426521062850952
3602.7  0.9161087870597839
3605.3  0.9027858972549438
3607.9  0.9089680910110473
3610.5  0.915762186050415
3613.1  0.9102229475975036
3615.7  0.9024809002876281
3618.3  0.9114368557929992
3620.9  0.9351302981376647
3623.5  0.9463345408439636
3626.1  0.930128276348114
3628.7  0.9179716110229492
3631.3  0.9634048342704772
3633.9  1.077417492866516
3636.5  1.201770544052124
3639.1  1.258534550666809
3641.7  1.221830129623413
3644.3  1.135314226150513
3646.9  1.068614363670349
3649.5  1.065764784812927
3652.1  1.120950102806091
3654.7  1.182667016983032
3657.3  1.190292119979858
3659.9  1.130957365036011
3662.5  1.059332370758057
3665.1  1.043920397758484
3667.7  1.09369158744812
3670.3  1.148723840713501
3672.9  1.140313982963562
3675.5  1.052557826042175
3678.1  0.931168794631958
3680.7  0.8413199186325073
3683.3  0.8183266520500183
3685.9  0.8543537855148315
3688.5  0.9201873540878295
3691.1  0.9879079461097717
3693.7  1.033612608909607
3696.3  1.0315101146698
3698.9  0.9637753367424011
3701.5  0.8449485898017883
3704.1  0.7254287600517272
3706.7  0.6555179357528686
3709.3  0.6443793773651123
3711.9  0.657123863697052
3714.5  0.6496888399124145
3717.1  0.6052589416503906
3719.7  0.5413451194763183
3722.3  0.4887372255325317
3724.9  0.4662297368049622
3727.5  0.4693275094032288
3730.1  0.4779816865921021
3732.7  0.4785614907741547
3735.3  0.4772062003612518
3737.9  0.4844022989273071
3740.5  0.49329474568367
3743.1  0.4874493479728699
3745.7  0.4663046300411224
3748.3  0.4484694600105286
3750.9  0.4510869383811951
3753.5  0.4756601452827454
3756.1  0.5148478150367736
3758.7  0.5656477808952331
3761.3  0.6301902532577514
3763.9  0.7041069865226745
3766.5  0.7706542015075683
3769.1  0.8132610321044921
3771.7  0.8337037563323974
3774.3  0.8499238491058349
3776.9  0.8716160058975219
3779.5  0.8846470117568969
3782.1  0.8669064044952392
3784.7  0.8161903619766235
3787.3  0.7536831498146057
3789.9  0.6979676485061645
3792.5  0.6466500759124755
3795.1  0.59312105178833
3797.7  0.5504120588302612
3800.3  0.5419203042984008
3802.9  0.5723863244056701
3805.5  0.6198546290397644
3808.1  0.6531570553779602
3810.7  0.6492899060249328
3813.3  0.6011837720870971
3815.9  0.5204496979713439
3818.5  0.4321697354316711
3821.1  0.3615803122520447
3823.7  0.3223272860050201
3826.3  0.3124500811100006
3828.9  0.3180494904518127
3831.5  0.3232122659683228
3834.1  0.3216123580932617
3836.7  0.3203990757465363
3839.3  0.3305167257785797
3841.9  0.3522239327430725
3844.5  0.3719906508922577
3847.1  0.375594288110733
3849.7  0.3628264367580414
3852.3  0.3487864136695862
3854.9  0.3533966839313507
3857.5  0.3866901695728302
3860.1  0.4362512230873108
3862.7  0.4688072204589844
3865.3  0.4545503258705139
3867.9  0.3955998122692108
3870.5  0.3257101476192474
3873.1  0.2790981829166412
3875.7  0.2641423642635346
3878.3  0.2691844403743744
3880.9  0.2872394919395447
3883.5  0.3250488638877869
3886.1  0.3856970071792603
3888.7  0.4520834982395172
3891.3  0.4996646344661713
3893.9  0.5244690775871276
3896.5  0.5458516478538513
3899.1  0.5784424543380737
3901.7  0.6146049499511718
3904.3  0.642217993736267
3906.9  0.6657038331031799
3909.5  0.6943841576576232
3912.1  0.719610571861267
3914.7  0.7203495502471923
3917.3  0.6861070394515991
3919.9  0.6221264004707336
3922.5  0.5391615629196166
3925.1  0.4487744271755219
3927.7  0.364504337310791
3930.3  0.3008381724357605
3932.9  0.2706466317176819
3935.5  0.2807866632938385
3938.1  0.3270371556282044
3940.7  0.3960303962230682
3943.3  0.4736937284469605
3945.9  0.5485991835594177
3948.5  0.608368694782257
3951.1  0.6409505605697631
3953.7  0.6411299109458923
3956.3  0.6100472211837768
3958.9  0.5498247742652893
3961.5  0.4658795595169067
3964.1  0.3748160898685455
3966.7  0.3049561679363251
3969.3  0.2851293981075287
3971.9  0.3281324803829193
3974.5  0.420548141002655
3977.1  0.5290963649749755
3979.7  0.6226977109909057
3982.3  0.6923126578330993
3984.9  0.748012363910675
3987.5  0.7979951500892639
3990.1  0.8378515243530273
3992.7  0.8618077039718627
3995.3  0.8729551434516906
3997.9  0.8769978880882263
4000.5  0.8795172572135925
4003.1  0.8965217471122741
4005.7  0.9490041732788085
4008.3  1.031787872314453
4010.9  1.103393435478211
4013.5  1.125733494758606
4016.1  1.106786847114563
4018.7  1.087793111801148
4021.3  1.091408610343933
4023.9  1.099401712417603
4026.5  1.083890199661255
4029.1  1.045324802398682
4031.7  1.011424064636231
4034.3  1.004543423652649
4036.9  1.016037821769714
4039.5  1.014029860496521
4042.1  0.9744390845298767
4044.7  0.9018101096153259
4047.3  0.8225370049476623
4049.9  0.7637342810630798
4052.5  0.7388065457344055
4055.1  0.7462652325630187
4057.7  0.7763667106628417
4060.3  0.8174798488616943
4062.9  0.8576326966285705
4065.5  0.8852275013923645
4068.1  0.8929424881935119
4070.7  0.8829504251480102
4073.3  0.8697932362556457
4075.9  0.8754152655601501
4078.5  0.9124456048011779
4081.1  0.9688485860824584
4083.7  1.014552474021912
4086.3  1.025101900100708
4088.9  0.9969031810760498
4091.5  0.9430664777755737
4094.1  0.8824689984321594
4096.7  0.8319491147994995
4099.3  0.7996498346328735
4101.9  0.7808662056922912
4104.5  0.7643401622772216
4107.1  0.7477912306785583
4109.7  0.7439343929290771
4112.3  0.76520836353302
4114.9  0.8074312210083007
4117.5  0.8562318086624145
4120.1  0.9017473459243774
4122.7  0.9362583756446838
4125.3  0.9467149972915649
4127.9  0.9234213829040527
4130.5  0.8738118410110473
4133.1  0.8195006251335144
4135.7  0.7807573676109313
4138.3  0.7666484713554382
4140.9  0.7760698795318603
4143.5  0.800752580165863
4146.1  0.8257043361663818
4148.7  0.8336483836174011
4151.3  0.8146450519561767
4153.9  0.770616590976715
4156.5  0.7121549844741821
4159.1  0.6561651825904846
4161.7  0.6247454285621643
4164.3  0.6340587735176086
4166.9  0.6763284802436828
4169.5  0.7182069420814514
4172.1  0.7265628576278686
4174.7  0.6965519785881042
4177.3  0.6513206958770751
4179.9  0.6187965869903564
4182.5  0.6152456402778625
4185.1  0.6458039879798889
4187.7  0.7065271139144897
4190.3  0.7805603146553039
4192.9  0.8430579900741577
4195.5  0.8793518543243408
4198.1  0.8949959278106689
4200.7  0.9038989543914794
4203.3  0.9099006652832031
4205.9  0.9025331139564514
4208.5  0.8708511590957641
4211.1  0.8202182054519653
4213.7  0.7726293206214904
4216.3  0.7479550838470458
4218.9  0.746359646320343
4221.5  0.7555816173553466
4224.1  0.7753899097442626
4226.7  0.8215142488479614
4229.3  0.8984440565109252
4231.9  0.9804465770721435
4234.5  1.029902219772339
4237.1  1.026398777961731
4239.7  0.9727818965911865
4242.3  0.8858309984207153
4244.9  0.792989432811737
4247.5  0.7300785183906555
4250.1  0.7255665063858032
4252.7  0.7815915942192077
4255.3  0.8731232285499572
4257.9  0.9644286632537841
4260.5  1.024829030036926
4263.1  1.03573489189148
4265.7  0.9944505095481872
4268.3  0.9187700152397155
4270.9  0.8438879251480102
4273.5  0.8042472004890441
4276.1  0.8102723360061645
4278.7  0.8429162502288818
4281.3  0.873416244983673
4283.9  0.886695921421051
4286.5  0.884960651397705
4289.1  0.8759351968765258
4291.7  0.8645839095115661
4294.3  0.8545963168144226
4296.9  0.8508176207542419
4299.5  0.85442715883255
4302.1  0.8569515943527221
4304.7  0.848030686378479
4307.3  0.8315907716751098
4309.9  0.8244882225990295
4312.5  0.8369087576866149
4315.1  0.863067626953125
4317.7  0.8904274106025695
4320.3  0.9083869457244873
4322.9  0.9093354940414428
4325.5  0.8915849924087524
4328.1  0.8622841238975524
4330.7  0.8312207460403442
4333.3  0.8029775619506835
4335.9  0.7816787362098693
4338.5  0.7803689837455749
4341.1  0.8121216297149658
4343.7  0.867156982421875
4346.3  0.9114843010902404
4348.9  0.9178752303123474
4351.5  0.891915738582611
4354.1  0.8631956577301025
4356.7  0.8578236699104309
4359.3  0.8824214339256286
4361.9  0.9256129264831542
4364.5  0.9685622453689575
4367.1  0.9958670139312744
4369.7  1.001190900802612
4372.3  0.9881126880645751
4374.9  0.9660524725914001
4377.5  0.9402356147766113
4380.1  0.9071184396743774
4382.7  0.8660055994987487
4385.3  0.8287976384162902
4387.9  0.8096935749053955
4390.5  0.8115275502204895
4393.1  0.8291942477226257
4395.7  0.858307659626007
4398.3  0.8935368061065673
4400.9  0.9273877739906311
4403.5  0.9583168029785156
4406.1  0.9927184581756591
4408.7  1.032072424888611
4411.3  1.065311312675476
4413.9  1.082164287567139
4416.5  1.089938044548035
4419.1  1.107779026031494
4421.7  1.142302751541138
4424.3  1.174959778785706
4426.9  1.176800012588501
4429.5  1.135380983352661
4432.1  1.06817638874054
4434.7  1.011427879333496
4437.3  0.9938170313835144
4439.9  1.017403602600098
4442.5  1.060023784637451
4445.1  1.090334534645081
4447.7  1.080592036247254
4450.3  1.018515348434448
4452.9  0.9225810766220092
4455.5  0.842357575893402
4458.1  0.8241240978240966
4460.7  0.8677989244461059
4463.3  0.9284965395927429
4465.9  0.9646689295768737
4468.5  0.9750078320503234
4471.1  0.9853156208992004
4473.7  1.011019229888916
4476.3  1.04317045211792
4478.9  1.068146467208862
4481.5  1.087830543518066
4484.1  1.11334764957428
4486.7  1.146214723587036
4489.3  1.174586653709412
4491.9  1.185983896255493
4494.5  1.177951455116272
4497.1  1.156620979309082
4499.7  1.128995180130005
4502.3  1.099226832389832
4504.9  1.072167754173279
4507.5  1.056984901428223
4510.1  1.061771750450134
4512.7  1.082828521728516
4515.3  1.104361176490784
4517.9  1.112624526023865
4520.5  1.108858704566956
4523.1  1.107012033462524
4525.7  1.119526267051697
4528.3  1.145232200622559
4530.9  1.170474290847778
4533.5  1.181240081787109
4536.1  1.173647284507751
4538.7  1.155071258544922
4541.3  1.138440132141113
4543.9  1.134238004684448
4546.5  1.142791271209717
4549.1  1.152239084243774
4551.7  1.146405100822449
4554.3  1.118322730064392
4556.9  1.077298760414124
4559.5  1.042484998703003
4562.1  1.028213620185852
4564.7  1.033561825752258
4567.3  1.045753359794617
4569.9  1.054398536682129
4572.5  1.059820890426636
4575.1  1.064282894134521
4577.7  1.059847354888916
4580.3  1.032756567001343
4582.9  0.9783802032470703
4585.5  0.9054450392723083
4588.1  0.8269914388656616
4590.7  0.754960298538208
4593.3  0.7009481191635131
4595.9  0.6723561286926269
4598.5  0.6688823699951171
4601.1  0.6902528405189514
4603.7  0.7412344217300415
4606.3  0.8194960355758666
4608.9  0.9054630398750305
4611.5  0.9772346019744873
4614.1  1.032224297523499
4616.7  1.082281112670898
4619.3  1.130992531776428
4621.9  1.167762160301209
4624.5  1.182702541351318
4627.1  1.177018404006958
4629.7  1.156622052192688
4632.3  1.122941017150879
4634.9  1.075075387954712
4637.5  1.018573880195618
4640.1  0.9662486314773559
4642.7  0.928958773612976
4645.3  0.9101357460021972
4647.9  0.9096596240997314
4650.5  0.9254401326179504
4653.1  0.9492715597152709
4655.7  0.9699572920799255
4658.3  0.9824394583702087
4660.9  0.9871988892555236
4663.5  0.9818059802055358
4666.1  0.9616496562957763
4668.7  0.9297965168952941
4671.3  0.8994005918502807
4673.9  0.8820916414260864
4676.5  0.873949646949768
4679.1  0.8571275472640991
4681.7  0.8187170028686523
4684.3  0.7663144469261169
4686.9  0.7234280705451965
4689.5  0.7126578092575073
4692.1  0.7431051135063171
4694.7  0.8056049346923828
4697.3  0.8767222762107849
4699.9  0.9333499073982238
4702.5  0.9672990441322326
4705.1  0.9847913384437561
4707.7  0.9949967861175537
4710.3  1.003178477287293
4712.9  1.011152029037476
4715.5  1.017287611961365
4718.1  1.016976475715637
4720.7  1.009318113327026
4723.3  1.002530097961426
4725.9  1.00829017162323
4728.5  1.032272219657898
4731.1  1.072261691093445
4733.7  1.121208310127258
4736.3  1.169536948204041
4738.9  1.208049535751343
4741.5  1.231111168861389
4744.1  1.237216114997864
4746.7  1.22692084312439
4749.3  1.201083779335022
4751.9  1.161087393760681
4754.5  1.110628485679626
4757.1  1.057127833366394
4759.7  1.011192440986633
4762.3  0.9845035076141357
4764.9  0.9865007996559143
4767.5  1.019116282463074
4770.1  1.072116613388062
4772.7  1.126317501068115
4775.3  1.165692090988159
4777.9  1.186324596405029
4780.5  1.193200588226318
4783.1  1.191293835639954
4785.7  1.181326150894165
4788.3  1.16143798828125
4790.9  1.130667924880982
4793.5  1.091890335083008
4796.1  1.054372549057007
4798.7  1.033268451690674
4801.3  1.040787935256958
4803.9  1.073165059089661
4806.5  1.110719203948975
4809.1  1.135753512382507
4811.7  1.147291541099548
4814.3  1.155286431312561
4816.9  1.165087938308716
4819.5  1.172432780265808
4822.1  1.171392560005188
4824.7  1.161610722541809
4827.3  1.146574258804321
4829.9  1.127529501914978
4832.5  1.101774573326111
4835.1  1.068550229072571
4837.7  1.035961031913757
4840.3  1.01728880405426
4842.9  1.016016006469727
4845.5  1.018463015556335
4848.1  1.00752866268158
4850.7  0.9818612933158874
4853.3  0.9565451145172119
4855.9  0.9443618655204772
4858.5  0.9398356080055236
4861.1  0.9243780970573425
4863.7  0.8869918584823608
4866.3  0.8386750221252441
4868.9  0.8070164322853088
4871.5  0.8157612681388854
4874.1  0.8648964166641235
4876.7  0.9259080290794372
4879.3  0.957312524318695
4881.9  0.9312795400619506
4884.5  0.8545767664909362
4887.1  0.7699106931686401
4889.7  0.7321645617485046
4892.3  0.7708680629730224
4894.9  0.868845522403717
4897.5  0.9785452485084533
4900.1  1.059841394424439
4902.7  1.101427793502808
4905.3  1.113010883331299
4907.9  1.108049631118774
4910.5  1.094966411590576
4913.1  1.076311826705933
4915.7  1.051105856895447
4918.3  1.0198814868927
4920.9  0.9889280200004577
4923.5  0.9666205048561096
4926.1  0.9543079137802124
4928.7  0.9444491267204284
4931.3  0.9318446516990661
4933.9  0.9249523282051086
4936.5  0.9401191473007202
4939.1  0.9832797646522521
4941.7  1.041612386703491
4944.3  1.093910694122315
4946.9  1.125503778457642
4949.5  1.133028149604797
4952.1  1.120622515678406
4954.7  1.097478628158569
4957.3  1.078009128570557
4959.9  1.076788783073425
4962.5  1.097707152366638
4965.1  1.129955768585205
4967.7  1.157292723655701
4970.3  1.168803691864014
4972.9  1.159194827079773
4975.5  1.124734997749329
4978.1  1.067620635032654
4980.7  1.005570292472839
4983.3  0.9678612947463989
4985.9  0.9725148677825927
4988.5  1.00842022895813
4991.1  1.044825315475464
4993.7  1.057549476623535
4996.3  1.044159293174744
4998.9  1.018097996711731
5001.5  0.9941139817237854
5004.1  0.9800673127174377
5006.7  0.9773450493812561
5009.3  0.9830632805824279
5011.9  0.9915529489517211
5014.5  0.9967932701110839
5017.1  0.9954234957695007
5019.7  0.9898239970207214
5022.3  0.9882086515426635
5024.9  0.9972010254859924
5027.5  1.014288425445557
5030.1  1.032296895980835
5032.7  1.049172520637512
5035.3  1.067558407783508
5037.9  1.087079763412476
5040.5  1.102212071418762
5043.1  1.106251358985901
5045.7  1.095499515533447
5048.3  1.071882247924805
5050.9  1.042855024337769
5053.5  1.017110943794251
5056.1  0.9999886155128479
5058.7  0.9921372532844543
5061.3  0.9902552962303161
5063.9  0.9894413948059082
5066.5  0.9875071048736572
5069.1  0.9865520596504211
5071.7  0.9893788695335388
5074.3  0.9966115951538085
5076.9  1.007829189300537
5079.5  1.021674156188965
5082.1  1.032750725746155
5084.7  1.031407713890076
5087.3  1.009653449058533
5089.9  0.968335211277008
5092.5  0.9198303818702697
5095.1  0.8838910460472106
5097.7  0.8764950037002563
5100.3  0.8972893953323364
5102.9  0.9293427467346191
5105.5  0.9554458260536193
5108.1  0.9723514318466186
5110.7  0.9853917956352233
5113.3  0.9943488836288452
5115.9  0.9918078184127807
5118.5  0.9744718074798583
5121.1  0.951103925704956
5123.7  0.9373132586479187
5126.3  0.9435545802116394
5128.9  0.9675250053405761
5131.5  0.9954810142517089
5134.1  1.009888052940369
5136.7  0.9990366101264953
5139.3  0.9644176363945007
5141.9  0.9221493005752563
5144.5  0.8939010500907897
5147.1  0.8897002935409545
5149.7  0.8992199301719665
5152.3  0.9039478302001953
5154.9  0.8950082063674926
5157.5  0.8729427456855773
5160.1  0.836643636226654
5162.7  0.7852447032928466
5165.3  0.7297670245170593
5167.9  0.691100537776947
5170.5  0.6834569573402404
5173.1  0.7040038704872131
5175.7  0.7366278767585754
5178.3  0.762606143951416
5180.9  0.7730366587638854
5183.5  0.7762107253074645
5186.1  0.7913249731063842
5188.7  0.8320053219795227
5191.3  0.8934209942817687
5193.9  0.9533445835113525
5196.5  0.9853837490081787
5199.1  0.973951518535614
5201.7  0.9239002466201782
5204.3  0.8624705672264099
5206.9  0.8267183303833007
5209.5  0.8360238075256347
5212.1  0.8736354708671569
5214.7  0.9006006717681884
5217.3  0.8879646062850952
5219.9  0.836103081703186
5222.5  0.7727463245391845
5225.1  0.7361011505126953
5227.7  0.7479134798049926
5230.3  0.7938234806060791
5232.9  0.8348681926727294
5235.5  0.8437685370445251
5238.1  0.8283084630966186
5240.7  0.8194669485092163
5243.3  0.8404191136360168
5245.9  0.8871076703071594
5248.5  0.9351612925529479
5251.1  0.9615464806556701
5253.7  0.9564310312271118
5256.3  0.9184915423393249
5258.9  0.8509676456451416
5261.5  0.7700050473213195
5264.1  0.7092278003692626
5266.7  0.7022748589515686
5269.3  0.7562922239303588
5271.9  0.8458538651466369
5274.5  0.9316470623016357
5277.1  0.984320044517517
5279.7  0.9976435899734497
5282.3  0.9872263669967651
5284.9  0.9760673642158508
5287.5  0.9758120775222778
5290.1  0.9803740382194519
5292.7  0.9764183759689331
5295.3  0.9568806886672973
5297.9  0.9265939593315124
5300.5  0.9017806649208068
5303.1  0.9025059342384338
5305.7  0.9366658329963684
5308.3  0.9906662702560424
5310.9  1.04117488861084
5313.5  1.07363224029541
5316.1  1.085471391677857
5318.7  1.076509594917297
5321.3  1.04450523853302
5323.9  0.9934187531471252
5326.5  0.9426655769348144
5329.1  0.9193301796913146
5331.7  0.9346483945846557
5334.3  0.972118854522705
5336.9  1.0043705701828
5339.5  1.017747282981873
5342.1  1.017612099647522
5344.7  1.016622543334961
5347.3  1.023608326911926
5349.9  1.039714455604553
5352.5  1.059151768684387
5355.1  1.072693705558777
5357.7  1.072336912155151
5360.3  1.053387999534607
5362.9  1.015262365341187
5365.5  0.9650061726570129
5368.1  0.9196686148643493
5370.7  0.898188829421997
5373.3  0.9065033197402954
5375.9  0.9341563582420349
5378.5  0.9669252634048461
5381.1  0.997503638267517
5383.7  1.022749066352844
5386.3  1.038087964057922
5388.9  1.04020094871521
5391.5  1.033033490180969
5394.1  1.025923132896423
5396.7  1.023498773574829
5399.3  1.020272970199585
5401.9  1.008365035057068
5404.5  0.9891524910926818
5407.1  0.9738850593566894
5409.7  0.9727218747138977
5412.3  0.9854574799537658
5414.9  1.001942992210388
5417.5  1.008506417274475
5420.1  0.9939818978309631
5422.7  0.9548020958900451
5425.3  0.9000778198242187
5427.9  0.8532646298408508
5430.5  0.8422821164131164
5433.1  0.8786236643791198
5435.7  0.9453582167625427
5438.3  1.010458707809448
5440.9  1.050936937332153
5443.5  1.062368869781494
5446.1  1.050121784210205
5448.7  1.018774032592773
5451.3  0.9729547500610351
5453.9  0.9257848262786865
5456.5  0.8982788920402526
5459.1  0.9037564992904663
5461.7  0.9339732527732849
5464.3  0.9634618163108825
5466.9  0.9663161039352416
5469.5  0.9330424666404724
5472.1  0.8803654909133911
5474.7  0.8444329500198364
5477.3  0.8542923927307128
5479.9  0.9076691269874572
5482.5  0.9756074547767639
5485.1  1.028994083404541
5487.7  1.056461811065674
5490.3  1.062298774719238
5492.9  1.056860685348511
5495.5  1.050345182418823
5498.1  1.048809409141541
5500.7  1.051268100738525
5503.3  1.051180124282837
5505.9  1.042616963386536
5508.5  1.025831341743469
5511.1  1.007541537284851
5513.7  0.9949849247932434
5516.3  0.9881573915481567
5518.9  0.9781199097633361
5521.5  0.9556560516357421
5524.1  0.9233489036560058
5526.7  0.8982802033424377
5529.3  0.8997116684913635
5531.9  0.9315153956413269
5534.5  0.9779203534126281
5537.1  1.017744660377502
5539.7  1.040316581726074
5542.3  1.047767996788025
5544.9  1.04735541343689
5547.5  1.044283747673035
5550.1  1.039172887802124
5552.7  1.030083298683167
5555.3  1.016778945922852
5557.9  1.002367973327637
5560.5  0.9897121787071228
5563.1  0.9777585268020629
5565.7  0.9641166925430297
5568.3  0.9513385891914367
5570.9  0.9476574063301086
5573.5  0.958852469921112
5576.1  0.9794082045555114
5578.7  0.9930477738380432
5581.3  0.984021782875061
5583.9  0.9509543776512145
5586.5  0.9114438891410827
5589.1  0.8893975615501403
5591.7  0.8919787406921386
5594.3  0.9012815952301025
5596.9  0.8955492973327636
5599.5  0.8767029047012329
5602.1  0.8687127828598022
5604.7  0.888075828552246
5607.3  0.9250216484069824
5609.9  0.9573625326156616
5612.5  0.9742938876152038
5615.1  0.9803332686424255
5617.7  0.9826360940933227
5620.3  0.9834741950035095
5622.9  0.9842577576637268
5625.5  0.9884685277938842
5628.1  0.9967067241668701
5630.7  1.003304839134216
5633.3  1.002038359642029
5635.9  0.9934749007225036
5638.5  0.9840098619461059
5641.1  0.978206992149353
5643.7  0.9738000631332397
5646.3  0.9653673768043518
5648.9  0.9522477388381958
5651.5  0.9400549530982971
5654.1  0.9343897104263305
5656.7  0.937126338481903
5659.3  0.9488133192062377
5661.9  0.9687285423278808
5664.5  0.9918330907821655
5667.1  1.011306881904602
5669.7  1.024780988693237
5672.3  1.033995032310486
5674.9  1.038162469863892
5677.5  1.03192675113678
5680.1  1.012782692909241
5682.7  0.9890864491462707
5685.3  0.9764444231986999
5687.9  0.9833557605743408
5690.5  1.002401947975159
5693.1  1.017465472221375
5695.7  1.017557859420776
5698.3  1.003776550292969
5700.9  0.987231433391571
5703.5  0.9811292290687561
5706.1  0.9908605217933654
5708.7  1.009866952896118
5711.3  1.025590658187866
5713.9  1.029314875602722
5716.5  1.021198868751526
5719.1  1.008502244949341
5721.7  0.9983423352241516
5724.3  0.9906315803527832
5726.9  0.9803490042686462
5729.5  0.9682942032814025
5732.1  0.9645934700965881
5734.7  0.9773297905921936
5737.3  1.00153124332428
5739.9  1.022467851638794
5742.5  1.025340914726257
5745.1  0.9998268485069274
5747.7  0.94376140832901
5750.3  0.8711702227592468
5752.9  0.8126323819160461
5755.5  0.7951211929321289
5758.1  0.8161848783493041
5760.7  0.8415384888648986
5763.3  0.8274199962615966
5765.9  0.7445075511932373
5768.5  0.5925351977348327
5771.1  0.4044471979141235
5773.7  0.2305872142314911
5776.3  0.10759636759758
5778.9  0.04049841314554215
5781.5  0.01216635387390852
5784.1  0.002893788274377585
5786.7  5.400132504291832E-4
5789.3  7.181793625932186E-5
5791.9  0.
5794.5  0.
5797.1  0.
5799.7  0.
5802.3  0.
5804.9  0.
5807.5  0.
5810.1  0.
5812.7  0.
5815.3  0.
5817.9  0.
5820.5  7.313694368349388E-5
5823.1  5.496081430464982E-4
5825.7  0.002968778600916266
5828.3  0.01252951100468636
5830.9  0.04195589944720268
5833.5  0.112455740571022
5836.1  0.2438566535711289
5838.7  0.4341752529144287
5841.3  0.6477128863334655
5843.9  0.8317387104034423
5846.5  0.9502703547477722
5849.1  1.00160014629364
5851.7  1.00772750377655
5854.3  0.9939931631088256
5856.9  0.9754897952079772
5859.5  0.9539591670036315
5862.1  0.9265216588973999
5864.7  0.9000728726387023
5867.3  0.8925094008445739
5869.9  0.9142730236053466
5872.5  0.9540455937385559
5875.1  0.9886035919189453
5877.7  1.002585172653198
5880.3  0.9930439591407775
5882.9  0.9607385993003845
5885.5  0.908896267414093
5888.1  0.8531470894813537
5890.7  0.8216798305511474
5893.3  0.8348084092140197
5895.9  0.886619746685028
5898.5  0.9517776370048522
5901.1  1.006986141204834
5903.7  1.042776942253113
5906.3  1.060562014579773
5908.9  1.065156936645508
5911.5  1.060700654983521
5914.1  1.050981998443604
5916.7  1.040861248970032
5919.3  1.035198926925659
5921.9  1.035481333732605
5924.5  1.038944125175476
5927.1  1.041922688484192
5929.7  1.043049812316895
5932.3  1.042352080345154
5934.9  1.039120316505432
5937.5  1.033053636550903
5940.1  1.026999354362488
5942.7  1.025944948196411
5945.3  1.032104015350342
5947.9  1.042346358299255
5950.5  1.051366209983826
5953.1  1.056290984153748
5955.7  1.057731866836548
5958.3  1.057695746421814
5960.9  1.057374358177185
5963.5  1.05657684803009
5966.1  1.054654121398926
5968.7  1.051441431045532
5971.3  1.047030568122864
5973.9  1.041192770004273
5976.5  1.033855199813843
5979.1  1.025947451591492
5981.7  1.018964171409607
5984.3  1.013633489608765
5986.9  1.009842753410339
5989.5  1.007742047309876
5992.1  1.0076904296875
5994.7  1.009241819381714
5997.3  1.011600255966187
5999.9  1.014840602874756
6002.5  1.019403576850891
6005.1  1.024799704551697
6007.7  1.02982759475708
6010.3  1.033464431762695
6012.9  1.034992814064026
6015.5  1.034237265586853
6018.1  1.032289505004883
6020.7  1.031267404556275
6023.3  1.032651305198669
6025.9  1.035905361175537
6028.5  1.039008736610413
6031.1  1.040212869644165
6033.7  1.039139628410339
6036.3  1.036338090896607
6038.9  1.032096862792969
6041.5  1.02598237991333
6044.1  1.017456531524658
6046.7  1.006759166717529
6049.3  0.9956386685371398
6051.9  0.9877164959907531
6054.5  0.9870598912239074
6057.1  0.9946253895759582
6059.7  1.006404757499695
6062.3  1.016550302505493
6064.9  1.022263169288635
6067.5  1.024850249290466
6070.1  1.02676796913147
6072.7  1.029037475585937
6075.3  1.031440138816833
6077.9  1.033733129501343
6080.5  1.035784602165222
6083.1  1.037174701690674
6085.7  1.03750741481781
6088.3  1.037040710449219
6090.9  1.036340951919556
6093.5  1.035022258758545
6096.1  1.03131628036499
6098.7  1.023295283317566
6101.3  1.010647058486938
6103.9  0.9956608414649963
6106.5  0.982911467552185
6109.1  0.9771400690078735
6111.7  0.9800416827201843
6114.3  0.9888468980789184
6116.9  0.9980475902557373
6119.5  1.001539945602417
6122.1  0.9938308000564575
6124.7  0.9731042385101318
6127.3  0.9456968903541564
6129.9  0.9250867366790771
6132.5  0.9224224686622619
6135.1  0.9379372596740722
6137.7  0.9630473852157592
6140.3  0.9885959029197692
6142.9  1.009075403213501
6145.5  1.021635770797729
6148.1  1.02482008934021
6150.7  1.018711447715759
6153.3  1.005162835121155
6155.9  0.9868178367614746
6158.5  0.9655060172080993
6161.1  0.9421080350875854
6163.7  0.919141948223114
6166.3  0.902746558189392
6168.9  0.9000002741813659
6171.5  0.9133821725845336
6174.1  0.9373632669448852
6176.7  0.9600511789321899
6179.3  0.9701765179634094
6181.9  0.9651539325714111
6184.5  0.9524007439613342
6187.1  0.9416949748992919
6189.7  0.9359654784202575
6192.3  0.9301021695137023
6194.9  0.9194583296775817
6197.5  0.9093181490898132
6200.1  0.9131528139114379
6202.7  0.9382245540618896
6205.3  0.9755147695541381
6207.9  1.007839441299439
6210.5  1.02534544467926
6213.1  1.029869437217712
6215.7  1.027766823768616
6218.3  1.023380279541016
6220.9  1.018598675727844
6223.5  1.014462232589722
6226.1  1.011531233787537
6228.7  1.009942770004273
6231.3  1.00965690612793
6233.9  1.010251522064209
6236.5  1.010595440864563
6239.1  1.00949501991272
6241.7  1.006024599075317
6244.3  0.9977014660835266
6246.9  0.9782875776290893
6249.5  0.9409351348876953
6252.1  0.8884562253952026
6254.7  0.8406836986541748
6257.3  0.8245777487754821
6259.9  0.8508237600326538
6262.5  0.9022439122200012
6265.1  0.9482161402702331
6267.7  0.9679632186889648
6270.3  0.9598582983016967
6272.9  0.9360144734382629
6275.5  0.9134367108345031
6278.1  0.9059828519821166
6280.7  0.9172282814979553
6283.3  0.9376891255378723
6285.9  0.9508835673332214
6288.5  0.9459868073463439
6291.1  0.9272854924201965
6293.7  0.9108379483222961
6296.3  0.9104800820350646
6298.9  0.9270046353340148
6301.5  0.9505719542503356
6304.1  0.9711769223213195
6306.7  0.9850849509239196
6309.3  0.9926927685737609
6311.9  0.9937091469764709
6314.5  0.9875222444534301
6317.1  0.9778722524642944
6319.7  0.973228096961975
6322.3  0.9797223210334777
6324.9  0.9946974515914916
6327.5  1.008897185325623
6330.1  1.014257669448853
6332.7  1.009476065635681
6335.3  0.9997404813766479
6337.9  0.9918025732040405
6340.5  0.9884814620018005
6343.1  0.9874584078788757
6345.7  0.9843240976333618
6348.3  0.9755237102508544
6350.9  0.9599400758743286
6353.5  0.9408576488494873
6356.1  0.9257435202598571
6358.7  0.9212669134140014
6361.3  0.9287511110305786
6363.9  0.9451553225517272
6366.5  0.9659382104873657
6369.1  0.9859468936920166
6371.7  1.000397443771362
6374.3  1.006949424743652
6376.9  1.006668090820313
6379.5  1.003070712089539
6382.1  1.000219225883484
6384.7  1.00064742565155
6387.3  1.004146575927734
6389.9  1.008628368377686
6392.5  1.012303233146668
6395.1  1.014739990234375
6397.7  1.015837073326111
6400.3  1.014618873596191
6402.9  1.009852766990662
6405.5  1.001179218292236
6408.1  0.9889888763427734
6410.7  0.974502682685852
6413.3  0.9615380764007568
6415.9  0.9563088417053222
6418.5  0.9622390866279602
6421.1  0.9755363464355468
6423.7  0.9883215427398681
6426.3  0.9955362081527709
6428.9  0.9975010752677917
6431.5  0.9969282150268554
6434.1  0.9951981306076049
6436.7  0.991826593875885
6439.3  0.9868896603584289
6441.9  0.9826611280441284
6444.5  0.9819307327270507
6447.1  0.9853677749633789
6449.7  0.9913569092750549
6452.3  0.9975954294204711
6454.9  1.0023273229599
6457.5  1.004708170890808
6460.1  1.004580736160278
6462.7  1.002198457717896
6465.3  0.9987045526504516
6467.9  0.9965154528617858
6470.5  0.9979649186134338
6473.1  1.003169059753418
6475.7  1.009559154510498
6478.3  1.013400793075562
6480.9  1.011735796928406
6483.5  1.003707885742187
6486.1  0.990901231765747
6488.7  0.976783812046051
6491.3  0.9654755592346191
6493.9  0.9600246548652648
6496.5  0.9611057043075561
6499.1  0.9672569632530212
6501.7  0.976244568824768
6504.3  0.9859083294868469
6506.9  0.9941408038139343
6509.5  0.9990246295928955
6512.1  0.9996269941329956
6514.7  0.9967859983444213
6517.3  0.9930123686790466
6519.9  0.9909892678260803
6522.5  0.9913025498390197
6525.1  0.9921085238456726
6527.7  0.9917595386505126
6530.3  0.9911534190177917
6532.9  0.9926373362541198
6535.5  0.9970601797103881
6538.1  1.002484321594238
6540.7  1.005521774291992
6543.3  1.003814935684204
6545.9  0.9974552392959594
6548.5  0.9874192476272583
6551.1  0.9720550179481506
6553.7  0.9458912014961242
6556.3  0.9045327305793762
6558.9  0.8537669777870178
6561.5  0.8135160207748413
6564.1  0.806742787361145
6566.7  0.839329719543457
6569.3  0.8933629989624023
6571.9  0.9431320428848266
6574.5  0.9747584462165832
6577.1  0.989840805530548
6579.7  0.9964523911476135
6582.3  1.000925302505493
6584.9  1.005821228027344
6587.5  1.011465549468994
6590.1  1.017501831054688
6592.7  1.023295879364014
6595.3  1.027819514274597
6597.9  1.029953479766846
6600.5  1.029118537902832
6603.1  1.02603006362915
6605.7  1.022970795631409
6608.3  1.022326707839966
6610.9  1.024168014526367
6613.5  1.026084780693054
6616.1  1.026172637939453
6618.7  1.025115609169006
6621.3  1.024358868598938
6623.9  1.023129105567932
6626.5  1.018727421760559
6629.1  1.00987982749939
6631.7  0.9990760087966918
6634.3  0.9904571771621704
6636.9  0.9852675199508666
6639.5  0.981402575969696
6642.1  0.9785377979278564
6644.7  0.9806621670722961
6647.3  0.9908754229545593
6649.9  1.006115555763245
6652.5  1.019835114479065
6655.1  1.028183579444885
6657.7  1.031605243682861
6660.3  1.032071948051453
6662.9  1.030962824821472
6665.5  1.029154896736145
6668.1  1.027430534362793
6670.7  1.025941967964172
6673.3  1.024099946022034
6675.9  1.021891713142395
6678.5  1.020951271057129
6681.1  1.023298263549805
6683.7  1.029076933860779
6686.3  1.036280632019043
6688.9  1.042162299156189
6691.5  1.043737411499024
6694.1  1.037104845046997
6696.7  1.018781661987305
6699.3  0.9904487133026123
6701.9  0.9624691605567932
6704.5  0.9490271210670471
6707.1  0.9565179944038391
6709.7  0.9779701232910156
6712.3  1.000148415565491
6714.9  1.014027357101441
6717.5  1.018415808677673
6720.1  1.017513036727905
6722.7  1.016600131988525
6725.3  1.017945885658264
6727.9  1.019828319549561
6730.5  1.01984977722168
6733.1  1.018213033676148
6735.7  1.016449093818665
6738.3  1.014145493507385
6740.9  1.008958578109741
6743.5  1.000083923339844
6746.1  0.9901104569435119
6748.7  0.9828963875770568
6751.3  0.9811000823974609
6753.9  0.9861592054367065
6756.5  0.9980791807174682
6759.1  1.013404369354248
6761.7  1.02496337890625
6764.3  1.026050686836243
6766.9  1.015876293182373
6769.5  1.001179933547974
6772.1  0.9917009472846984
6774.7  0.9923498034477233
6777.3  0.9995108842849731
6779.9  1.00570023059845
6782.5  1.007141351699829
6785.1  1.005885004997253
6787.7  1.005525708198547
6790.3  1.006951332092285
6792.9  1.00898277759552
6795.5  1.011417150497437
6798.1  1.015283346176148
6800.7  1.020383238792419
6803.3  1.024464130401611
6805.9  1.025710940361023
6808.5  1.025204539299011
6811.1  1.025996208190918
6813.7  1.029764890670776
6816.3  1.035098791122437
6818.9  1.039154529571533
6821.5  1.040151357650757
6824.1  1.037912487983704
6826.7  1.032583951950073
6829.3  1.022814512252808
6831.9  1.004509806632996
6834.5  0.9732795357704162
6837.1  0.9319254755973815
6839.7  0.8953341841697692
6842.3  0.8821814060211181
6844.9  0.8981627225875854
6847.5  0.9303264021873474
6850.1  0.9599362015724182
6852.7  0.9776462316513061
6855.3  0.9851613044738769
6857.9  0.9866504669189453
6860.5  0.9821794629096984
6863.1  0.968798816204071
6865.7  0.945601463317871
6868.3  0.9168125987052917
6870.9  0.8911144733428955
6873.5  0.8787871599197387
6876.1  0.8867068886756896
6878.7  0.9123106598854064
6881.3  0.9438101053237915
6883.9  0.9693185091018676
6886.5  0.98478764295578
6889.1  0.9924704432487487
6891.7  0.9949982166290283
6894.3  0.992650032043457
6896.9  0.9834930300712585
6899.5  0.9634000658988952
6902.1  0.927716851234436
6904.7  0.8774512410163879
6907.3  0.8250538706779479
6909.9  0.7903511524200439
6912.5  0.7870444059371948
6915.1  0.8139216899871826
6917.7  0.8592511415481567
6920.3  0.9096214175224304
6922.9  0.9540048241615295
6925.5  0.9850522875785827
6928.1  1.000353574752808
6930.7  1.002035260200501
6933.3  0.994748055934906
6935.9  0.9834622144699096
6938.5  0.9712874293327331
6941.1  0.9587517380714416
6943.7  0.9463429450988769
6946.3  0.9371801614761352
6948.9  0.9349675178527832
6951.5  0.940119981765747
6954.1  0.9496413469314575
6956.7  0.9596856832504272
6959.3  0.9674262404441833
6961.9  0.9724184274673461
6964.5  0.9765779972076416
6967.1  0.9806740283966064
6969.7  0.9809364080429077
6972.3  0.9720923900604248
6974.9  0.9549840688705444
6977.5  0.9390537142753601
6980.1  0.9348157048225402
6982.7  0.9442387223243713
6985.3  0.9597185254096984
6987.9  0.9713667631149291
6990.5  0.9730154275894165
6993.1  0.9628403186798095
6995.7  0.9433666467666625
6998.3  0.9230347871780395
7000.9  0.9129077792167663
7003.5  0.9171074032783508
7006.1  0.9289796352386474
7008.7  0.9398452639579772
7011.3  0.9481632113456726
7013.9  0.9572434425354003
7016.5  0.9681153893470764
7019.1  0.9781828522682189
7021.7  0.9840816259384155
7024.3  0.9837005138397216
7026.9  0.9776830077171325
7029.5  0.9705025553703308
7032.1  0.9679943919181823
7034.7  0.9725459814071655
7037.3  0.9816712141036987
7039.9  0.9914394617080688
7042.5  0.9996134638786315
7045.1  1.005508661270142
7047.7  1.008924126625061
7050.3  1.01022207736969
7052.9  1.010614275932312
7055.5  1.011381983757019
7058.1  1.012387752532959
7060.7  1.011665105819702
7063.3  1.007173180580139
7065.9  0.999389111995697
7068.5  0.9918398261070251
7071.1  0.9885417222976684
7073.7  0.9907987713813781
7076.3  0.9964471459388732
7078.9  1.001837134361267
7081.5  1.004366040229797
7084.1  1.003678560256958
7086.7  1.001279830932617
7089.3  0.9993619322776794
7091.9  0.9995386004447937
7094.5  1.001810193061829
7097.1  1.004382014274597
7099.7  1.004756212234497
7102.3  1.001293540000916
7104.9  0.9940131306648254
7107.5  0.9842528700828552
7110.1  0.9733203053474426
7112.7  0.9605665206909179
7115.3  0.9433019161224365
7117.9  0.9204207062721252
7120.5  0.8965274095535278
7123.1  0.8809917569160461
7125.7  0.8816397190093994
7128.3  0.8990083336830139
7130.9  0.9256573915481567
7133.5  0.9494526386260986
7136.1  0.9588751196861267
7138.7  0.9481927752494812
7141.3  0.919396162033081
7143.9  0.8808164596557617
7146.5  0.8453620672225952
7149.1  0.8262171149253845
7151.7  0.8285023570060729
7154.3  0.8463001251220703
7156.9  0.8710662126541137
7159.5  0.8993741869926452
7162.1  0.9298973083496093
7164.7  0.9579161405563354
7167.3  0.9763452410697937
7169.9  0.9799734354019165
7172.5  0.9670897126197814
7175.1  0.9395142197608947
7177.7  0.9035543799400329
7180.3  0.870119571685791
7182.9  0.8509139418601989
7185.5  0.8510644435882568
7188.1  0.8650422096252441
7190.7  0.8815923929214477
7193.3  0.8936624526977539
7195.9  0.9028041362762451
7198.5  0.9139425754547119
7201.1  0.9281203150749206
7203.7  0.9421561956405639
7206.3  0.9537479877471923
7208.9  0.9638814330101013
7211.5  0.9737937450408935
7214.1  0.9813023209571838
7216.7  0.9816082119941711
7219.3  0.970926821231842
7221.9  0.9491729140281677
7224.5  0.9211934804916381
7227.1  0.8965705037117004
7229.7  0.8855235576629638
7232.3  0.8918995261192321
7234.9  0.9110802412033081
7237.5  0.9352755546569824
7240.1  0.9581125378608703
7242.7  0.9742118120193481
7245.3  0.9785898327827453
7247.9  0.9690690040588378
7250.5  0.9489301443099975
7253.1  0.9265880584716796
7255.7  0.9107659459114074
7258.3  0.9036886692047119
7260.9  0.8997435569763183
7263.5  0.8928495049476623
7266.1  0.8838149309158325
7268.7  0.8788971900939941
7271.3  0.8832669854164123
7273.9  0.8973761200904846
7276.5  0.9174664616584777
7279.1  0.9378857612609863
7281.7  0.9536324739456176
7284.3  0.9620649218559265
7286.9  0.963645577430725
7289.5  0.9619697332382202
7292.1  0.9615921378135681
7294.7  0.9641245603561401
7297.3  0.9669834971427917
7299.9  0.9671481847763061
7302.5  0.9652378559112548
7305.1  0.9649661779403686
7307.7  0.969394028186798
7310.3  0.9783382415771484
7312.9  0.9887113571166992
7315.5  0.9966127872467041
7318.1  0.9994047880172729
7320.7  0.9964746832847595
7323.3  0.9885857105255126
7325.9  0.9773792028427124
7328.5  0.966176688671112
7331.1  0.9599155187606811
7333.7  0.9620702266693115
7336.3  0.9715596437454223
7338.9  0.9834057092666625
7341.5  0.9918165802955627
7344.1  0.9921842217445373
7346.7  0.9821735620498657
7349.3  0.963729441165924
7351.9  0.9442630410194396
7354.5  0.932505190372467
7357.1  0.9305478930473327
7359.7  0.9317201972007751
7362.3  0.9287312626838684
7364.9  0.9221687912940979
7367.5  0.9184423685073852
7370.1  0.9214352965354919
7372.7  0.9292287230491638
7375.3  0.9377347826957702
7377.9  0.9444145560264587
7380.5  0.9486745595932006
7383.1  0.9511445760726928
7385.7  0.9532327651977539
7388.3  0.956579566001892
7390.9  0.961464524269104
7393.5  0.9651755690574645
7396.1  0.9641088843345642
7398.7  0.9597502350807189
7401.3  0.9596874117851257
7403.9  0.9690372347831726
7406.5  0.982868492603302
7409.1  0.9907011985778808
7411.7  0.9873867630958557
7414.3  0.977303147315979
7416.9  0.9689170718193054
7419.5  0.9670291543006896
7422.1  0.9704471230506896
7424.7  0.9757077693939208
7427.3  0.9808476567268371
7429.9  0.9852842092514038
7432.5  0.9879924058914184
7435.1  0.9874786734580993
7437.7  0.9833734035491943
7440.3  0.9773852229118347
7442.9  0.9721748232841491
7445.5  0.9692639708518981
7448.1  0.9682241678237915
7450.7  0.9681423306465148
7453.3  0.9694030880928039
7455.9  0.973307192325592
7458.5  0.9801873564720153
7461.1  0.9885032176971435
7463.7  0.995724618434906
7466.3  0.9999062418937683
7468.9  1.000810265541077
7471.5  0.9998596906661987
7474.1  0.9987755417823791
7476.7  0.9980775117874145
7479.3  0.9971411824226379
7481.9  0.9957332015037536
7484.5  0.9947903156280517
7487.1  0.9952212572097778
7489.7  0.9964873194694519
7492.3  0.9970708489418029
7494.9  0.996042251586914
7497.5  0.9938257336616516
7500.1  0.9919900298118591
7502.7  0.9926068782806396
7505.3  0.9968481063842773
7507.9  1.003582000732422
7510.5  1.009714245796204
7513.1  1.011829376220703
7515.7  1.006842494010925
7518.3  0.9925165772438049
7520.9  0.9705031514167785
7523.5  0.9494865536689758
7526.1  0.9414769411087036
7528.7  0.9515647888183593
7531.3  0.9726659655570983
7533.9  0.9923534989356994
7536.5  1.00310206413269
7539.1  1.004945635795593
7541.7  1.001417517662048
7544.3  0.9958384037017822
7546.9  0.9905683398246765
7549.5  0.9871750473976135
7552.1  0.9860896468162536
7554.7  0.9868095517158508
7557.3  0.9891350269317626
7559.9  0.9936712384223937
7562.5  1.000158905982971
7565.1  1.006130337715149
7567.7  1.008807897567749
7570.3  1.008277177810669
7572.9  1.007625818252564
7575.5  1.009706139564514
7578.1  1.014387607574463
7580.7  1.018758535385132
7583.3  1.018223524093628
7585.9  1.005530595779419
7588.5  0.9692524671554565
7591.1  0.8976354002952575
7593.7  0.7889005541801452
7596.3  0.6585835814476013
7598.9  0.5346381664276123
7601.5  0.4453654289245606
7604.1  0.4106931090354919
7606.7  0.4369048774242401
7609.3  0.5122044086456298
7611.9  0.607837975025177
7614.5  0.6865909099578857
7617.1  0.7141126990318298
7619.7  0.673354148864746
7622.3  0.5792239904403686
7624.9  0.4762565195560455
7627.5  0.4107820987701416
7630.1  0.4019160568714142
7632.7  0.4389914870262146
7635.3  0.4965587556362152
7637.9  0.5478817820549011
7640.5  0.5780308246612548
7643.1  0.5946961045265197
7645.7  0.6197410225868225
7648.3  0.6639747023582458
7650.9  0.7149335145950317
7653.5  0.7527450323104858
7656.1  0.7719609141349792
7658.7  0.7831298112869262
7661.3  0.7980510592460632
7663.9  0.8209374547004699
7666.5  0.8516190648078918
7669.1  0.887933075428009
7671.7  0.9242557883262634
7674.3  0.9549280405044555
7676.9  0.9792410731315612
7679.5  0.9992223381996154
7682.1  1.014090180397034
7684.7  1.020694375038147
7687.3  1.018690824508667
7689.9  1.013084053993225
7692.5  1.010928153991699
7695.1  1.015347242355347
7697.7  1.023350954055786
7700.3  1.029831767082214
7702.9  1.032110095024109
7705.5  1.030304193496704
7708.1  1.025569677352905
7710.7  1.01925253868103
7713.3  1.012129426002502
7715.9  1.003509521484375
7718.5  0.9924114942550659
7721.1  0.9807811975479125
7723.7  0.97407728433609
7726.3  0.976647675037384
7728.9  0.9871661663055419
7731.5  1.000291109085083
7734.1  1.011850953102112
7736.7  1.020673274993897
7739.3  1.02636992931366
7741.9  1.027515172958374
7744.5  1.022705435752869
7747.1  1.013030529022217
7749.7  1.003167152404785
7752.3  0.999075174331665
7754.9  1.003421068191528
7757.5  1.013447999954224
7760.1  1.02388608455658
7762.7  1.031225085258484
7765.3  1.034868836402893
7767.9  1.035942077636719
7770.5  1.036469340324402
7773.1  1.038743376731873
7775.7  1.04400897026062
7778.3  1.051731944084167
7780.9  1.060372591018677
7783.5  1.068331241607666
7786.1  1.074162840843201
7788.7  1.076765894889832
7791.3  1.075812816619873
7793.9  1.071758508682251
7796.5  1.065333962440491
7799.1  1.05719530582428
7801.7  1.047722339630127
7804.3  1.036830306053162
7806.9  1.024797439575195
7809.5  1.014028310775757
7812.1  1.008890151977539
7814.7  1.012080073356629
7817.3  1.021423816680908
7819.9  1.031388640403748
7822.5  1.037292838096619
7825.1  1.037555456161499
7827.7  1.033187508583069
7830.3  1.026652455329895
7832.9  1.020946621894836
7835.5  1.01829719543457
7838.1  1.01861035823822
7840.7  1.01878297328949
7843.3  1.013973116874695
7845.9  1.001220941543579
7848.5  0.9835891723632812
7851.1  0.9703059792518615
7853.7  0.9704575538635253
7856.3  0.9853699803352355
7858.9  1.007676362991333
7861.5  1.027475476264954
7864.1  1.038460612297058
7866.7  1.039170980453491
7869.3  1.031511783599854
7871.9  1.020327091217041
7874.5  1.013158202171326
7877.1  1.016763806343079
7879.7  1.031661748886108
7882.3  1.050716757774353
7884.9  1.063802003860474
7887.5  1.063841938972473
7890.1  1.05012571811676
7892.7  1.028590321540833
7895.3  1.008471012115479
7897.9  0.9960147142410278
7900.5  0.9911877512931823
7903.1  0.9911205172538757
7905.7  0.9939875602722167
7908.3  0.9972425699234008
7910.9  0.9952660202980041
7913.5  0.9825096726417541
7916.1  0.9588591456413269
7918.7  0.9303817152976989
7921.3  0.9046211242675781
7923.9  0.8853954672813415
7926.5  0.8728335499763488
7929.1  0.8680317997932434
7931.7  0.8744838833808898
7934.3  0.8928586244583129
7936.9  0.9164874553680419
7939.5  0.9349226951599121
7942.1  0.9420840144157409
7944.7  0.9400724172592163
7947.3  0.9362568855285644
7949.9  0.9373612999916076
7952.5  0.9448837637901306
7955.1  0.9558008909225463
7957.7  0.9679856300354003
7960.3  0.9825165271759033
7962.9  0.9996095895767211
7965.5  1.015168070793152
7968.1  1.023815512657166
7970.7  1.024277567863464
7973.3  1.020711183547974
7975.9  1.018788933753967
7978.5  1.020492672920227
7981.1  1.023147702217102
7983.7  1.023809790611267
7986.3  1.022506356239319
7988.9  1.02006196975708
7991.5  1.015939116477966
7994.1  1.011130213737488
7996.7  1.010112285614014
7999.3  1.01573371887207
8001.9  1.024037003517151
8004.5  1.028202891349793
8007.1  1.026854753494263
8009.7  1.025272011756897
8012.3  1.028117179870605
8014.9  1.033563137054443
8017.5  1.035901427268982
8020.1  1.032513022422791
8022.7  1.026719212532044
8025.3  1.024335265159607
8027.9  1.02844512462616
8030.5  1.037322282791138
8033.1  1.045923948287964
8035.7  1.048250555992127
8038.3  1.038201808929443
8040.9  1.010736107826233
8043.5  0.9672382473945617
8046.1  0.9218341708183288
8048.7  0.8969577550888061
8051.3  0.9057788252830505
8053.9  0.9397816658020019
8056.5  0.9775882363319396
8059.1  1.003889203071594
8061.7  1.017076134681702
8064.3  1.022919416427612
8066.9  1.026916384696961
8069.5  1.032135605812073
8072.1  1.039371609687805
8074.7  1.047208428382874
8077.3  1.053699374198914
8079.9  1.058919668197632
8082.5  1.064913392066956
8085.1  1.072589039802551
8087.7  1.079561948776245
8090.3  1.081689238548279
8092.9  1.076597929000855
8095.5  1.065657019615173
8098.1  1.052367925643921
8100.7  1.038545250892639
8103.3  1.023303508758545
8105.9  1.007033228874207
8108.5  0.994841456413269
8111.1  0.993135929107666
8113.7  1.002416014671326
8116.3  1.015331149101257
8118.9  1.022647976875305
8121.5  1.020397067070007
8124.1  1.011460185050964
8126.7  1.001759052276611
8129.3  0.9957697987556457
8131.9  0.9950022101402282
8134.5  0.998593270778656
8137.1  1.003675937652588
8139.7  1.006357669830322
8142.3  1.004523396492005
8144.9  0.9998422861099243
8147.5  0.9962462782859802
8150.1  0.9966539144515991
8152.7  1.000982046127319
8155.3  1.006552457809448
8157.9  1.010274529457092
8160.5  1.010939359664917
8163.1  1.009044170379639
8165.7  1.004201412200928
8168.3  0.9943549633026123
8170.9  0.9790128469467163
8173.5  0.9619976878166198
8176.1  0.9494069218635559
8178.7  0.9451889991760253
8181.3  0.9490782618522644
8183.9  0.9583568572998046
8186.5  0.9710707664489746
8189.1  0.9862449765205383
8191.7  1.000566363334656
8194.3  1.007887482643128
8196.9  1.005119800567627
8199.5  0.9972451925277709
8202.1  0.9928033351898193
8204.7  0.9939602017402648
8207.3  0.994648277759552
8209.9  0.9903939962387084
8212.5  0.9864802956581115
8215.1  0.9925012588500976
8217.7  1.010450005531311
8220.3  1.031806826591492
8222.9  1.045305252075195
8225.5  1.044723153114319
8228.1  1.030563354492187
8230.7  1.008474469184875
8233.3  0.9869522452354431
8235.9  0.9737956523895263
8238.5  0.9726665019989013
8241.1  0.9824758172035217
8243.7  0.9990379810333251
8246.3  1.016726136207581
8248.9  1.030053496360779
8251.5  1.036001443862915
8254.1  1.035408973693848
8256.7  1.031419277191162
8259.3  1.026341319084168
8261.9  1.01997721195221
8264.5  1.009143233299255
8267.1  0.9882450699806213
8269.7  0.9532150626182556
8272.3  0.9084705710411071
8274.9  0.8692661523818969
8277.5  0.8540736436843872
8280.1  0.8719863891601562
8282.7  0.915350317955017
8285.3  0.963849663734436
8287.9  0.9975923299789428
8290.5  1.008270978927612
8293.1  1.000038981437683
8295.7  0.9833057522773742
8298.3  0.9686165452003479
8300.9  0.9620289206504821
8303.5  0.9626112580299377
8306.1  0.9656658172607421
8308.7  0.9695490598678588
8311.3  0.9755284786224365
8313.9  0.9807944297790527
8316.5  0.9789325594902038
8319.1  0.9708699584007263
8321.7  0.9685341119766235
8324.3  0.9818161129951477
8326.9  1.005664467811585
8329.5  1.02505099773407
8332.1  1.03053081035614
8334.7  1.025153160095215
8337.3  1.017406463623047
8339.9  1.011051177978516
8342.5  1.003472089767456
8345.1  0.9922730326652526
8347.7  0.9806896448135375
8350.3  0.9757144451141357
8352.9  0.9819074869155883
8355.5  0.9975439310073852
8358.1  1.015767097473145
8360.7  1.028524279594421
8363.3  1.030290126800537
8365.9  1.02055299282074
8368.5  1.004635214805603
8371.1  0.991222858428955
8373.7  0.9864847660064697
8376.3  0.990055501461029
8378.9  0.9974664449691772
8381.5  1.005136609077454
8384.1  1.012187004089356
8386.7  1.019091486930847
8389.3  1.025858640670776
8391.9  1.031131148338318
8394.5  1.033380270004272
8397.1  1.033570528030396
8399.7  1.035196423530579
8402.3  1.04003381729126
8404.9  1.045045971870422
8407.5  1.045443654060364
8410.1  1.040356159210205
8412.7  1.034278154373169
8415.3  1.032961368560791
8417.9  1.03817355632782
8420.5  1.045737504959106
8423.1  1.04805314540863
8425.7  1.038256645202637
8428.3  1.013499259948731
8430.9  0.9783300161361694
8433.5  0.9475573301315307
8436.1  0.9403846263885498
8438.7  0.9642821550369262
8441.3  1.006405591964722
8443.9  1.045756816864014
8446.5  1.07099986076355
8449.1  1.083500742912293
8451.7  1.088241815567017
8454.3  1.086861968040466
8456.9  1.077763676643372
8459.5  1.059897780418396
8462.1  1.036787509918213
8464.7  1.017287254333496
8467.3  1.010453939437866
8469.9  1.0185307264328
8472.5  1.035388827323914
8475.1  1.052014708518982
8477.7  1.062987804412842
8480.3  1.068183302879334
8482.9  1.069546222686768
8485.5  1.06712281703949
8488.1  1.058063387870789
8490.7  1.038892507553101
8493.3  1.009083867073059
8495.9  0.9736096858978271
8498.5  0.9423182010650634
8501.1  0.9252477884292602
8503.7  0.9268527030944824
8506.3  0.9435750246047973
8508.9  0.9660075902938842
8511.5  0.9840625524520874
8514.1  0.9922573566436767
8516.7  0.9917975068092346
8519.3  0.9884138703346252
8521.9  0.9879153370857238
8524.5  0.9924963116645812
8527.1  0.9991534948348999
8529.7  0.9987380504608154
8532.3  0.9745384454727172
8534.9  0.9045698046684265
8537.5  0.7732384204864501
8540.1  0.588333785533905
8542.7  0.3862080574035645
8545.3  0.2131321281194687
8547.9  0.09690706431865692
8550.5  0.03575973957777023
8553.1  0.01058897934854031
8555.7  0.002491571009159088
8558.3  4.579898959491402E-4
8560.9  6.008919808664359E-5
8563.5  0.
8566.1  0.
8568.7  0.
8571.3  0.
8573.9  0.
8576.5  0.
8579.1  0.
8581.7  0.
8584.3  0.
8586.9  0.
8589.5  0.
8592.1  0.
8594.7  0.
8597.3  0.
8599.9  0.
8602.5  0.
8605.1  0.
8607.7  0.
8610.3  0.
8612.9  0.
8615.5  0.
8618.1  0.
8620.7  0.
8623.3  0.
8625.9  0.
8628.5  0.
8631.1  0.
8633.7  0.
8636.3  0.
8638.9  0.
8641.5  4.916221951134503E-5
8644.1  3.718501538969576E-4
8646.7  0.002031355397775769
8649.3  0.008658427745103836
8651.9  0.02937115356326103
8654.5  0.08018667995929718
8657.1  0.1785068213939667
8659.7  0.32961106300354
8662.3  0.5160407423973083
8664.9  0.7034774422645568
8667.5  0.8599834442138671
8670.1  0.9707333445549011
8672.7  1.03801167011261
8675.3  1.07237696647644
8677.9  1.084794640541077
8680.5  1.083220601081848
8683.1  1.072006940841675
8685.7  1.053369283676147
8688.3  1.031494736671448
8690.9  1.01527202129364
8693.5  1.013490557670593
8696.1  1.025988221168518
8698.7  1.042569279670715
8701.3  1.051519989967346
8703.9  1.047039031982422
8706.5  1.030080795288086
8709.1  1.007443189620972
8711.7  0.9907029271125793
8714.3  0.990327775478363
8716.9  1.007161974906921
8719.5  1.031391859054565
8722.1  1.051220417022705
8724.7  1.061435461044312
8727.3  1.064131498336792
8729.9  1.063897490501404
8732.5  1.063423037528992
8735.1  1.062646627426147
8737.7  1.060512542724609
8740.3  1.056508660316467
8742.9  1.049870252609253
8745.5  1.038248777389526
8748.1  1.019442081451416
8750.7  0.9959781169891357
8753.3  0.9766985774040222
8755.9  0.9715231657028198
8758.5  0.983449637889862
8761.1  1.00507915019989
8763.7  1.022515177726746
8766.3  1.024231314659119
8768.9  1.009033083915711
8771.5  0.9873942136764526
8774.1  0.974510371685028
8776.7  0.9799669384956359
8779.3  1.003045082092285
8781.9  1.036731243133545
8784.5  1.073014378547668
8787.1  1.104196786880493
8789.7  1.123715281486511
8792.3  1.128652811050415
8794.9  1.119951844215393
8797.5  1.098235845565796
8800.1  1.061207175254822
8802.7  1.009920239448547
8805.3  0.9588008522987365
8807.9  0.932677686214447
8810.5  0.9464366436004638
8813.1  0.9899488687515258
8815.7  1.03800094127655
8818.3  1.072028279304504
8820.9  1.089134693145752
8823.5  1.095714330673218
8826.1  1.098526120185852
8828.7  1.100693464279175
8831.3  1.102170348167419
8833.9  1.10210645198822
8836.5  1.100723147392273
8839.1  1.099106431007385
8841.7  1.097973823547363
8844.3  1.097057700157166
8846.9  1.095557808876038
8849.5  1.092953324317932
8852.1  1.089486598968506
8854.7  1.085999488830566
8857.3  1.083199501037598
8859.9  1.081274151802063
8862.5  1.080399990081787
8865.1  1.081165552139282
8867.7  1.08390998840332
8870.3  1.087852716445923
8872.9  1.091464161872864
8875.5  1.093657851219177
8878.1  1.094207048416138
8880.7  1.093154907226563
8883.3  1.090506911277771
8885.9  1.086712002754211
8888.5  1.083013534545898
8891.1  1.080940246582031
8893.7  1.081237673759461
8896.3  1.083265066146851
8898.9  1.085757613182068
8901.5  1.08850085735321
8904.1  1.092894554138184
8906.7  1.100492000579834
8909.3  1.111293196678162
8911.9  1.123462557792664
8914.5  1.133660078048706
8917.1  1.137733101844788
8919.7  1.133170366287231
8922.3  1.122254610061646
8924.9  1.111577391624451
8927.5  1.106837153434754
8930.1  1.108387589454651
8932.7  1.11236310005188
8935.3  1.114961862564087
8937.9  1.114651203155518
8940.5  1.111469507217407
8943.1  1.106127142906189
8945.7  1.100003242492676
8948.3  1.094652771949768
8950.9  1.090337157249451
8953.5  1.085530281066895
8956.1  1.078428268432617
8958.7  1.06877064704895
8961.3  1.058199644088745
8963.9  1.049104809761047
8966.5  1.042608380317688
8969.1  1.037649869918823
8971.7  1.032631278038025
8974.3  1.027817010879517
8976.9  1.024863958358765
8979.5  1.023237466812134
8982.1  1.017831087112427
8984.7  1.002725958824158
8987.3  0.9792758226394653
8989.9  0.9594514966011047
8992.5  0.9576390981674194
8995.1  0.9768514037132263
8997.7  1.003710627555847
9000.3  1.018349170684814
9002.9  1.00905454158783
9005.5  0.9794411063194274
9008.1  0.9453077912330627
9010.7  0.9245628118515014
9013.3  0.9261795282363891
9015.9  0.9448606371879577
9018.5  0.9659045338630676
9021.1  0.9781425595283508
9023.7  0.9838649034500122
9026.3  0.9950550198554992
9028.9  1.019340872764587
9031.5  1.051845908164978
9034.1  1.081469178199768
9036.7  1.102067708969116
9039.3  1.11564314365387
9041.9  1.127331852912903
9044.5  1.139625310897827
9047.1  1.150815963745117
9049.7  1.157104969024658
9052.3  1.155284762382507
9054.9  1.144461989402771
9057.5  1.127337455749512
9060.1  1.110540986061096
9062.7  1.101422548294067
9065.3  1.102302193641663
9067.9  1.108307719230652
9070.5  1.111298084259033
9073.1  1.10540246963501
9075.7  1.090435028076172
9078.3  1.073037624359131
9080.9  1.063374996185303
9083.5  1.067020535469055
9086.1  1.079315423965454
9088.7  1.088738679885864
9091.3  1.085432887077332
9093.9  1.067505717277527
9096.5  1.041993141174316
9099.1  1.020158052444458
9101.7  1.010036706924438
9104.3  1.012465834617615
9106.9  1.023356914520264
9109.5  1.037846565246582
9112.1  1.051784992218018
9114.7  1.06203830242157
9117.3  1.067355990409851
9119.9  1.067511916160584
9122.5  1.060687899589539
9125.1  1.044367074966431
9127.7  1.020579338073731
9130.3  0.9983531832695007
9132.9  0.9881352186203002
9135.5  0.9937096834182739
9138.1  1.009664535522461
9140.7  1.024528980255127
9143.3  1.024839878082275
9145.9  0.9990985989570617
9148.5  0.944408893585205
9151.1  0.8743849396705627
9153.7  0.817622423171997
9156.3  0.7993192076683044
9158.9  0.820310354232788
9161.5  0.8576689958572387
9164.1  0.8855299353599548
9166.7  0.8916046023368835
9169.3  0.8774171471595764
9171.9  0.8498550057411193
9174.5  0.8140500783920288
9177.1  0.7749544978141784
9179.7  0.7474247217178344
9182.3  0.7575060725212097
9184.9  0.8206116557121276
9187.5  0.9187548756599426
9190.1  1.010021686553955
9192.7  1.061139702796936
9195.3  1.066870212554932
9197.9  1.044403791427612
9200.5  1.016836643218994
9203.1  0.999214768409729
9205.7  0.9937961101531982
9208.3  0.9958270788192749
9210.9  1.001762509346008
9213.5  1.011304497718811
9216.1  1.024942994117737
9218.7  1.041575789451599
9221.3  1.056978702545166
9223.9  1.064059734344482
9226.5  1.056595921516419
9229.1  1.034447431564331
9231.7  1.005728006362915
9234.3  0.9835374355316162
9236.9  0.9783472418785095
9239.5  0.9905842542648315
9242.1  1.01026439666748
9244.7  1.025203704833984
9247.3  1.029908537864685
9249.9  1.02602219581604
9252.5  1.016477823257446
9255.1  1.003198504447937
9257.7  0.9905210733413696
9260.3  0.9851253032684326
9262.9  0.989018440246582
9265.5  0.9964827895164489
9268.1  1.001819014549255
9270.7  1.006015658378601
9273.3  1.011837720870972
9275.9  1.017257332801819
9278.5  1.019055485725403
9281.1  1.019181609153748
9283.7  1.022613286972046
9286.3  1.031232118606567
9288.9  1.042691588401794
9291.5  1.05258846282959
9294.1  1.055289268493652
9296.7  1.044993400573731
9299.3  1.019449830055237
9301.9  0.9822285175323486
9304.5  0.9393448829650878
9307.1  0.8925361037254333
9309.7  0.8379320502281188
9312.3  0.7725964784622192
9314.9  0.7025128006935119
9317.5  0.6452832221984863
9320.1  0.6251320242881774
9322.7  0.6600878238677978
9325.3  0.7463338375091552
9327.9  0.8533686399459838
9330.5  0.9396154284477233
9333.1  0.9761819243431091
9335.7  0.9566572904586791
9338.3  0.8921117186546325
9340.9  0.807042121887207
9343.5  0.7357864379882812
9346.1  0.7050575017929077
9348.7  0.7106325626373291
9351.3  0.7207262516021728
9353.9  0.7088094353675842
9356.5  0.6761347651481628
9359.1  0.6395571827888488
9361.7  0.6071470975875854
9364.3  0.5761646628379821
9366.9  0.5529103875160217
9369.5  0.5603230595588684
9372.1  0.6153403520584106
9374.7  0.703936219215393
9377.3  0.7882885336875915
9379.9  0.8394812941551208
9382.5  0.8588666319847106
9385.1  0.8691247105598449
9387.7  0.8899301290512084
9390.3  0.920836865901947
9392.9  0.9440122842788696
9395.5  0.9432063102722167
9398.1  0.9190999269485473
9400.7  0.884218156337738
9403.3  0.8468247056007385
9405.9  0.8077264428138732
9408.5  0.7720164060592651
9411.1  0.7540996074676513
9413.7  0.7663890719413757
9416.3  0.8070840835571289
9418.9  0.8597779273986816
9421.5  0.90280282497406
9424.1  0.9223325848579406
9426.7  0.9213988184928894
9429.3  0.9148982763290405
9431.9  0.9129892587661743
9434.5  0.9103935956954956
9437.1  0.8941346406936645
9439.7  0.8610750436782836
9442.3  0.8248264193534851
9444.9  0.8022820949554443
9447.5  0.794315218925476
9450.1  0.7835014462471008
9452.7  0.7515313029289245
9455.3  0.6948684453964233
9457.9  0.6228716373443603
9460.5  0.5486935377120971
9463.1  0.4899941384792328
9465.7  0.4739878177642822
9468.3  0.5259281396865844
9470.9  0.6428048014640808
9473.5  0.785176932811737
9476.1  0.9033142328262329
9478.7  0.9702145457267761
9481.3  0.9901971817016601
9483.9  0.9848161935806274
9486.5  0.9744515419006347
9489.1  0.9677230715751647
9491.7  0.9608306884765625
9494.3  0.9455184936523437
9496.9  0.9195972084999084
9499.5  0.892897605895996
9502.1  0.8818464279174804
9504.7  0.8933879137039184
9507.3  0.9133237600326538
9509.9  0.9145041108131408
9512.5  0.8776615858078002
9515.1  0.8049744367599487
9517.7  0.7174450755119323
9520.3  0.6440393924713134
9522.9  0.6117952466011047
9525.5  0.6360631585121154
9528.1  0.7109349966049194
9530.7  0.8092352747917175
9533.3  0.8967010378837585
9535.9  0.9499420523643493
9538.5  0.964108407497406
9541.1  0.9482991695404052
9543.7  0.9160699248313903
9546.3  0.8781203627586364
9548.9  0.8411065340042114
9551.5  0.8122194409370422
9554.1  0.7993823289871215
9556.7  0.8005751967430114
9559.3  0.7983234524726867
9561.9  0.7778695821762084
9564.5  0.7509124875068664
9567.1  0.7480713129043579
9569.7  0.7834929823875427
9572.3  0.837610125541687
9574.9  0.8798705339431762
9577.5  0.8983295559883117
9580.1  0.9010252356529235
9582.7  0.8967947363853454
9585.3  0.8838260173797607
9587.9  0.8558995723724365
9590.5  0.8144959807395935
9593.1  0.7721111178398132
9595.7  0.7446123361587524
9598.3  0.7418386340141296
9600.9  0.7616129517555236
9603.5  0.7846274971961975
9606.1  0.7765580415725708
9608.7  0.7075340151786804
9611.3  0.5801196098327636
9613.9  0.4403272569179535
9616.5  0.353925496339798
9619.1  0.3622452020645142
9621.7  0.4566739797592163
9624.3  0.5941824316978454
9626.9  0.7319585084915161
9629.5  0.8449777960777282
9632.1  0.9234529733657836
9634.7  0.9698706269264221
9637.3  0.9974724054336547
9639.9  1.020423769950867
9642.5  1.043075680732727
9645.1  1.060889959335327
9647.7  1.068669438362122
9650.3  1.064492225646973
9652.9  1.048661708831787
9655.5  1.023168325424194
9658.1  0.9920854568481445
9660.7  0.9601842164993286
9663.3  0.9306821227073669
9665.9  0.9064328670501708
9668.5  0.8935005664825439
9671.1  0.8995055556297302
9673.7  0.9254117012023925
9676.3  0.961597740650177
9678.9  0.9948732852935791
9681.5  1.017549991607666
9684.1  1.028834700584412
9686.7  1.031042814254761
9689.3  1.027086138725281
9691.9  1.020003199577332
9694.5  1.012625455856323
9697.1  1.006699323654175
9699.7  1.002463579177857
9702.3  0.9995414614677429
9704.9  0.9983019828796386
9707.5  0.9987547993659973
9710.1  0.998018205165863
9712.7  0.9914174675941467
9715.3  0.9780437350273132
9717.9  0.9636470675468444
9720.5  0.9561061263084411
9723.1  0.9584589600563049
9725.7  0.9670302271842956
9728.3  0.975177526473999
9730.9  0.9778971076011657
9733.5  0.9732127785682678
9736.1  0.9610911607742309
9738.7  0.9431356191635131
9741.3  0.923892319202423
9743.9  0.909606397151947
9746.5  0.9032551646232604
9749.1  0.9025349020957946
9751.7  0.9039369225502014
9754.3  0.9035165309906005
9756.9  0.888680875301361
9759.5  0.834499180316925
9762.1  0.7202970385551452
9764.7  0.556598424911499
9767.3  0.3936826884746552
9769.9  0.297607809305191
9772.5  0.309615820646286
9775.1  0.4192726016044617
9777.7  0.5730236768722534
9780.3  0.7136092782020568
9782.9  0.8156339526176452
9785.5  0.8847366571426391
9788.1  0.9323092699050903
9790.7  0.9618864655494689
9793.3  0.9748134016990661
9795.9  0.9758836030960083
9798.5  0.9705561995506286
9801.1  0.9624243974685668
9803.7  0.9548171162605285
9806.3  0.9512634873390197
9808.9  0.9538213014602661
9811.5  0.9626957178115844
9814.1  0.9766506552696228
9816.7  0.9926843643188476
9819.3  1.006515622138977
9821.9  1.015006184577942
9824.5  1.018236875534058
9827.1  1.018753170967102
9829.7  1.018695831298828
9832.3  1.018014550209045
9834.9  1.015209794044495
9837.5  1.008941173553467
9840.1  0.9987441897392272
9842.7  0.9850014448165893
9845.3  0.9688708186149597
9847.9  0.9528307914733886
9850.5  0.9411187767982482
9853.1  0.9376084804534912
9855.7  0.9421530365943908
9858.3  0.9505754709243774
9860.9  0.9591489434242248
9863.5  0.9675667285919189
9866.1  0.9769127964973449
9868.7  0.986535906791687
9871.3  0.9942662715911865
9873.9  0.9986855387687683
9876.5  0.9999232292175292
9879.1  0.9986385107040405
9881.7  0.9950369596481323
9884.3  0.988995611667633
9886.9  0.9811875820159912
9889.5  0.9741337895393371
9892.1  0.9713591933250427
9894.7  0.9744667410850524
9897.3  0.9814589619636535
9899.9  0.9886673688888549
9902.5  0.9936403632164001
9905.1  0.9955530762672424
9907.7  0.9932119250297546
9910.3  0.9824220538139343
9912.9  0.9530419111251831
9915.5  0.887904942035675
9918.1  0.7706993818283081
9920.7  0.6053578257560729
9923.3  0.4313958585262299
9925.9  0.3126978278160095
9928.5  0.3012584447860718
9931.1  0.4043573439121246
9933.7  0.5801545977592468
9936.3  0.7635644674301147
9938.9  0.9032946228981018
9941.5  0.9832521080970764
9944.1  1.016612052917481
9946.7  1.025619268417359
9949.3  1.026493906974793
9951.9  1.025800466537476
9954.5  1.023651599884033
9957.1  1.018733859062195
9959.7  1.011953473091126
9962.3  1.006335854530334
9964.9  1.003904700279236
9967.5  1.003650307655335
9970.1  1.00308632850647
9972.7  1.000835180282593
9975.3  0.9970567226409912
9977.9  0.9921727776527404
9980.5  0.9860466122627258
9983.1  0.9777800440788269
9985.7  0.9642112255096435
9988.3  0.9354951977729797
9990.9  0.8723757266998291
9993.5  0.7549856305122375
9996.1  0.5831936001777648
