3501.3  0.2447794079780579
3503.9  0.3151184320449829
3506.5  0.3621304929256439
3509.1  0.3860617876052857
3511.7  0.3952467143535614
3514.3  0.3977144658565521
3516.9  0.3973225355148315
3519.5  0.3951474726200104
3522.1  0.3923791646957398
3524.7  0.3912413716316223
3527.3  0.39350426197052
3529.9  0.3989560008049011
3532.5  0.4058893620967865
3535.1  0.4127189517021179
3537.7  0.4187609553337097
3540.3  0.4238668978214264
3542.9  0.4279031455516815
3545.5  0.4305890500545502
3548.1  0.4316440224647522
3550.7  0.4311026036739349
3553.3  0.4294795095920563
3555.9  0.4273389875888825
3558.5  0.4244850873947144
3561.1  0.4198454320430756
3563.7  0.4126337766647339
3566.3  0.4036919474601746
3568.9  0.3953100144863129
3571.5  0.389508455991745
3574.1  0.3865152895450592
3576.7  0.3847869038581848
3579.3  0.3824358284473419
3581.9  0.37901371717453
3584.5  0.3763079941272736
3587.1  0.3772536218166351
3589.7  0.3834832608699799
3592.3  0.393519252538681
3594.9  0.4034006297588348
3597.5  0.4093025028705597
3600.1  0.4099197387695313
3602.7  0.4067440927028656
3605.3  0.4023358225822449
3607.9  0.3985061943531036
3610.5  0.3960179090499878
3613.1  0.3952653110027313
3615.7  0.3966051638126373
3618.3  0.4001789391040802
3620.9  0.405509889125824
3623.5  0.4109934568405151
3626.1  0.4142481982707977
3628.7  0.4140848517417908
3631.3  0.4121426641941071
3633.9  0.4114238023757935
3636.5  0.4129776358604431
3639.1  0.4150496125221252
3641.7  0.4157094657421112
3644.3  0.415324866771698
3646.9  0.4161103367805481
3649.5  0.4199453592300415
3652.1  0.426826685667038
3654.7  0.4348001480102539
3657.3  0.4411994516849518
3659.9  0.4444510638713837
3662.5  0.4449830651283264
3665.1  0.4444143176078796
3667.7  0.4438909292221069
3670.3  0.4431098997592926
3672.9  0.4408379197120667
3675.5  0.4364818036556244
3678.1  0.4311863481998444
3680.7  0.4272739589214325
3683.3  0.4268076419830322
3685.9  0.4307680130004883
3688.5  0.4388277232646942
3691.1  0.4492766857147217
3693.7  0.4594478905200958
3696.3  0.4665526151657105
3698.9  0.4685240387916565
3701.5  0.4652301669120789
3704.1  0.459660530090332
3706.7  0.4570212662220001
3709.3  0.461468517780304
3711.9  0.473028838634491
3714.5  0.4871350228786469
3717.1  0.4978796541690826
3719.7  0.5033493638038635
3722.3  0.5068897604942321
3724.9  0.5111142992973327
3727.5  0.5127236247062683
3730.1  0.5072739124298095
3732.7  0.4982070922851563
3735.3  0.4959411919116974
3737.9  0.5057423710823059
3740.5  0.5197421908378601
3743.1  0.5246109962463378
3745.7  0.5167568325996398
3748.3  0.5073116421699523
3750.9  0.5111647844314575
3753.5  0.5323485136032104
3756.1  0.5611824989318847
3758.7  0.5837358832359313
3761.3  0.5913281440734863
3763.9  0.5831295847892761
3766.5  0.5658483505249023
3769.1  0.5528568625450134
3771.7  0.5587372183799743
3774.3  0.5896510481834411
3776.9  0.63794606924057
3779.5  0.6865090131759643
3782.1  0.718639314174652
3784.7  0.7255136370658874
3787.3  0.7073219418525695
3789.9  0.670225977897644
3792.5  0.6243852376937866
3795.1  0.5844437479972839
3797.7  0.56708425283432
3800.3  0.5823217034339904
3802.9  0.6257092356681823
3805.5  0.6807005405426025
3808.1  0.72929447889328
3810.7  0.7611763477325439
3813.3  0.7756018042564392
3815.9  0.7769246697425842
3818.5  0.7682244777679443
3821.1  0.7485727667808532
3823.7  0.7156235575675964
3826.3  0.6696143746376037
3828.9  0.6154605746269226
3831.5  0.5635973811149597
3834.1  0.5291669368743896
3836.7  0.5264840722084045
3839.3  0.5602128505706787
3841.9  0.6212784647941589
3844.5  0.6921873092651367
3847.1  0.7566778659820556
3849.7  0.8057323098182678
3852.3  0.8379137516021728
3854.9  0.8571143150329589
3857.5  0.8696733713150024
3860.1  0.8807496428489685
3862.7  0.8911247849464416
3865.3  0.8972221612930297
3867.9  0.8945837020874023
3870.5  0.8814019560813903
3873.1  0.8587516546249389
3875.7  0.8277358412742614
3878.3  0.7871164679527282
3880.9  0.7350677251815795
3883.5  0.6748054027557373
3886.1  0.618705928325653
3888.7  0.5844979286193847
3891.3  0.5841404199600219
3893.9  0.6153587102890014
3896.5  0.6643542647361755
3899.1  0.7161654233932495
3901.7  0.7623748779296875
3904.3  0.801165223121643
3906.9  0.8327560424804687
3909.5  0.8558626174926757
3912.1  0.8685125112533569
3914.7  0.8711125254631042
3917.3  0.866131842136383
3919.9  0.8528913855552673
3922.5  0.8236562609672546
3925.1  0.768350064754486
3927.7  0.6872214078903198
3930.3  0.6005576252937316
3932.9  0.5425354242324829
3935.5  0.5391597151756286
3938.1  0.588715374469757
3940.7  0.6641251444816589
3943.3  0.7341695427894592
3945.9  0.7818920612335205
3948.5  0.8063169121742248
3951.1  0.8129466772079467
3953.7  0.8048994541168212
3956.3  0.7800188660621643
3958.9  0.7333740592002868
3961.5  0.6636894941329956
3964.1  0.5810016989707946
3966.7  0.5089282989501953
3969.3  0.4752371609210968
3971.9  0.494740217924118
3974.5  0.5592064261436462
3977.1  0.6440600156784057
3979.7  0.7249719500541687
3982.3  0.7896268367767333
3984.9  0.8378467559814453
3987.5  0.8743469715118408
3990.1  0.9022237658500671
3992.7  0.9218503832817077
3995.3  0.933674931526184
3997.9  0.9400952458381652
4000.5  0.9443719983100891
4003.1  0.9491658806800842
4005.7  0.9564990997314453
4008.3  0.9674457907676696
4010.9  0.9811127185821533
4013.5  0.9949038624763488
4016.1  1.006037831306458
4018.7  1.012385964393616
4021.3  1.0125412940979
4023.9  1.006310343742371
4026.5  0.9956694841384887
4029.1  0.9851787090301513
4031.7  0.9804232716560363
4034.3  0.984048843383789
4036.9  0.9927384257316589
4039.5  0.9996936917304992
4042.1  1.000826120376587
4044.7  0.9974170923233032
4047.3  0.9926227927207946
4049.9  0.9874292016029357
4052.5  0.9811795949935913
4055.1  0.9742010831832885
4057.7  0.9678242802619934
4060.3  0.9625414609909057
4062.9  0.9576514959335327
4065.5  0.9521169662475585
4068.1  0.9445615410804748
4070.7  0.9333802461624145
4073.3  0.9186422228813171
4075.9  0.9036586284637451
4078.5  0.8929298520088195
4081.1  0.8878616094589233
4083.7  0.8850382566452026
4086.3  0.8781772255897521
4088.9  0.8605372309684753
4091.5  0.8265914320945739
4094.1  0.7751086950302124
4096.7  0.7135880589485168
4099.3  0.6592810750007629
4101.9  0.6322337985038757
4104.5  0.6432146430015563
4107.1  0.6868139505386352
4109.7  0.7462114691734313
4112.3  0.804124116897583
4114.9  0.8500983715057373
4117.5  0.8812503814697265
4120.1  0.8996291160583496
4122.7  0.9091417789459228
4125.3  0.9137403964996337
4127.9  0.9175316095352172
4130.5  0.9251003265380859
4133.1  0.9395497441291809
4135.7  0.9593693614006042
4138.3  0.9784504771232604
4140.9  0.9906948804855346
4143.5  0.9946433305740356
4146.1  0.9931120872497558
4148.7  0.9893021583557128
4151.3  0.9848207235336303
4153.9  0.981045663356781
4156.5  0.9801992774009704
4159.1  0.9836782217025756
4161.7  0.9895792603492736
4164.3  0.9926387667655944
4166.9  0.9875178337097167
4169.5  0.9732688665390014
4172.1  0.9550588726997375
4174.7  0.940859317779541
4177.3  0.9358812570571899
4179.9  0.9401435256004333
4182.5  0.9506816267967224
4185.1  0.9647451639175415
4187.7  0.9802694916725158
4190.3  0.9941824674606323
4192.9  1.002247214317322
4195.5  1.002203345298767
4198.1  0.9968603253364562
4200.7  0.9926342368125915
4203.3  0.9943761825561523
4205.9  1.00180447101593
4208.5  1.010585427284241
4211.1  1.016138434410095
4213.7  1.016552686691284
4216.3  1.012543320655823
4218.9  1.005414605140686
4221.5  0.9962626695632934
4224.1  0.9873604178428649
4226.7  0.9821958541870117
4229.3  0.9824190735816955
4231.9  0.9861671924591064
4234.5  0.9907147884368896
4237.1  0.9950925111770629
4239.7  0.998974323272705
4242.3  1.001101493835449
4244.9  1.000733971595764
4247.5  0.999609351158142
4250.1  1.000641465187073
4252.7  1.004744291305542
4255.3  1.010207533836365
4257.9  1.015209555625916
4260.5  1.01941180229187
4263.1  1.022340774536133
4265.7  1.021963834762573
4268.3  1.017030835151672
4270.9  1.010179758071899
4273.5  1.00629186630249
4276.1  1.007134795188904
4278.7  1.008979201316834
4281.3  1.00614321231842
4283.9  0.996203064918518
4286.5  0.9815596938133239
4289.1  0.9665348529815673
4291.7  0.9530760645866394
4294.3  0.9394749999046325
4296.9  0.9239014983177185
4299.5  0.9085833430290222
4302.1  0.898806869983673
4304.7  0.8976161479949951
4307.3  0.9029456973075866
4309.9  0.9102113246917724
4312.5  0.9163370132446289
4315.1  0.9204804897308349
4317.7  0.9217896461486816
4320.3  0.918103814125061
4322.9  0.9073519706726074
4325.5  0.8887599110603332
4328.1  0.8612460494041442
4330.7  0.8217494487762451
4333.3  0.7684247493743896
4335.9  0.7077727317810058
4338.5  0.6573525071144104
4341.1  0.6373400688171386
4343.7  0.656171977519989
4346.3  0.7044134140014648
4348.9  0.7634108662605285
4351.5  0.8189458847045898
4354.1  0.8664718270301818
4356.7  0.9066621661186218
4359.3  0.9397222399711608
4361.9  0.9640272259712219
4364.5  0.9779849052429199
4367.1  0.9822623133659362
4369.7  0.9805185198783874
4372.3  0.9777570962905883
4374.9  0.9770688414573669
4377.5  0.9775386452674865
4380.1  0.9760652184486389
4382.7  0.971838355064392
4385.3  0.9679256677627563
4387.9  0.9675079584121704
4390.5  0.9700110554695129
4393.1  0.9724886417388916
4395.7  0.9737330079078674
4398.3  0.9754797220230102
4400.9  0.9799684286117553
4403.5  0.98725426197052
4406.1  0.9947360157966613
4408.7  0.9989470839500427
4411.3  0.998316466808319
4413.9  0.9949640035629272
4416.5  0.9935594797134399
4419.1  0.9974123835563659
4421.7  1.005448460578919
4424.3  1.013432383537292
4426.9  1.01778519153595
4429.5  1.017893671989441
4432.1  1.015405416488648
4434.7  1.011911273002625
4437.3  1.007399916648865
4439.9  1.001272678375244
4442.5  0.9945091009140014
4445.1  0.9891830682754516
4447.7  0.9854466915130615
4450.3  0.9809089303016662
4452.9  0.9739205241203308
4455.5  0.9660276770591735
4458.1  0.9602506756782531
4460.7  0.9579249620437622
4463.3  0.9582160115242004
4465.9  0.9602003097534179
4468.5  0.9641246199607849
4471.1  0.9699091911315917
4473.7  0.9751901030540466
4476.3  0.9766283631324768
4478.9  0.9737197160720825
4481.5  0.9698465466499328
4484.1  0.9686699509620666
4486.7  0.9707905054092407
4489.3  0.9748498797416687
4491.9  0.9802138209342956
4494.5  0.9871290922164916
4497.1  0.9954007863998413
4499.7  1.004180550575256
4502.3  1.012461304664612
4504.9  1.019071340560913
4507.5  1.022618651390076
4510.1  1.021950960159302
4512.7  1.016690611839295
4515.3  1.007496237754822
4517.9  0.9959573149681091
4520.5  0.983995497226715
4523.1  0.9731534123420715
4525.7  0.964458405971527
4528.3  0.958994448184967
4530.9  0.9583669900894165
4533.5  0.9638813138008117
4536.1  0.9745376706123352
4538.7  0.9859815239906311
4541.3  0.9923651814460754
4543.9  0.9899919033050537
4546.5  0.9796566367149353
4549.1  0.9661381840705871
4551.7  0.9556137919425964
4554.3  0.952613890171051
4556.9  0.9579952955245971
4559.5  0.9689579010009765
4562.1  0.981166124343872
4564.7  0.9913577437400817
4567.3  0.9982731938362121
4569.9  1.001809120178223
4572.5  1.001992344856262
4575.1  0.9986606836318969
4577.7  0.9919383525848388
4580.3  0.9832459688186645
4582.9  0.9754736423492431
4585.5  0.9713228940963745
4588.1  0.9714707732200622
4590.7  0.974703311920166
4593.3  0.9793733954429626
4595.9  0.9843342304229736
4598.5  0.9891299605369567
4601.1  0.993912935256958
4603.7  0.9988340139389038
4606.3  1.003138065338135
4608.9  1.005156993865967
4611.5  1.00366222858429
4614.1  0.9993277192115783
4616.7  0.9946681857109069
4619.3  0.9921634197235107
4621.9  0.9921811819076538
4624.5  0.9928814768791198
4627.1  0.9923053979873657
4629.7  0.9902687072753906
4632.3  0.9881044626235961
4634.9  0.9870122075080871
4637.5  0.9868809580802917
4640.1  0.9864283204078674
4642.7  0.9844202399253845
4645.3  0.9809800386428833
4647.9  0.9776456952095031
4650.5  0.9760410785675048
4653.1  0.976635992527008
4655.7  0.9785051941871643
4658.3  0.979562759399414
4660.9  0.9773904085159301
4663.5  0.9713233709335327
4666.1  0.9642232060432434
4668.7  0.9610424637794494
4671.3  0.9647133350372314
4673.9  0.9737141132354736
4676.5  0.9839046001434326
4679.1  0.992131233215332
4681.7  0.9976733922958374
4684.3  1.001068592071533
4686.9  1.00276792049408
4689.5  1.002992033958435
4692.1  1.00192666053772
4694.7  0.9995485544204711
4697.3  0.9957269430160522
4699.9  0.9909420013427734
4702.5  0.9867096543312072
4705.1  0.9849718213081359
4707.7  0.9870081543922424
4710.3  0.992837369441986
4712.9  1.001383662223816
4715.5  1.011016368865967
4718.1  1.019946098327637
4720.7  1.026374816894531
4723.3  1.028867602348328
4725.9  1.027191519737244
4728.5  1.022898554801941
4731.1  1.018689632415772
4733.7  1.016819357872009
4736.3  1.0179523229599
4738.9  1.021268606185913
4741.5  1.025260806083679
4744.1  1.028464555740356
4746.7  1.029912352561951
4749.3  1.029333353042603
4751.9  1.02708625793457
4754.5  1.0237797498703
4757.1  1.019817352294922
4759.7  1.015568017959595
4762.3  1.012199640274048
4764.9  1.01176118850708
4767.5  1.015676975250244
4770.1  1.023252964019776
4772.7  1.031970620155334
4775.3  1.039036393165588
4777.9  1.042698860168457
4780.5  1.042811274528503
4783.1  1.040729403495789
4785.7  1.038596749305725
4788.3  1.038215160369873
4790.9  1.039947867393494
4793.5  1.042393326759338
4796.1  1.043384075164795
4798.7  1.04173731803894
4801.3  1.038196802139282
4803.9  1.034786939620972
4806.5  1.03337574005127
4809.1  1.034603714942932
4811.7  1.037559986114502
4814.3  1.040083885192871
4816.9  1.039701461791992
4819.5  1.035144329071045
4822.1  1.027491211891174
4824.7  1.019472241401672
4827.3  1.013149738311768
4829.9  1.008348822593689
4832.5  1.00338876247406
4835.1  0.9967977404594421
4837.7  0.9879523515701293
4840.3  0.9764260649681091
4842.9  0.9611731171607971
4845.5  0.9402524232864379
4848.1  0.9110022783279418
4850.7  0.8707071542739868
4853.3  0.8186450004577636
4855.9  0.7597817182540893
4858.5  0.7071079015731811
4861.1  0.6776319146156311
4863.7  0.6820446252822875
4866.3  0.716717779636383
4868.9  0.7666424512863159
4871.5  0.8163942098617553
4874.1  0.8579614758491516
4876.7  0.8900061249732971
4879.3  0.9132802486419677
4881.9  0.9284590482711791
4884.5  0.9371491074562072
4887.1  0.9429479241371154
4889.7  0.9502843022346496
4892.3  0.9616641402244567
4894.9  0.9759173989295959
4897.5  0.989418089389801
4900.1  0.9991604685783386
4902.7  1.004506349563599
4905.3  1.006438732147217
4907.9  1.006120562553406
4910.5  1.004157900810242
4913.1  1.000349164009094
4915.7  0.9942644834518432
4918.3  0.9870306253433227
4920.9  0.9821438789367675
4923.5  0.9829767942428588
4926.1  0.9891164302825927
4928.7  0.9962005615234375
4931.3  1.000037789344788
4933.9  1.000561237335205
4936.5  1.001386642456055
4939.1  1.005851626396179
4941.7  1.013940095901489
4944.3  1.022777199745178
4946.9  1.029243350028992
4949.5  1.031813502311707
4952.1  1.030873656272888
4954.7  1.028443455696106
4957.3  1.027274489402771
4959.9  1.028956055641174
4962.5  1.032644748687744
4965.1  1.036260843276978
4967.7  1.038673996925354
4970.3  1.039800405502319
4972.9  1.038789033889771
4975.5  1.033554315567017
4978.1  1.023213028907776
4980.7  1.010735869407654
4983.3  1.001951217651367
4985.9  1.001004338264465
4988.5  1.00692880153656
4991.1  1.01484227180481
4993.7  1.019792795181274
4996.3  1.019253730773926
4998.9  1.013441562652588
5001.5  1.004748106002808
5004.1  0.9964332580566406
5006.7  0.9904804229736328
5009.3  0.9862674474716186
5011.9  0.9819040894508361
5014.5  0.9771883487701416
5017.1  0.9747803211212158
5019.7  0.9779449701309204
5022.3  0.9872352480888366
5024.9  0.9996727705001831
5027.5  1.010916948318481
5030.1  1.01774525642395
5032.7  1.018881916999817
5035.3  1.014973640441895
5037.9  1.00868034362793
5040.5  1.003836512565613
5043.1  1.002993226051331
5045.7  1.005665183067322
5048.3  1.009803533554077
5050.9  1.014657139778137
5053.5  1.021028161048889
5056.1  1.02883243560791
5058.7  1.03573489189148
5061.3  1.038783669471741
5063.9  1.036970496177673
5066.5  1.031844139099121
5069.1  1.02577805519104
5071.7  1.020000696182251
5074.3  1.014492034912109
5076.9  1.009508967399597
5079.5  1.006577968597412
5082.1  1.007498383522034
5084.7  1.012369275093079
5087.3  1.018906474113464
5089.9  1.023828625679016
5092.5  1.02498459815979
5095.1  1.022656798362732
5097.7  1.019290566444397
5100.3  1.017621278762817
5102.9  1.018617749214172
5105.5  1.021432757377625
5108.1  1.025179505348206
5110.7  1.029705047607422
5113.3  1.034340620040894
5115.9  1.037003517150879
5118.5  1.035463571548462
5121.1  1.029409766197205
5123.7  1.020959854125977
5126.3  1.013156890869141
5128.9  1.007925391197205
5131.5  1.005197048187256
5134.1  1.003707885742187
5136.7  1.002517938613892
5139.3  1.00176215171814
5141.9  1.002027273178101
5144.5  1.003306984901428
5147.1  1.004914879798889
5149.7  1.006337285041809
5152.3  1.007615804672241
5154.9  1.008394479751587
5157.5  1.006636023521423
5160.1  0.9990372657775878
5162.7  0.9838616251945495
5165.3  0.9641589522361755
5167.9  0.9478427767753601
5170.5  0.9430556893348693
5173.1  0.9518158435821533
5175.7  0.9677278399467468
5178.3  0.9805973172187805
5180.9  0.9841065406799316
5183.5  0.9794613718986511
5186.1  0.9722517728805541
5188.7  0.9669294953346252
5191.3  0.9646402597427368
5193.9  0.9647855758666992
5196.5  0.9666071534156799
5199.1  0.9690715670585632
5201.7  0.9708793759346008
5204.3  0.9717833399772644
5206.9  0.973351776599884
5209.5  0.9774394035339355
5212.1  0.9840256571769714
5214.7  0.9909815788269042
5217.3  0.995330810546875
5219.9  0.9943612217903137
5222.5  0.986937940120697
5225.1  0.9751977920532226
5227.7  0.9642706513404846
5230.3  0.9590497612953186
5232.9  0.9612528085708618
5235.5  0.9695520997047424
5238.1  0.9812671542167663
5240.7  0.9933542013168334
5243.3  1.002982974052429
5245.9  1.008478045463562
5248.5  1.009923577308655
5251.1  1.008472561836243
5253.7  1.004674792289734
5256.3  0.9974181652069091
5258.9  0.9849991202354431
5261.5  0.9677855968475341
5264.1  0.9496554136276245
5266.7  0.9361199140548706
5269.3  0.930783987045288
5271.9  0.9336123466491699
5274.5  0.9420301914215087
5277.1  0.9530640840530395
5279.7  0.9648702144622802
5282.3  0.9771331548690795
5284.9  0.9900673627853393
5287.5  1.002670049667358
5290.1  1.012293934822083
5292.7  1.01651406288147
5295.3  1.015345454216003
5297.9  1.011335611343384
5300.5  1.007569909095764
5303.1  1.005681395530701
5305.7  1.005375623703003
5308.3  1.005222320556641
5310.9  1.003839492797852
5313.5  1.000829696655274
5316.1  0.996758759021759
5318.7  0.9919949173927307
5321.3  0.9860159158706665
5323.9  0.9787601232528686
5326.5  0.9722819924354553
5329.1  0.9696061015129089
5331.7  0.9716116189956665
5334.3  0.9761590957641601
5336.9  0.9806550741195678
5339.5  0.9844775199890136
5342.1  0.9885339736938476
5344.7  0.9935470819473266
5347.3  0.9995116591453552
5349.9  1.005999326705933
5352.5  1.011922001838684
5355.1  1.015152215957642
5357.7  1.013347506523132
5360.3  1.005829334259033
5362.9  0.9947894811630249
5365.5  0.9845216870307922
5368.1  0.9791322350502014
5370.7  0.980252981185913
5373.3  0.9861650466918945
5375.9  0.9931069016456604
5378.5  0.9981168508529663
5381.1  1.000911712646484
5383.7  1.002833366394043
5386.3  1.004358530044556
5388.9  1.004359126091003
5391.5  1.001607656478882
5394.1  0.9961094856262207
5396.7  0.9887948632240295
5399.3  0.9806856513023376
5401.9  0.9728979468345642
5404.5  0.9670653343200683
5407.1  0.9649487733840942
5409.7  0.9672419428825378
5412.3  0.9728580713272094
5414.9  0.9794385433197021
5417.5  0.9845685362815856
5420.1  0.9869033694267272
5422.7  0.986698567867279
5425.3  0.9854631423950195
5427.9  0.9850221872329711
5430.5  0.9867413640022277
5433.1  0.9911140799522399
5435.7  0.9973215460777282
5438.3  1.003112554550171
5440.9  1.005967140197754
5443.5  1.00508713722229
5446.1  1.002026200294495
5448.7  0.998994767665863
5451.3  0.9969582557678222
5453.9  0.9957275390625
5456.5  0.9951443076133728
5459.1  0.9954156875610351
5461.7  0.9966976046562194
5464.3  0.998803436756134
5466.9  1.000869035720825
5469.5  1.001286864280701
5472.1  0.998969554901123
5474.7  0.995115578174591
5477.3  0.9929002523422241
5479.9  0.994714081287384
5482.5  0.9999493360519409
5485.1  1.005762219429016
5487.7  1.009557127952576
5490.3  1.010415196418762
5492.9  1.008719682693482
5495.5  1.005279779434204
5498.1  1.000978231430054
5500.7  0.9967581629753112
5503.3  0.9935482144355773
5505.9  0.9921451807022094
5508.5  0.9931530952453613
5511.1  0.9967885613441467
5513.7  1.002387404441834
5516.3  1.008036255836487
5518.9  1.011113047599793
5521.5  1.009868621826172
5524.1  1.004974126815796
5526.7  0.9994785189628601
5529.3  0.9967740774154663
5531.9  0.9982102513313293
5534.5  1.002527475357056
5537.1  1.007292985916138
5539.7  1.010637402534485
5542.3  1.012040138244629
5544.9  1.012105464935303
5547.5  1.011706352233887
5550.1  1.01121723651886
5552.7  1.01049280166626
5555.3  1.00932514667511
5557.9  1.007620334625244
5560.5  1.0052649974823
5563.1  1.002207636833191
5565.7  0.9988137483596801
5568.3  0.9960708022117614
5570.9  0.995259940624237
5573.5  0.9970437288284301
5576.1  1.000525236129761
5578.7  1.003262639045715
5581.3  1.002680063247681
5583.9  0.9979811310768127
5586.5  0.9908995032310485
5589.1  0.984402596950531
5591.7  0.9804027080535888
5594.3  0.9787799715995788
5596.9  0.978650689125061
5599.5  0.9800700545310974
5602.1  0.9838618040084838
5604.7  0.9898720383644104
5607.3  0.9961084127426147
5609.9  1.000082969665527
5612.5  1.000905990600586
5615.1  0.9998313784599304
5617.7  0.9988632798194885
5620.3  0.9991686344146728
5622.9  1.000844120979309
5625.5  1.003514766693115
5628.1  1.006464719772339
5630.7  1.008480787277222
5633.3  1.008451223373413
5635.9  1.006435394287109
5638.5  1.00380277633667
5641.1  1.002042651176453
5643.7  1.001386880874634
5646.3  1.000497221946716
5648.9  0.9973870515823364
5651.5  0.9908888936042785
5654.1  0.9817757606506347
5656.7  0.9727580547332763
5659.3  0.9670844078063964
5661.9  0.9666184186935424
5664.5  0.9709620475769042
5667.1  0.9781813025474548
5669.7  0.9860140681266784
5672.3  0.9924613237380981
5674.9  0.9959800243377685
5677.5  0.9958918690681457
5680.1  0.9928576350212097
5682.7  0.9887826442718505
5685.3  0.9859078526496887
5687.9  0.9855502247810363
5690.5  0.9873901009559631
5693.1  0.9898346662521362
5695.7  0.9910588264465332
5698.3  0.9898685216903686
5700.9  0.9860166907310485
5703.5  0.9802598357200622
5706.1  0.9743216037750244
5708.7  0.9704075455665588
5711.3  0.9701216220855712
5713.9  0.97352796792984
5716.5  0.9792598485946655
5719.1  0.9855340123176574
5721.7  0.9910873770713806
5724.3  0.9954621791839599
5726.9  0.9988186359405517
5729.5  1.001584887504578
5732.1  1.00409460067749
5734.7  1.006369590759277
5737.3  1.008125424385071
5739.9  1.00894570350647
5742.5  1.008480429649353
5745.1  1.006611108779907
5747.7  1.003597259521484
5750.3  1.000077605247498
5752.9  0.9966703653335571
5755.5  0.9925918579101562
5758.1  0.9831676483154296
5760.7  0.9566010236740112
5763.3  0.8932943940162658
5765.9  0.7744439840316772
5768.5  0.60037761926651
5771.1  0.4018933475017548
5773.7  0.2257891148328781
5776.3  0.1042263507843018
5778.9  0.03893325105309486
5781.5  0.01164063904434443
5784.1  0.002760874107480049
5786.7  5.118758417665958E-4
5789.3  6.825354648754000E-5
5791.9  0.
5794.5  0.
5797.1  0.
5799.7  0.
5802.3  0.
5804.9  0.
5807.5  0.
5810.1  0.
5812.7  0.
5815.3  0.
5817.9  0.
5820.5  6.953639967832714E-5
5823.1  5.232963594608008E-4
5825.7  0.002829018514603376
5828.3  0.01195346843451262
5830.9  0.04007461294531822
5833.5  0.1075696051120758
5836.1  0.2337178885936737
5838.7  0.4172627925872803
5841.3  0.6249977946281433
5843.9  0.8074538707733154
5846.5  0.9309114217758178
5849.1  0.9937447905540466
5851.7  1.015757322311401
5854.3  1.018897771835327
5856.9  1.017269849777222
5859.5  1.017013907432556
5862.1  1.019351959228516
5864.7  1.023195266723633
5867.3  1.026942372322083
5869.9  1.029452681541443
5872.5  1.030373692512512
5875.1  1.029816508293152
5877.7  1.02773642539978
5880.3  1.023546099662781
5882.9  1.016485691070557
5885.5  1.006734848022461
5888.1  0.9963830113410949
5890.7  0.9890282750129699
5893.3  0.9877792596817016
5895.9  0.9931905269622802
5898.5  1.002878427505493
5901.1  1.013017773628235
5903.7  1.020507216453552
5906.3  1.024391174316406
5908.9  1.025738596916199
5911.5  1.0263671875
5914.1  1.027586936950684
5916.7  1.029654502868652
5919.3  1.031856417655945
5921.9  1.033061623573303
5924.5  1.032541155815125
5927.1  1.030530095100403
5929.7  1.028087735176086
5932.3  1.026342988014221
5934.9  1.025671243667603
5937.5  1.025530934333801
5940.1  1.025173783302307
5942.7  1.024493336677551
5945.3  1.024053454399109
5947.9  1.024381399154663
5950.5  1.025479793548584
5953.1  1.027008652687073
5955.7  1.028638362884522
5958.3  1.030056476593018
5960.9  1.030744552612305
5963.5  1.030014157295227
5966.1  1.027546048164368
5968.7  1.023950695991516
5971.3  1.020523905754089
5973.9  1.018186688423157
5976.5  1.016749739646912
5979.1  1.015345573425293
5981.7  1.013430237770081
5984.3  1.011271595954895
5986.9  1.009590148925781
5989.5  1.008843302726746
5992.1  1.008875846862793
5994.7  1.009202361106873
5997.3  1.00946831703186
5999.9  1.009568810462952
6002.5  1.009472727775574
6005.1  1.009133696556091
6007.7  1.008523941040039
6010.3  1.007634520530701
6012.9  1.006440758705139
6015.5  1.004987001419067
6018.1  1.003565192222595
6020.7  1.002757787704468
6023.3  1.003186225891113
6025.9  1.005109906196594
6028.5  1.00816810131073
6031.1  1.0114586353302
6033.7  1.013926386833191
6036.3  1.014871716499329
6038.9  1.014280080795288
6041.5  1.012739181518555
6044.1  1.010996222496033
6046.7  1.009477972984314
6049.3  1.008180618286133
6051.9  1.00702702999115
6054.5  1.006224989891052
6057.1  1.006136059761047
6059.7  1.006842374801636
6062.3  1.008037328720093
6064.9  1.009359359741211
6067.5  1.010671377182007
6070.1  1.011923909187317
6072.7  1.012850880622864
6075.3  1.013034105300903
6077.9  1.012367367744446
6080.5  1.011281251907349
6083.1  1.010397911071777
6085.7  1.010044932365418
6088.3  1.010094881057739
6090.9  1.010062217712402
6093.5  1.009256362915039
6096.1  1.007089614868164
6098.7  1.003669738769531
6101.3  1.000214695930481
6103.9  0.9984787702560424
6106.5  0.9993216395378112
6109.1  1.001879930496216
6111.7  1.004315614700317
6114.3  1.005271553993225
6116.9  1.004622578620911
6119.5  1.003233551979065
6122.1  1.002239942550659
6124.7  1.002226948738098
6127.3  1.002670407295227
6129.9  1.002179384231567
6132.5  0.9996029734611511
6135.1  0.995164930820465
6137.7  0.9905483126640319
6140.3  0.9877360463142395
6142.9  0.9876294136047363
6145.5  0.9896090030670166
6148.1  0.9921534061431884
6150.7  0.993742823600769
6153.3  0.9934730529785156
6155.9  0.9913676977157592
6158.5  0.9883860945701599
6161.1  0.985981285572052
6163.7  0.9853339791297912
6166.3  0.9867996573448181
6168.9  0.9899967908859252
6171.5  0.9943305850028991
6174.1  0.9992986917495727
6176.7  1.004360318183899
6179.3  1.008781552314758
6181.9  1.011809706687927
6184.5  1.013065695762634
6187.1  1.012896418571472
6189.7  1.012390613555908
6192.3  1.012829303741455
6194.9  1.014833927154541
6197.5  1.017976641654968
6200.1  1.021221280097961
6202.7  1.023639798164368
6205.3  1.024693965911865
6207.9  1.024149894714355
6210.5  1.022083759307861
6213.1  1.01904296875
6215.7  1.015954256057739
6218.3  1.013573408126831
6220.9  1.01187801361084
6223.5  1.010037899017334
6226.1  1.00715446472168
6228.7  1.00313401222229
6231.3  0.998777687549591
6233.9  0.9949604272842407
6236.5  0.9918527603149414
6239.1  0.9890362620353698
6241.7  0.9862450957298278
6244.3  0.9838730096817016
6246.9  0.9827877283096313
6249.5  0.9836956858634948
6252.1  0.9866933822631835
6254.7  0.9913598299026489
6257.3  0.9970232248306274
6259.9  1.002838850021362
6262.5  1.00772500038147
6265.1  1.010339021682739
6267.7  1.008973836898804
6270.3  1.001989960670471
6272.9  0.9897794127464294
6275.5  0.9769701957702636
6278.1  0.9708947539329528
6280.7  0.9756775498390197
6283.3  0.9882794618606567
6285.9  1.001581430435181
6288.5  1.010425567626953
6291.1  1.013891458511353
6293.7  1.01347827911377
6296.3  1.011012554168701
6298.9  1.008052349090576
6301.5  1.005854725837708
6304.1  1.004994869232178
6306.7  1.004995703697205
6309.3  1.00462019443512
6311.9  1.002903938293457
6314.5  1.000162243843079
6317.1  0.9980368614196777
6319.7  0.9982823133468627
6322.3  1.001203179359436
6324.9  1.00522768497467
6327.5  1.008052349090576
6330.1  1.008234143257141
6332.7  1.005897521972656
6335.3  1.002259850502014
6337.9  0.9985992312431335
6340.5  0.9955566525459289
6343.1  0.9933160543441772
6345.7  0.9922290444374084
6348.3  0.9928047657012939
6350.9  0.9949110150337219
6353.5  0.997398018836975
6356.1  0.9989091753959655
6358.7  0.9989480376243591
6361.3  0.9979920983314514
6363.9  0.9968231916427612
6366.5  0.9961265325546264
6369.1  0.9965868592262268
6371.7  0.9986823797225952
6374.3  1.001936078071594
6376.9  1.004808306694031
6379.5  1.005991339683533
6382.1  1.005696177482605
6384.7  1.005157232284546
6387.3  1.005025625228882
6389.9  1.004814982414246
6392.5  1.003875851631165
6395.1  1.002326369285584
6397.7  1.000823259353638
6400.3  0.9997500777244567
6402.9  0.9988487362861633
6405.5  0.9975678920745849
6408.1  0.9956378936767578
6410.7  0.9932960271835327
6413.3  0.9911516308784484
6415.9  0.9899643063545227
6418.5  0.990322470664978
6421.1  0.992121398448944
6423.7  0.9942856431007385
6426.3  0.9953271746635437
6428.9  0.9944618344306945
6431.5  0.9922085404396057
6434.1  0.9899163246154785
6436.7  0.9887942671775817
6439.3  0.9892442822456359
6441.9  0.9906913638114929
6444.5  0.9918320178985595
6447.1  0.9913055896759033
6449.7  0.9884935021400451
6452.3  0.983959674835205
6454.9  0.9792947769165039
6457.5  0.9763352870941162
6460.1  0.9759889245033264
6462.7  0.9774625897407531
6465.3  0.9787151217460632
6467.9  0.9780395627021789
6470.5  0.9756754636764526
6473.1  0.973955750465393
6475.7  0.9753282070159912
6478.3  0.9799081683158874
6480.9  0.9852187037467956
6483.5  0.9881520271301269
6486.1  0.9867376685142517
6488.7  0.9807221293449401
6491.3  0.9718501567840576
6493.9  0.9637559056282043
6496.5  0.9603644013404846
6499.1  0.9632579088211059
6501.7  0.9703091382980346
6504.3  0.9768499135971069
6506.9  0.97848641872406
6509.5  0.9739129543304443
6512.1  0.9661647081375122
6514.7  0.9608018398284912
6517.3  0.9615920186042785
6519.9  0.9676511883735656
6522.5  0.9749965667724609
6525.1  0.980269968509674
6527.7  0.9825226068496704
6530.3  0.9823536872863769
6532.9  0.9804152846336364
6535.5  0.9767155647277832
6538.1  0.9706525206565856
6540.7  0.961400032043457
6543.3  0.9484423398971557
6545.9  0.9317584037780761
6548.5  0.9110608100891113
6551.1  0.8845727443695068
6553.7  0.849339485168457
6556.3  0.8045982718467712
6558.9  0.7565335631370544
6561.5  0.7192856073379516
6564.1  0.7082306742668151
6566.7  0.7292578220367431
6569.3  0.774121880531311
6571.9  0.8266985416412353
6574.5  0.8734165430068969
6577.1  0.9085019826889038
6579.7  0.9323986172676086
6582.3  0.9479488730430603
6584.9  0.9579795598983764
6587.5  0.9646849036216735
6590.1  0.9697737097740173
6592.7  0.9745530486106872
6595.3  0.979727566242218
6597.9  0.9851908087730407
6600.5  0.9901863932609558
6603.1  0.9938727021217346
6605.7  0.9959193468093872
6608.3  0.9967792630195617
6610.9  0.9975390434265136
6613.5  0.9993315339088439
6616.1  1.002515196800232
6618.7  1.006360173225403
6621.3  1.009655714035034
6623.9  1.011570334434509
6626.5  1.011962890625
6629.1  1.011220693588257
6631.7  1.010051012039185
6634.3  1.009260773658753
6636.9  1.009416460990906
6639.5  1.010559797286987
6642.1  1.012305021286011
6644.7  1.014221787452698
6647.3  1.01607084274292
6649.9  1.017728447914124
6652.5  1.019058704376221
6655.1  1.0199214220047
6657.7  1.020248770713806
6660.3  1.020157814025879
6662.9  1.020016670227051
6665.5  1.02023196220398
6668.1  1.020819664001465
6670.7  1.021297574043274
6673.3  1.021214246749878
6675.9  1.020787358283997
6678.5  1.020839929580689
6681.1  1.022017121315002
6683.7  1.024145126342773
6686.3  1.026391983032227
6688.9  1.027941942214966
6691.5  1.028454184532166
6694.1  1.028031229972839
6696.7  1.026935815811157
6699.3  1.025352239608765
6701.9  1.023326754570007
6704.5  1.020865917205811
6707.1  1.018098831176758
6709.7  1.015382528305054
6712.3  1.013262987136841
6714.9  1.012262225151062
6717.5  1.012609958648682
6720.1  1.014133810997009
6722.7  1.016371369361877
6725.3  1.018758535385132
6727.9  1.020774126052857
6730.5  1.022048354148865
6733.1  1.02242922782898
6735.7  1.021979331970215
6738.3  1.020904660224915
6740.9  1.019452571868897
6743.5  1.017843842506409
6746.1  1.01630449295044
6748.7  1.01511812210083
6751.3  1.014547944068909
6753.9  1.0146723985672
6756.5  1.015306830406189
6759.1  1.016083359718323
6761.7  1.01663076877594
6764.3  1.016779065132141
6766.9  1.016678214073181
6769.5  1.016676783561707
6772.1  1.01699161529541
6774.7  1.017470836639404
6777.3  1.017719745635986
6779.9  1.017483115196228
6782.5  1.01691460609436
6785.1  1.016459822654724
6787.7  1.016431212425232
6790.3  1.01671576499939
6792.9  1.016968369483948
6795.5  1.017046809196472
6798.1  1.017123699188232
6800.7  1.017380952835083
6803.3  1.017733454704285
6805.9  1.017931461334229
6808.5  1.017909526824951
6811.1  1.017944693565369
6813.7  1.018385052680969
6816.3  1.019219040870667
6818.9  1.019982099533081
6821.5  1.020178914070129
6824.1  1.019799709320068
6826.7  1.019353270530701
6829.3  1.019267916679382
6831.9  1.019251585006714
6834.5  1.018464684486389
6837.1  1.016516208648682
6839.7  1.014145612716675
6842.3  1.01264762878418
6844.9  1.012628197669983
6847.5  1.013449788093567
6850.1  1.013793349266052
6852.7  1.012372612953186
6855.3  1.007331609725952
6857.9  0.9942445158958435
6860.5  0.9648888111114501
6863.1  0.9118326306343078
6865.7  0.8403807282447814
6868.3  0.7763375043869018
6870.9  0.7526190876960754
6873.5  0.7805779576301574
6876.1  0.8380167484283447
6878.7  0.8896546363830566
6881.3  0.9153243899345397
6883.9  0.9167022705078125
6886.5  0.9031729102134704
6889.1  0.8784243464469909
6891.7  0.8435698747634887
6894.3  0.8102393150329589
6896.9  0.8006590604782104
6899.5  0.8277593255043029
6902.1  0.8802930116653442
6904.7  0.9338880181312561
6907.3  0.9721339344978332
6909.9  0.9931595921516418
6912.5  1.002367377281189
6915.1  1.005277276039124
6917.7  1.005561113357544
6920.3  1.005334496498108
6922.9  1.005400538444519
6925.5  1.005507349967957
6928.1  1.004470944404602
6930.7  1.000225067138672
6933.3  0.9898905754089355
6935.9  0.971295952796936
6938.5  0.9464024901390075
6941.1  0.9232289791107177
6943.7  0.9118244647979736
6946.3  0.9166381359100341
6948.9  0.9331968426704406
6951.5  0.9520777463912963
6954.1  0.9653826355934143
6956.7  0.9706776738166809
6959.3  0.9709135293960571
6961.9  0.9711961150169372
6964.5  0.9749007821083068
6967.1  0.9816874861717224
6969.7  0.9884370565414428
6972.3  0.9922550916671752
6974.9  0.9930173158645629
6977.5  0.9931445121765136
6980.1  0.994963526725769
6982.7  0.9986684918403625
6985.3  1.002769708633423
6987.9  1.005804300308228
6990.5  1.007042407989502
6993.1  1.00606381893158
6995.7  1.002490878105164
6998.3  0.9964495301246643
7000.9  0.9888516664505004
7003.5  0.9809316992759704
7006.1  0.9737180471420288
7008.7  0.9681519865989685
7011.3  0.9652928113937377
7013.9  0.9657410383224487
7016.5  0.9686703085899353
7019.1  0.9718842506408691
7021.7  0.9734740853309631
7024.3  0.9736875295639038
7026.9  0.9746084809303283
7029.5  0.9775291681289672
7032.1  0.9813759922981262
7034.7  0.9843443632125854
7037.3  0.9861845970153808
7039.9  0.9880439043045043
7042.5  0.9906206130981445
7045.1  0.9933202266693115
7047.7  0.9949782490730285
7050.3  0.9948813915252685
7052.9  0.9931641817092895
7055.5  0.9907293915748596
7058.1  0.9888837933540344
7060.7  0.988739013671875
7063.3  0.9906594157218933
7065.9  0.9941573143005371
7068.5  0.9982261061668395
7071.1  1.001800298690796
7073.7  1.00411593914032
7076.3  1.004878878593445
7078.9  1.004220485687256
7081.5  1.002506136894226
7084.1  1.00015652179718
7086.7  0.9976209998130798
7089.3  0.9953486323356628
7091.9  0.9936302304267883
7094.5  0.9924513697624206
7097.1  0.9916176795959472
7099.7  0.9909566044807434
7102.3  0.9902244806289672
7104.9  0.9888682961463928
7107.5  0.9862139821052551
7110.1  0.9821564555168151
7112.7  0.9776265621185302
7115.3  0.9742391705513
7117.9  0.9733313918113708
7120.5  0.9751439094543457
7123.1  0.9787690043449401
7125.7  0.9828688502311706
7128.3  0.9865540862083435
7130.9  0.9896957278251647
7133.5  0.9924791455268859
7136.1  0.9947137832641601
7138.7  0.9956783056259155
7141.3  0.9947578310966491
7143.9  0.9922861456871032
7146.5  0.9896503090858459
7149.1  0.9883322119712829
7151.7  0.9884770512580871
7154.3  0.9881567358970642
7156.9  0.9838885068893432
7159.5  0.9724433422088623
7162.1  0.9536003470420837
7164.7  0.9322844147682189
7167.3  0.9169686436653137
7169.9  0.9138885140419006
7172.5  0.9223473668098449
7175.1  0.9361451864242553
7177.7  0.9487683773040771
7180.3  0.9565410017967224
7182.9  0.9582125544548034
7185.5  0.9530733823776245
7188.1  0.9395089149475097
7190.7  0.9138689041137695
7193.3  0.8710617423057556
7195.9  0.8096621632575988
7198.5  0.740233302116394
7201.1  0.6869561076164245
7203.7  0.6750050783157348
7206.3  0.712516963481903
7208.9  0.7838942408561706
7211.5  0.8604249358177185
7214.1  0.9187732338905334
7216.7  0.951891541481018
7219.3  0.9656752347946166
7221.9  0.9690009355545043
7224.5  0.9675461053848266
7227.1  0.963672935962677
7229.7  0.9589500427246093
7232.3  0.9556278586387634
7234.9  0.9558702111244201
7237.5  0.9594680070877075
7240.1  0.9631342887878417
7242.7  0.9621219635009765
7245.3  0.9528406858444213
7247.9  0.9359130263328552
7250.5  0.9184126257896423
7253.1  0.9108643531799316
7255.7  0.9185988903045654
7258.3  0.9366939663887023
7260.9  0.955125868320465
7263.5  0.9671353101730346
7266.1  0.9712361693382263
7268.7  0.9682455658912658
7271.3  0.9599727392196655
7273.9  0.9504358172416687
7276.5  0.9448305964469909
7279.1  0.9448718428611755
7281.7  0.9459038972854614
7284.3  0.9403945207595825
7286.9  0.9250988960266113
7289.5  0.9047550559043884
7292.1  0.8883528709411621
7294.7  0.8815405368804931
7297.3  0.8836942911148071
7299.9  0.8918082118034362
7302.5  0.9034901857376098
7305.1  0.9151965975761413
7307.7  0.9218268394470214
7310.3  0.921063482761383
7312.9  0.916681170463562
7315.5  0.9159794449806213
7318.1  0.9237828850746154
7320.7  0.938680350780487
7323.3  0.9544605016708374
7325.9  0.9651216864585876
7328.5  0.9689735770225524
7331.1  0.9688763618469238
7333.7  0.9691048264503479
7336.3  0.971644639968872
7338.9  0.975056767463684
7341.5  0.9766034483909606
7344.1  0.9749431014060974
7346.7  0.9707189798355102
7349.3  0.9655549526214599
7351.9  0.9612742662429809
7354.5  0.9596498012542724
7357.1  0.9617809057235717
7359.7  0.9671274423599243
7362.3  0.9735323190689086
7364.9  0.9786654710769653
7367.5  0.9814318418502807
7370.1  0.9820405840873718
7372.7  0.9812479019165039
7375.3  0.9797920584678649
7377.9  0.9781550168991088
7380.5  0.9763732552528381
7383.1  0.9741946458816528
7385.7  0.9717191457748413
7388.3  0.9697924256324768
7390.9  0.9694766402244567
7393.5  0.9710959196090698
7396.1  0.9739349484443664
7398.7  0.976796805858612
7401.3  0.9787636399269104
7403.9  0.9795945286750793
7406.5  0.9796298146247863
7409.1  0.9793870449066162
7411.7  0.9792159795761108
7414.3  0.9792215228080749
7416.9  0.9793978333473205
7419.5  0.9798202514648437
7422.1  0.9807593822479248
7424.7  0.9825065732002258
7427.3  0.9849546551704406
7429.9  0.987385094165802
7432.5  0.9887928962707519
7435.1  0.9884636998176574
7437.7  0.9863349199295043
7440.3  0.983028769493103
7442.9  0.9796468019485473
7445.5  0.9773373007774353
7448.1  0.9767423272132873
7450.7  0.977661907672882
7453.3  0.9791814088821411
7455.9  0.9801681637763977
7458.5  0.9798929095268249
7461.1  0.978508174419403
7463.7  0.9769868850708007
7466.3  0.9763765931129455
7468.9  0.976991057395935
7471.5  0.9783586263656616
7474.1  0.979887306690216
7476.7  0.9813663959503173
7479.3  0.9828376173973083
7481.9  0.9842710494995117
7484.5  0.9855402708053588
7487.1  0.9865928888320922
7489.7  0.9875441193580627
7492.3  0.9886826872825622
7494.9  0.9903355240821838
7497.5  0.9925065636634826
7500.1  0.9946040511131286
7502.7  0.9957428574562072
7505.3  0.9954310059547424
7507.9  0.9939245581626892
7510.5  0.9919785857200622
7513.1  0.9903705120086669
7515.7  0.9895287156105041
7518.3  0.9893857240676879
7520.9  0.989542007446289
7523.5  0.9896262288093566
7526.1  0.9895315170288085
7528.7  0.9893873333930969
7531.3  0.989436388015747
7533.9  0.9898896217346191
7536.5  0.990748107433319
7539.1  0.9917265176773071
7541.7  0.9924034476280212
7544.3  0.9924812912940979
7546.9  0.9919680953025817
7549.5  0.991131842136383
7552.1  0.9902513027191162
7554.7  0.9894278049468994
7557.3  0.9886757731437683
7559.9  0.988082468509674
7562.5  0.9877720475196838
7565.1  0.9877916574478149
7567.7  0.9881013631820678
7570.3  0.9886233210563659
7572.9  0.9891844987869262
7575.5  0.9893803596496582
7578.1  0.9882527589797973
7580.7  0.9831883311271667
7583.3  0.9674432277679443
7585.9  0.927919328212738
7588.5  0.8482128381729125
7591.1  0.7199653983116149
7593.7  0.5552157163619995
7596.3  0.3853685259819031
7598.9  0.2440956234931946
7601.5  0.1506599336862564
7604.1  0.110102191567421
7606.7  0.125577911734581
7609.3  0.2028919905424118
7611.9  0.3375392556190491
7614.5  0.4997058212757111
7617.1  0.6409399509429931
7619.7  0.7220457792282104
7622.3  0.7357748746871948
7624.9  0.7032033205032348
7627.5  0.6519652009010314
7630.1  0.5998114347457885
7632.7  0.5558168888092041
7635.3  0.5296042561531066
7637.9  0.5328927636146545
7640.5  0.5715148448944091
7643.1  0.6380556225776672
7645.7  0.7143256664276123
7648.3  0.782557189464569
7650.9  0.834522008895874
7653.5  0.8710195422172546
7656.1  0.8958522677421569
7658.7  0.9116925001144409
7661.3  0.9192997813224792
7663.9  0.9187613129615783
7666.5  0.9121233820915222
7669.1  0.9058842658996582
7671.7  0.9086380004882812
7674.3  0.9241644740104675
7676.9  0.9476472735404968
7679.5  0.9702624082565307
7682.1  0.9863809943199157
7684.7  0.9955968856811523
7687.3  1.000031709671021
7689.9  1.001686453819275
7692.5  1.001804709434509
7695.1  1.001281261444092
7697.7  1.000927567481995
7700.3  1.001192688941956
7702.9  1.00165319442749
7705.5  1.001257300376892
7708.1  0.9994715452194213
7710.7  0.9971447587013244
7713.3  0.9958913922309875
7715.9  0.9965391755104064
7718.5  0.9983527660369873
7721.1  0.9998099207878112
7723.7  1.000017762184143
7726.3  0.9993335604667663
7728.9  0.9987311959266662
7731.5  0.9987136721611022
7734.1  0.9988729953765869
7736.7  0.9983823299407958
7739.3  0.996777057647705
7741.9  0.9943107962608337
7744.5  0.9917978048324584
7747.1  0.9902143478393554
7749.7  0.990253746509552
7752.3  0.9919317364692687
7754.9  0.9944621324539184
7757.5  0.9964857101440429
7760.1  0.9964416623115539
7762.7  0.9928447008132934
7765.3  0.9847151637077331
7767.9  0.9725974798202514
7770.5  0.95964115858078
7773.1  0.9511000514030456
7775.7  0.9514960050582885
7778.3  0.9614419937133789
7780.9  0.9771375656127929
7783.5  0.9930235743522644
7786.1  1.005053281784058
7788.7  1.012006640434265
7791.3  1.014696717262268
7793.9  1.014650464057922
7796.5  1.013379335403442
7799.1  1.012094616889954
7801.7  1.011454463005066
7804.3  1.011404991149902
7806.9  1.011454105377197
7809.5  1.011264204978943
7812.1  1.010945558547974
7814.7  1.010751605033875
7817.3  1.010654926300049
7819.9  1.010335922241211
7822.5  1.009421229362488
7825.1  1.007672429084778
7827.7  1.005186796188355
7830.3  1.002548217773438
7832.9  1.000593781471253
7835.5  0.9998786449432373
7838.1  1.000358700752258
7840.7  1.001488327980042
7843.3  1.00251829624176
7845.9  1.002875566482544
7848.5  1.002494692802429
7851.1  1.001799941062927
7853.7  1.001337885856628
7856.3  1.001428723335266
7858.9  1.002055168151856
7861.5  1.00295352935791
7864.1  1.003835439682007
7866.7  1.004554867744446
7869.3  1.005012273788452
7871.9  1.005052924156189
7874.5  1.004671812057495
7877.1  1.00424599647522
7879.7  1.004348635673523
7882.3  1.005313873291016
7884.9  1.006839990615845
7887.5  1.00787627696991
7890.1  1.007293701171875
7892.7  1.005154967308044
7895.3  1.003045082092285
7897.9  1.002680540084839
7900.5  1.004419326782227
7903.1  1.007324814796448
7905.7  1.010168194770813
7908.3  1.012077212333679
7910.9  1.012681841850281
7913.5  1.012060523033142
7916.1  1.010429382324219
7918.7  1.007710337638855
7921.3  1.003454923629761
7923.9  0.9974051713943481
7926.5  0.9903130531311035
7929.1  0.9841302037239074
7931.7  0.980917751789093
7934.3  0.9811444878578186
7936.9  0.9832251071929931
7939.5  0.9850605726242065
7942.1  0.9859780073165893
7944.7  0.9869675636291503
7947.3  0.9891182780265808
7949.9  0.9920937418937683
7952.5  0.9941356778144836
7955.1  0.9934872388839721
7957.7  0.9899566769599914
7960.3  0.9854151010513305
7962.9  0.9827745556831359
7965.5  0.9841107726097106
7968.1  0.9893450140953063
7970.7  0.996467113494873
7973.3  1.003069400787354
7975.9  1.00799298286438
7978.5  1.01168429851532
7981.1  1.01508629322052
7983.7  1.018473386764526
7986.3  1.021331191062927
7988.9  1.02288556098938
7991.5  1.022608518600464
7994.1  1.02053964138031
7996.7  1.017337083816528
7999.3  1.013936161994934
8001.9  1.0110684633255
8004.5  1.00899612903595
8007.1  1.007612586021423
8009.7  1.006806015968323
8012.3  1.00672447681427
8014.9  1.007572054862976
8017.5  1.009162664413452
8020.1  1.010869979858398
8022.7  1.012104988098145
8025.3  1.012768983840942
8027.9  1.013163805007935
8030.5  1.01340115070343
8033.1  1.012932419776917
8035.7  1.010791897773743
8038.3  1.006531715393066
8040.9  1.001054763793945
8043.5  0.9963622093200683
8046.1  0.9941261410713195
8048.7  0.9944579601287841
8051.3  0.9962000250816345
8053.9  0.9982301592826843
8056.5  1.000244379043579
8059.1  1.002459645271301
8061.7  1.004924178123474
8064.3  1.007224440574646
8066.9  1.008795142173767
8069.5  1.009450793266296
8072.1  1.00955080986023
8074.7  1.009474992752075
8077.3  1.008953332901001
8079.9  1.007224917411804
8082.5  1.004143595695496
8085.1  1.000959753990173
8087.7  0.9996559619903564
8090.3  1.001400232315064
8092.9  1.005607962608337
8095.5  1.01042902469635
8098.1  1.014093041419983
8100.7  1.015868306159973
8103.3  1.015794277191162
8105.9  1.013766050338745
8108.5  1.009454965591431
8111.1  1.003359198570251
8113.7  0.9972845315933227
8116.3  0.9929879903793334
8118.9  0.990624725818634
8121.5  0.9890917539596557
8124.1  0.9875704646110534
8126.7  0.9858546257019042
8129.3  0.983156681060791
8131.9  0.9780524373054504
8134.5  0.9708709716796875
8137.1  0.9651684165000915
8139.7  0.964937150478363
8142.3  0.9696817994117736
8144.9  0.9727517962455749
8147.5  0.9642786383628845
8150.1  0.9369708895683288
8152.7  0.8936108350753784
8155.3  0.8516926169395446
8157.9  0.8352602124214172
8160.5  0.8550914525985717
8163.1  0.8983185291290283
8165.7  0.9411239027976989
8168.3  0.9682993292808532
8170.9  0.9784933924674987
8173.5  0.9765360951423645
8176.1  0.9659122824668884
8178.7  0.9460120201110839
8181.3  0.9138031601905822
8183.9  0.8710041642189025
8186.5  0.8318262100219726
8189.1  0.8176198005676269
8191.7  0.8379745483398437
8194.3  0.8802525997161865
8196.9  0.9220584630966186
8199.5  0.9503706097602844
8202.1  0.9661262035369873
8204.7  0.9756746292114257
8207.3  0.9825742840766906
8209.9  0.986234426498413
8212.5  0.9844964146614074
8215.1  0.9748327136039733
8217.7  0.952900230884552
8220.3  0.9138004779815673
8222.9  0.8608182668685913
8225.5  0.8132624626159667
8228.1  0.7975890636444091
8230.7  0.8243362307548522
8233.3  0.8773031830787658
8235.9  0.9290164113044738
8238.5  0.9627991318702697
8241.1  0.9784216284751892
8243.7  0.983312964439392
8246.3  0.9835197925567626
8248.9  0.9811621308326721
8251.5  0.9767845869064331
8254.1  0.9723157882690429
8256.7  0.9711796641349792
8259.3  0.9753848910331726
8261.9  0.9833506941795349
8264.5  0.9911746978759765
8267.1  0.9958182573318481
8269.7  0.9968817234039306
8272.3  0.9954577088356018
8274.9  0.9912437796592712
8277.5  0.9802296161651611
8280.1  0.9565319418907165
8282.7  0.9200935363769531
8285.3  0.8840155005455017
8287.9  0.8692732453346252
8290.5  0.8866310119628906
8293.1  0.9257760047912597
8295.7  0.9656562209129333
8298.3  0.9923137426376342
8300.9  1.004562854766846
8303.5  1.007795453071594
8306.1  1.007332801818848
8308.7  1.006202816963196
8311.3  1.005294322967529
8313.9  1.003732562065125
8316.5  0.9994876980781555
8319.1  0.9901406168937683
8321.7  0.9739094972610473
8324.3  0.9515677690505981
8326.9  0.9289799928665161
8329.5  0.9160963892936706
8332.1  0.9199314713478088
8334.7  0.9381487965583801
8337.3  0.9613491892814636
8339.9  0.9810156822204589
8342.5  0.9940610527992248
8345.1  1.001660823822022
8347.7  1.006306290626526
8350.3  1.009856581687927
8352.9  1.012826442718506
8355.5  1.014714360237122
8358.1  1.014912962913513
8360.7  1.013121962547302
8363.3  1.008878707885742
8365.9  1.001103401184082
8368.5  0.989025592803955
8371.1  0.97442626953125
8373.7  0.9624636173248291
8376.3  0.9584858417510986
8378.9  0.9632631540298461
8381.5  0.9724915027618408
8384.1  0.9812386631965637
8386.7  0.9875178337097167
8389.3  0.9918048977851867
8391.9  0.9952666163444519
8394.5  0.99908047914505
8397.1  1.004018425941467
8399.7  1.009668350219727
8402.3  1.014355540275574
8404.9  1.016126751899719
8407.5  1.01384437084198
8410.1  1.007937788963318
8412.7  1.000837445259094
8415.3  0.9962252974510192
8417.9  0.9967763423919677
8420.5  1.00234317779541
8423.1  1.010449409484863
8425.7  1.01806902885437
8428.3  1.022832155227661
8430.9  1.02352237701416
8433.5  1.020395159721375
8436.1  1.015050649642944
8438.7  1.009531974792481
8441.3  1.005364775657654
8443.9  1.003440260887146
8446.5  1.00434947013855
8449.1  1.008199095726013
8451.7  1.013941287994385
8454.3  1.019296884536743
8456.9  1.02177369594574
8459.5  1.020037651062012
8462.1  1.014680504798889
8464.7  1.008070588111878
8467.3  1.003364562988281
8469.9  1.002903938293457
8472.5  1.006828546524048
8475.1  1.013153076171875
8477.7  1.019342422485352
8480.3  1.023753762245178
8482.9  1.025534749031067
8485.5  1.023530721664429
8488.1  1.015858173370361
8490.7  1.001020193099976
8493.3  0.979979395866394
8495.9  0.9574741125106811
8498.5  0.9408092498779296
8501.1  0.9361122846603393
8503.7  0.9446403980255126
8506.3  0.9622161388397216
8508.9  0.9822022318840026
8511.5  0.9993669390678405
8514.1  1.011749029159546
8516.7  1.019916534423828
8519.3  1.025013089179993
8521.9  1.027296423912048
8524.5  1.025198578834534
8527.1  1.013606429100037
8529.7  0.9807477593421936
8532.3  0.9077968001365661
8534.9  0.7783141136169433
8537.5  0.5961847305297851
8540.1  0.3945203423500061
8542.7  0.2194074988365173
8545.3  0.100426159799099
8547.9  0.03725891560316086
8550.5  0.01108023431152105
8553.1  0.002616537036374211
8555.7  4.828253877349198E-4
8558.3  6.376629607984796E-5
8560.9  0.
8563.5  0.
8566.1  0.
8568.7  0.
8571.3  0.
8573.9  0.
8576.5  0.
8579.1  0.
8581.7  0.
8584.3  0.
8586.9  0.
8589.5  0.
8592.1  0.
8594.7  0.
8597.3  0.
8599.9  0.
8602.5  0.
8605.1  0.
8607.7  0.
8610.3  0.
8612.9  0.
8615.5  0.
8618.1  0.
8620.7  0.
8623.3  0.
8625.9  0.
8628.5  0.
8631.1  0.
8633.7  0.
8636.3  0.
8638.9  0.
8641.5  5.374196916818618E-5
8644.1  4.039912309963256E-4
8646.7  0.002187182195484638
8649.3  0.009257884696125984
8651.9  0.03111539594829083
8654.5  0.08387297391891479
8657.1  0.1835470795631409
8659.7  0.3316566050052643
8662.3  0.5064122080802917
8664.9  0.6732150912284851
8667.5  0.8064441680908203
8670.1  0.9002758860588073
8672.7  0.9620521068572998
8675.3  1.001432418823242
8677.9  1.025827050209045
8680.5  1.040599703788757
8683.1  1.049724936485291
8685.7  1.055914044380188
8688.3  1.060858249664307
8690.9  1.065550565719605
8693.5  1.070537328720093
8696.1  1.075927495956421
8698.7  1.081309795379639
8701.3  1.085813403129578
8703.9  1.088462352752686
8706.5  1.08869731426239
8709.1  1.086692810058594
8711.7  1.083244562149048
8714.3  1.079349517822266
8716.9  1.075780272483826
8719.5  1.072849154472351
8722.1  1.070407629013062
8724.7  1.067967295646668
8727.3  1.064842104911804
8729.9  1.060291171073914
8732.5  1.053645372390747
8735.1  1.044388294219971
8737.7  1.032139778137207
8740.3  1.01667320728302
8742.9  0.998340368270874
8745.5  0.9789891839027404
8748.1  0.9625386595726013
8750.7  0.9539710879325866
8753.3  0.9567818641662597
8755.9  0.9707171320915222
8758.5  0.9917888045310974
8761.1  1.014613151550293
8763.7  1.035068988800049
8766.3  1.0513836145401
8768.9  1.063597202301025
8771.5  1.072503209114075
8774.1  1.078788042068482
8776.7  1.082576155662537
8779.3  1.083675026893616
8781.9  1.082514047622681
8784.5  1.080793976783752
8787.1  1.080805540084839
8789.7  1.083853125572205
8792.3  1.08935546875
8794.9  1.095293164253235
8797.5  1.099333882331848
8800.1  1.099939823150635
8802.7  1.097256302833557
8805.3  1.093345284461975
8807.9  1.091111540794373
8810.5  1.092235326766968
8813.1  1.095844864845276
8815.7  1.09931218624115
8818.3  1.100459694862366
8820.9  1.099029302597046
8823.5  1.096279740333557
8826.1  1.093572616577148
8828.7  1.091391086578369
8831.3  1.089357852935791
8833.9  1.086876273155212
8836.5  1.083656191825867
8839.1  1.079652905464172
8841.7  1.07458508014679
8844.3  1.067658543586731
8846.9  1.057779431343079
8849.5  1.043924808502197
8852.1  1.025418281555176
8854.7  1.002436995506287
8857.3  0.9770055413246154
8859.9  0.9536851048469543
8862.5  0.9385896325111389
8865.1  0.9365801215171813
8867.7  0.9484310746192932
8870.3  0.9702813029289245
8872.9  0.9958915710449218
8875.5  1.019811391830444
8878.1  1.039163589477539
8880.7  1.053490519523621
8883.3  1.063650608062744
8885.9  1.070801734924316
8888.5  1.075862288475037
8891.1  1.079495549201965
8893.7  1.082355856895447
8896.3  1.08512020111084
8898.9  1.088032603263855
8901.5  1.090363502502441
8904.1  1.090516209602356
8906.7  1.087031483650208
8909.3  1.079983234405518
8911.9  1.071730732917786
8914.5  1.065778136253357
8917.1  1.06383228302002
8919.7  1.063546419143677
8922.3  1.060208559036255
8924.9  1.051874399185181
8927.5  1.042763471603394
8930.1  1.040106177330017
8932.7  1.046868681907654
8935.3  1.058841943740845
8937.9  1.069633364677429
8940.5  1.076674938201904
8943.1  1.08135449886322
8945.7  1.0855712890625
8948.3  1.089979648590088
8950.9  1.094188094139099
8953.5  1.096991896629334
8956.1  1.096563220024109
8958.7  1.091120958328247
8961.3  1.079706430435181
8963.9  1.062882661819458
8966.5  1.04333508014679
8969.1  1.026095747947693
8971.7  1.016836881637573
8974.3  1.01733136177063
8976.9  1.021130561828613
8979.5  1.01617443561554
8982.1  0.9956943392753601
8984.7  0.9671953320503234
8987.3  0.9469237327575683
8989.9  0.9419134259223937
8992.5  0.9406185746192932
8995.1  0.926773190498352
8997.7  0.9008932709693908
9000.3  0.881154179573059
9002.9  0.8815560936927795
9005.5  0.8957785964012145
9008.1  0.906251311302185
9010.7  0.9039166569709777
9013.3  0.8949374556541442
9015.9  0.8916117548942565
9018.5  0.9008086919784545
9021.1  0.9204543828964233
9023.7  0.94407320022583
9026.3  0.9669485688209533
9028.9  0.9883816838264465
9031.5  1.009343504905701
9034.1  1.029220581054688
9036.7  1.04515266418457
9039.3  1.054397702217102
9041.9  1.056837320327759
9044.5  1.055100679397583
9047.1  1.052343964576721
9049.7  1.049049377441406
9052.3  1.041316747665405
9054.9  1.023998618125916
9057.5  0.9979392290115356
9060.1  0.9737098813056945
9062.7  0.9649164080619812
9065.3  0.9761604666709899
9067.9  0.9989182353019714
9070.5  1.019440174102783
9073.1  1.028980851173401
9075.7  1.027277946472168
9078.3  1.019988417625427
9080.9  1.014025926589966
9083.5  1.012811660766602
9086.1  1.014524102210999
9088.7  1.015487194061279
9091.3  1.014788866043091
9093.9  1.014543414115906
9096.5  1.016004800796509
9099.1  1.017187237739563
9101.7  1.015473127365112
9104.3  1.011918425559998
9106.9  1.01092529296875
9109.5  1.014870882034302
9112.1  1.021043300628662
9114.7  1.024868726730347
9117.3  1.022701859474182
9119.9  1.009491801261902
9122.5  0.9796341657638549
9125.1  0.9369623661041259
9127.7  0.9010844826698303
9130.3  0.8948718309402465
9132.9  0.9232913255691528
9135.5  0.9691373109817504
9138.1  1.009703636169434
9140.7  1.033518195152283
9143.3  1.042323231697083
9145.9  1.043548583984375
9148.5  1.043579697608948
9151.1  1.045326948165894
9153.7  1.048462510108948
9156.3  1.050699234008789
9158.9  1.049440741539001
9161.5  1.0435870885849
9164.1  1.03444516658783
9166.7  1.023805379867554
9169.3  1.010101795196533
9171.9  0.9855673909187316
9174.5  0.9380797147750854
9177.1  0.8620267510414123
9179.7  0.7734089493751525
9182.3  0.7091277241706848
9184.9  0.6986268162727355
9187.5  0.7357100844383239
9190.1  0.7883530855178833
9192.7  0.834780216217041
9195.3  0.8782786726951599
9197.9  0.9276579022407531
9200.5  0.9774699807167053
9203.1  1.013397932052612
9205.7  1.028422117233276
9208.3  1.027015209197998
9210.9  1.017641544342041
9213.5  1.005895853042603
9216.1  0.9932227730751037
9218.7  0.9784300327301025
9221.3  0.9597864151000976
9223.9  0.937585711479187
9226.5  0.9156458377838134
9229.1  0.8999943733215332
9231.7  0.894953966140747
9234.3  0.8995888233184814
9236.9  0.9082197546958923
9239.5  0.9158390164375305
9242.1  0.9235666394233703
9244.7  0.9366594552993774
9247.3  0.9557872414588928
9249.9  0.9724594354629516
9252.5  0.9757220745086669
9255.1  0.9634028673171997
9257.7  0.9462627172470092
9260.3  0.9404962658882141
9262.9  0.9541346430778503
9265.5  0.9799613952636718
9268.1  1.002025604248047
9270.7  1.007931232452393
9273.3  0.9953198432922363
9275.9  0.9697536826133728
9278.5  0.9384671449661254
9281.1  0.9066094756126403
9283.7  0.8805703520774841
9286.3  0.8711364269256591
9288.9  0.8853991627693176
9291.5  0.9146739244461059
9294.1  0.9357115030288696
9296.7  0.9254001975059509
9299.3  0.8755965232849121
9301.9  0.7993896603584289
9304.5  0.7242698669433593
9307.1  0.6740152239799499
9309.7  0.653263509273529
9312.3  0.6475384831428527
9314.9  0.6342224478721618
9317.5  0.594649851322174
9320.1  0.5281330943107604
9322.7  0.4604254364967346
9325.3  0.4269926846027374
9327.9  0.4386071264743805
9330.5  0.4711095690727234
9333.1  0.4931734502315521
9335.7  0.4960770010948181
9338.3  0.494816392660141
9340.9  0.5100730061531066
9343.5  0.5510469675064086
9346.1  0.6062493920326232
9348.7  0.6495364904403686
9351.3  0.6642461419105529
9353.9  0.6607126593589782
9356.5  0.6612122654914855
9359.1  0.6707245707511901
9361.7  0.6721953749656677
9364.3  0.6495527625083923
9366.9  0.6081337332725524
9369.5  0.5703029036521911
9372.1  0.5550398826599121
9374.7  0.5666775703430175
9377.3  0.6001513600349426
9379.9  0.6467519402503967
9382.5  0.6960043311119079
9385.1  0.7434477806091308
9387.7  0.7956737875938415
9390.3  0.8577275872230529
9392.9  0.9189575910568237
9395.5  0.959892988204956
9398.1  0.9700665473937988
9400.7  0.9536569714546203
9403.3  0.9221654534339904
9405.9  0.8872286677360534
9408.5  0.8583709597587585
9411.1  0.8406000137329101
9413.7  0.829823613166809
9416.3  0.8129876852035522
9418.9  0.7787129282951354
9421.5  0.7310290336608886
9424.1  0.6914235949516296
9426.7  0.6829944252967834
9429.3  0.707631230354309
9431.9  0.7395804524421691
9434.5  0.7476529479026794
9437.1  0.7255688905715942
9439.7  0.6964049935340881
9442.3  0.6868464946746826
9444.9  0.7018202543258666
9447.5  0.7269433140754699
9450.1  0.747735857963562
9452.7  0.756145417690277
9455.3  0.743399441242218
9457.9  0.7004364728927612
9460.5  0.6303427815437316
9463.1  0.5574656724929809
9465.7  0.5198482275009155
9468.3  0.542613923549652
9470.9  0.6115083694458007
9473.5  0.6801247000694274
9476.1  0.7124319672584533
9478.7  0.7149237394332885
9481.3  0.7214046716690063
9483.9  0.7484536170959472
9486.5  0.7727208137512207
9489.1  0.756263792514801
9491.7  0.6912352442741394
9494.3  0.6149960756301879
9496.9  0.5805425643920898
9499.5  0.6140152812004089
9502.1  0.6978057622909545
9504.7  0.7878584861755371
9507.3  0.8458822965621948
9509.9  0.8612787127494812
9512.5  0.8483482003211975
9515.1  0.8268574476242065
9517.7  0.8068549036979675
9520.3  0.787912905216217
9522.9  0.7650476694107055
9525.5  0.7322432994842529
9528.1  0.6846674680709838
9530.7  0.6231089234352111
9533.3  0.5578646063804626
9535.9  0.5046886205673217
9538.5  0.4749202728271484
9541.1  0.4728187024593353
9543.7  0.4990662336349487
9546.3  0.5473094582557678
9548.9  0.6005387306213378
9551.5  0.6436406970024108
9554.1  0.6788834929466247
9556.7  0.7194239497184753
9559.3  0.7693778872489929
9561.9  0.8198198676109313
9564.5  0.86219322681427
9567.1  0.8953483700752258
9569.7  0.9183164238929748
9572.3  0.9250807762145996
9574.9  0.9123101234436035
9577.5  0.8900798559188842
9580.1  0.8783745169639587
9582.7  0.8894152045249938
9585.3  0.9166494607925415
9587.9  0.9437320828437805
9590.5  0.9594265222549438
9593.1  0.9609287977218627
9595.7  0.9490532279014587
9598.3  0.9258991479873657
9600.9  0.8945493698120117
9603.5  0.8547073006629943
9606.1  0.7967061400413513
9608.7  0.7053977847099304
9611.3  0.5805420875549316
9613.9  0.4559478461742401
9616.5  0.3868318796157837
9619.1  0.4085914194583893
9621.7  0.5097628235816955
9624.3  0.6444805264472961
9626.9  0.7622090578079223
9629.5  0.8272580504417419
9632.1  0.8289209008216857
9634.7  0.7865987420082092
9637.3  0.739073634147644
9639.9  0.7183607816696166
9642.5  0.7331399321556091
9645.1  0.7744213342666625
9647.7  0.8262047171592712
9650.3  0.8688917756080627
9652.9  0.8853097558021545
9655.5  0.8724831938743591
9658.1  0.8474785685539245
9660.7  0.8376215100288391
9663.3  0.859758973121643
9665.9  0.9073196053504943
9668.5  0.9584481120109558
9671.1  0.9943376183509826
9673.7  1.008495211601257
9676.3  1.00452446937561
9678.9  0.9914917349815368
9681.5  0.9790733456611633
9684.1  0.9716801047325134
9686.7  0.9669008255004882
9689.3  0.9618682265281677
9691.9  0.9594217538833618
9694.5  0.9652844667434692
9697.1  0.9805836677551269
9699.7  0.9997184872627258
9702.3  1.014328122138977
9704.9  1.016785979270935
9707.5  1.00166642665863
9710.1  0.9691682457923889
9712.7  0.9285439252853393
9715.3  0.8939444422721862
9717.9  0.8745500445365905
9720.5  0.8717525601387023
9723.1  0.884347915649414
9725.7  0.9085834026336669
9728.3  0.9339220523834228
9730.9  0.9483066797256469
9733.5  0.9491911530494689
9736.1  0.943302571773529
9738.7  0.9341183304786682
9741.3  0.9156491756439208
9743.9  0.8835514783859252
9746.5  0.8493507504463195
9749.1  0.8349610567092895
9751.7  0.8481116890907287
9754.3  0.8659429550170898
9756.9  0.8464515805244445
9759.5  0.7579431533813476
9762.1  0.6052924990653991
9764.7  0.4372334182262421
9767.3  0.3251452445983887
9769.9  0.3217324018478394
9772.5  0.4283240437507629
9775.1  0.5958344340324401
9777.7  0.7580275535583496
9780.3  0.8691230416297912
9782.9  0.9173320531845092
9785.5  0.9147177338600158
9788.1  0.8852906227111816
9790.7  0.8587039113044738
9793.3  0.8589239120483398
9795.9  0.8895954489707946
9798.5  0.934181272983551
9801.1  0.9732937812805175
9803.7  0.9990779161453247
9806.3  1.014064073562622
9808.9  1.022559523582459
9811.5  1.026118397712708
9814.1  1.024441838264465
9816.7  1.017687320709229
9819.3  1.007840991020203
9821.9  0.9987432956695556
9824.5  0.9944187402725219
9827.1  0.9963634610176086
9829.7  1.002264022827148
9832.3  1.007949948310852
9834.9  1.010684013366699
9837.5  1.010449171066284
9840.1  1.008570909500122
9842.7  1.005901217460632
9845.3  1.002535343170166
9847.9  0.9987512826919555
9850.5  0.9955008625984191
9853.1  0.9937583208084106
9855.7  0.9937264323234558
9858.3  0.9947789907455444
9860.9  0.9958532452583312
9863.5  0.9959493279457092
9866.1  0.9947878122329711
9868.7  0.9931440949440002
9871.3  0.9922292828559875
9873.9  0.9925664663314819
9876.5  0.993475317955017
9879.1  0.9935617446899414
9881.7  0.991633653640747
9884.3  0.9873151183128356
9886.9  0.9811911582946777
9889.5  0.9747937321662902
9892.1  0.9704273343086242
9894.7  0.9703362584114074
9897.3  0.9752326011657714
9899.9  0.9834499955177307
9902.5  0.9918291568756103
9905.1  0.9975482821464538
9907.7  0.9984529018402099
9910.3  0.9905470609664916
9912.9  0.9635732173919677
9915.5  0.900022804737091
9918.1  0.7856310606002807
9920.7  0.6310497522354125
9923.3  0.4841495454311371
9925.9  0.4087218940258026
9928.5  0.4391582906246185
9931.1  0.5545859336853027
9933.7  0.6985960006713867
9936.3  0.8213168978691101
9938.9  0.9032949805259704
9941.5  0.9496862292289733
9944.1  0.9733313918113708
9946.7  0.9847232103347778
9949.3  0.9905092716217041
9951.9  0.9944451451301574
9954.5  0.9976119399070739
9957.1  0.9990890622138977
9959.7  0.9977189302444458
9962.3  0.9937638640403747
9964.9  0.9889761209487915
9967.5  0.9854412674903869
9970.1  0.9843804836273193
9972.7  0.9854650497436523
9975.3  0.9869244694709777
9977.9  0.9867238402366638
9980.5  0.983996570110321
9983.1  0.9785048365592956
9985.7  0.967253565788269
9988.3  0.9397405385971069
9990.9  0.8766645789146423
9993.5  0.7590623497962951
9996.1  0.5872799754142761
