3501.3  0.3150313794612885
3503.9  0.3974558115005493
3506.5  0.4532727301120758
3509.1  0.4863697290420532
3511.7  0.5039300322532653
3514.3  0.5086210966110229
3516.9  0.5000060200691223
3519.5  0.4803617894649506
3522.1  0.4587002396583557
3524.7  0.4469262957572937
3527.3  0.4496046900749207
3529.9  0.4595467746257782
3532.5  0.4658631980419159
3535.1  0.4646576941013336
3537.7  0.4605464637279511
3540.3  0.4601244330406189
3542.9  0.4665221571922302
3545.5  0.4795842468738556
3548.1  0.4977527558803558
3550.7  0.5172115564346313
3553.3  0.5311868786811828
3555.9  0.5335971117019653
3558.5  0.5241219401359558
3561.1  0.5080559253692626
3563.7  0.4908387959003449
3566.3  0.4740793704986572
3568.9  0.4577454626560211
3571.5  0.4446173012256622
3574.1  0.4397038221359253
3576.7  0.4440352022647858
3579.3  0.4512176513671875
3581.9  0.4523313939571381
3584.5  0.4437362253665924
3587.1  0.4301161170005798
3589.7  0.4209627211093903
3592.3  0.4229014217853546
3594.9  0.4337290227413178
3597.5  0.4446142911911011
3600.1  0.4491530954837799
3602.7  0.4487835168838501
3605.3  0.4489348232746124
3607.9  0.4536103308200836
3610.5  0.4652156531810761
3613.1  0.4845219552516937
3615.7  0.5076421499252319
3618.3  0.5266631245613098
3620.9  0.5355300903320312
3623.5  0.5334811806678771
3626.1  0.5233280062675476
3628.7  0.5101038217544555
3631.3  0.5008110404014587
3633.9  0.5008148550987243
3636.5  0.5089017152786254
3639.1  0.5175089240074157
3641.7  0.5180315375328063
3644.3  0.5064899921417236
3646.9  0.4866620302200317
3649.5  0.4681185185909271
3652.1  0.4584663212299347
3654.7  0.4570727348327637
3657.3  0.4586101174354553
3659.9  0.4610930979251862
3662.5  0.4660930335521698
3665.1  0.4725450277328491
3667.7  0.475610762834549
3670.3  0.4721935987472534
3672.9  0.4638896286487579
3675.5  0.4551465213298798
3678.1  0.4515258371829987
3680.7  0.4583201408386231
3683.3  0.4773405194282532
3685.9  0.5045965909957885
3688.5  0.5321683287620544
3691.1  0.5528438091278076
3693.7  0.5631406307220458
3696.3  0.5631596446037292
3698.9  0.5554417371749877
3701.5  0.5444801449775695
3704.1  0.5360429286956787
3706.7  0.5352748036384582
3709.3  0.5442802906036376
3711.9  0.5598659515380859
3714.5  0.5730869174003601
3717.1  0.5745666623115539
3719.7  0.5631030201911926
3722.3  0.5464591979980468
3724.9  0.5315911173820495
3727.5  0.5180691480636596
3730.1  0.5035165548324584
3732.7  0.4910171329975128
3735.3  0.4856932163238525
3737.9  0.4854569733142853
3740.5  0.481130063533783
3743.1  0.4686884582042694
3745.7  0.4585207998752594
3748.3  0.4679144024848938
3750.9  0.5032750368118286
3753.5  0.5514028668403625
3756.1  0.5895663499832153
3758.7  0.6039348244667053
3761.3  0.598331332206726
3763.9  0.5871146321296691
3766.5  0.582874596118927
3769.1  0.5917121767997741
3771.7  0.6150333881378173
3774.3  0.649981677532196
3776.9  0.6886748671531677
3779.5  0.7210469245910644
3782.1  0.7386650443077087
3784.7  0.7353608012199401
3787.3  0.7075604796409606
3789.9  0.6580990552902221
3792.5  0.6006267666816711
3795.1  0.5570900440216064
3797.7  0.5456495881080627
3800.3  0.5677598118782043
3802.9  0.6071487665176391
3805.5  0.6412512063980102
3808.1  0.6541638374328613
3810.7  0.644331157207489
3813.3  0.6244387030601501
3815.9  0.6105173826217651
3818.5  0.6079438924789428
3821.1  0.6103503108024597
3823.7  0.6105163097381591
3826.3  0.6061550378799438
3828.9  0.5967146158218383
3831.5  0.5834054350852966
3834.1  0.5737913250923156
3836.7  0.5784962177276611
3839.3  0.6000632643699645
3841.9  0.6303902268409729
3844.5  0.6614392399787902
3847.1  0.6927902102470397
3849.7  0.7240425944328308
3852.3  0.7455195188522338
3854.9  0.746194839477539
3857.5  0.7316395640373229
3860.1  0.725298523902893
3862.7  0.745318055152893
3865.3  0.7840552926063537
3867.9  0.8152904510498046
3870.5  0.8184049129486083
3873.1  0.7917256951332092
3875.7  0.7471920847892761
3878.3  0.6982432603836059
3880.9  0.6529085040092468
3883.5  0.6162739992141723
3886.1  0.5972203016281127
3888.7  0.6077354550361633
3891.3  0.6515425443649291
3893.9  0.7161993980407714
3896.5  0.7800882458686828
3899.1  0.8264262080192565
3901.7  0.850482165813446
3904.3  0.8570107221603393
3906.9  0.8533500432968139
3909.5  0.8446937799453735
3912.1  0.8356534838676452
3914.7  0.8323684930801391
3917.3  0.8367071747779846
3919.9  0.8375425934791564
3922.5  0.8134672045707702
3925.1  0.7488632202148437
3927.7  0.6501485109329223
3930.3  0.548976182937622
3932.9  0.4876550137996674
3935.5  0.4938476085662842
3938.1  0.5630116462707519
3940.7  0.663919985294342
3943.3  0.7608972191810607
3945.9  0.831587016582489
3948.5  0.8693141341209411
3951.1  0.8763341903686523
3953.7  0.8571274876594543
3956.3  0.8144875168800354
3958.9  0.7489778399467468
3961.5  0.6636213064193725
3964.1  0.5718443989753723
3966.7  0.4992938041687012
3969.3  0.4718998968601227
3971.9  0.4980725944042206
3974.5  0.5631898045539855
3977.1  0.6419205665588378
3979.7  0.7139294147491455
3982.3  0.769875168800354
3984.9  0.8096768856048583
3987.5  0.8395066857337951
3990.1  0.8669362068176269
3992.7  0.8935670852661132
3995.3  0.9128184914588928
3997.9  0.9183692336082458
4000.5  0.9140223860740661
4003.1  0.9124590158462524
4005.7  0.9248357415199279
4008.3  0.9530115127563476
4010.9  0.9899905323982238
4013.5  1.02511477470398
4016.1  1.049577116966248
4018.7  1.060143232345581
4021.3  1.059469699859619
4023.9  1.052971959114075
4026.5  1.044877886772156
4029.1  1.036819815635681
4031.7  1.029304504394531
4034.3  1.022875308990479
4036.9  1.017011761665344
4039.5  1.009333610534668
4042.1  0.9970293045043945
4044.7  0.9774099588394165
4047.3  0.9461331367492675
4049.9  0.8999744653701782
4052.5  0.8464758992195129
4055.1  0.8066685795783996
4057.7  0.7994887232780456
4060.3  0.823087453842163
4062.9  0.8577356934547424
4065.5  0.8865152597427368
4068.1  0.9060628414154052
4070.7  0.9180991649627685
4073.3  0.920701265335083
4075.9  0.9122049212455749
4078.5  0.8976554870605468
4081.1  0.8861238360404968
4083.7  0.8828998208045959
4086.3  0.8853386640548706
4088.9  0.8838392496109008
4091.5  0.8657739758491516
4094.1  0.8225036859512329
4096.7  0.758799135684967
4099.3  0.6971088051795959
4101.9  0.667186677455902
4104.5  0.6850062012672424
4107.1  0.7411718368530273
4109.7  0.8106153607368469
4112.3  0.8701207041740417
4114.9  0.9068191051483154
4117.5  0.9178093671798706
4120.1  0.9081742763519287
4122.7  0.8880863785743713
4125.3  0.8685373663902282
4127.9  0.8583492636680603
4130.5  0.8631433248519897
4133.1  0.8835394382476806
4135.7  0.913214087486267
4138.3  0.9415586590766906
4140.9  0.9611892104148864
4143.5  0.9720574617385864
4146.1  0.9761935472488403
4148.7  0.9706393480300903
4151.3  0.9498358964920043
4153.9  0.915872037410736
4156.5  0.8833529949188232
4159.1  0.8704023361206054
4161.7  0.88298100233078
4164.3  0.9085826873779296
4166.9  0.9277346134185791
4169.5  0.9321792125701904
4172.1  0.9292658567428588
4174.7  0.928016722202301
4177.3  0.9267793893814086
4179.9  0.9192441701889038
4182.5  0.9081167578697204
4185.1  0.9048505425453186
4187.7  0.9154390096664428
4190.3  0.933165431022644
4192.9  0.9481621384620666
4195.5  0.9588021039962768
4198.1  0.9696629047393798
4200.7  0.9825426340103149
4203.3  0.9939478635787963
4205.9  0.9991450905799865
4208.5  0.9957069158554077
4211.1  0.9849233031272888
4213.7  0.9718740582466125
4216.3  0.9619106650352478
4218.9  0.955295443534851
4221.5  0.9480133056640625
4224.1  0.9402568936347961
4226.7  0.9398061037063598
4229.3  0.952716052532196
4231.9  0.974218726158142
4234.5  0.9933068752288818
4237.1  1.003165483474731
4239.7  1.003757119178772
4242.3  0.9977986812591552
4244.9  0.9884834885597229
4247.5  0.9793652296066284
4250.1  0.9726208448410034
4252.7  0.9676576852798461
4255.3  0.9638338088989257
4257.9  0.963415503501892
4260.5  0.9690605401992797
4263.1  0.9784740209579467
4265.7  0.9848117232322692
4268.3  0.9838784933090209
4270.9  0.9789039492607116
4273.5  0.9763919711112976
4276.1  0.9783047437667846
4278.7  0.9796338677406311
4281.3  0.9719197750091552
4283.9  0.9463605880737304
4286.5  0.8961219787597656
4289.1  0.8219620585441589
4291.7  0.7375937104225158
4294.3  0.6662863492965698
4296.9  0.6293642520904541
4299.5  0.6355093717575073
4302.1  0.676639974117279
4304.7  0.7314815521240234
4307.3  0.778022825717926
4309.9  0.8084492087364196
4312.5  0.8317145109176635
4315.1  0.8595694303512573
4317.7  0.8914527297019958
4320.3  0.914928913116455
4322.9  0.919374942779541
4325.5  0.9055863618850708
4328.1  0.8812045454978942
4330.7  0.8500929474830627
4333.3  0.810562789440155
4335.9  0.7650983929634094
4338.5  0.7285557985305786
4341.1  0.7211998701095581
4343.7  0.7512333393096923
4346.3  0.8064644336700439
4348.9  0.8648684024810791
4351.5  0.911026656627655
4354.1  0.9417869448661804
4356.7  0.9606226682662963
4359.3  0.9706902503967285
4361.9  0.9729236364364624
4364.5  0.9681391716003417
4367.1  0.9591372013092041
4369.7  0.9500662684440612
4372.3  0.9440001249313354
4374.9  0.9417247772216796
4377.5  0.9424910545349121
4380.1  0.9454023838043212
4382.7  0.9505857229232788
4385.3  0.9588661789894104
4387.9  0.9688702225685119
4390.5  0.9753579497337341
4393.1  0.9730141758918762
4395.7  0.9618130326271057
4398.3  0.9460927248001098
4400.9  0.9283366799354553
4403.5  0.9075738191604614
4406.1  0.88605797290802
4408.7  0.8739910125732421
4411.3  0.8823679685592651
4413.9  0.9112606644630432
4416.5  0.9488080739974975
4419.1  0.9816348552703857
4421.7  1.003365039825439
4424.3  1.014223694801331
4426.9  1.01672637462616
4429.5  1.013270854949951
4432.1  1.005475282669067
4434.7  0.9939779639244079
4437.3  0.979989469051361
4439.9  0.9678177833557128
4442.5  0.9634901285171508
4445.1  0.9682220220565795
4447.7  0.9752271175384521
4450.3  0.9764050841331481
4452.9  0.9713363647460937
4455.5  0.9667271971702575
4458.1  0.9675439596176147
4460.7  0.9708784818649291
4463.3  0.9685682654380798
4465.9  0.9538313746452331
4468.5  0.9256289601325988
4471.1  0.8889298439025878
4473.7  0.852579116821289
4476.3  0.826937973499298
4478.9  0.8207331895828247
4481.5  0.8360782861709594
4484.1  0.8651395440101623
4486.7  0.8938188552856445
4489.3  0.9112123847007751
4491.9  0.9163188934326171
4494.5  0.916997492313385
4497.1  0.9233494997024536
4499.7  0.9400859475135803
4502.3  0.9634463191032409
4504.9  0.985466718673706
4507.5  0.9997385740280151
4510.1  1.002458214759827
4512.7  0.9910507202148437
4515.3  0.9664353132247924
4517.9  0.9371591210365295
4520.5  0.9165055155754089
4523.1  0.9106771349906921
4525.7  0.9113789200782775
4528.3  0.9053019285202026
4530.9  0.8912371397018432
4533.5  0.8830017447471618
4536.1  0.8940046429634094
4538.7  0.9221797585487365
4541.3  0.9516296982765197
4543.9  0.9656396508216857
4546.5  0.9570321440696716
4549.1  0.9317101240158081
4551.7  0.9071084260940551
4554.3  0.9029352068901062
4556.9  0.9259195327758789
4559.5  0.9634404778480529
4562.1  0.9952974319458007
4564.7  1.010067820549011
4567.3  1.008976459503174
4569.9  0.9987265467643737
4572.5  0.9847767949104309
4575.1  0.9703480005264282
4577.7  0.9589254260063171
4580.3  0.9551512002944946
4582.9  0.9614900946617126
4585.5  0.9743807315826416
4588.1  0.9858689308166503
4590.7  0.9893585443496704
4593.3  0.9837732315063476
4595.9  0.9735957980155944
4598.5  0.9655821323394775
4601.1  0.9633201360702514
4603.7  0.9635928273200988
4606.3  0.9599674344062805
4608.9  0.9515556097030639
4611.5  0.9458406567573547
4614.1  0.9504861831665039
4616.7  0.9642622470855712
4619.3  0.9780415892601013
4621.9  0.9829988479614257
4624.5  0.9767836332321166
4627.1  0.9641425609588623
4629.7  0.9531028866767883
4632.3  0.949281632900238
4634.9  0.9528412222862243
4637.5  0.9603675007820129
4640.1  0.968546986579895
4642.7  0.9758495688438415
4645.3  0.9823238253593444
4647.9  0.9886031746864318
4650.5  0.9945318102836608
4653.1  0.998371422290802
4655.7  0.9976119995117187
4658.3  0.9909596443176269
4660.9  0.9800597429275512
4663.5  0.9692688584327697
4666.1  0.9624996185302734
4668.7  0.9591360688209533
4671.3  0.9538644552230834
4673.9  0.9425461888313293
4676.5  0.9287681579589843
4679.1  0.9225133657455444
4681.7  0.9306074976921081
4684.3  0.9498413801193237
4686.9  0.9708251953125
4689.5  0.9865424633026123
4692.1  0.9954223036766052
4694.7  0.9983013272285461
4697.3  0.9952924251556396
4699.9  0.9861528873443603
4702.5  0.9730632901191711
4705.1  0.9620364904403686
4707.7  0.9598472714424133
4710.3  0.9684959053993225
4712.9  0.9834861159324645
4715.5  0.9979123473167419
4718.1  1.007371664047241
4720.7  1.011045098304749
4723.3  1.009873509407044
4725.9  1.005226254463196
4728.5  0.9993848800659179
4731.1  0.9961165189743041
4733.7  0.9990790486335754
4736.3  1.008907318115234
4738.9  1.022430539131165
4741.5  1.035174250602722
4744.1  1.044201374053955
4746.7  1.048777580261231
4749.3  1.049548387527466
4751.9  1.04774796962738
4754.5  1.044458389282227
4757.1  1.03994619846344
4759.7  1.034067511558533
4762.3  1.027763247489929
4764.9  1.023465394973755
4767.5  1.023187279701233
4770.1  1.026496767997742
4772.7  1.030956387519837
4775.3  1.034340500831604
4777.9  1.036139011383057
4780.5  1.03731369972229
4783.1  1.038996696472168
4785.7  1.041248798370361
4788.3  1.042565226554871
4790.9  1.04042398929596
4793.5  1.033185362815857
4796.1  1.022549629211426
4798.7  1.013630867004395
4801.3  1.010937333106995
4803.9  1.01429557800293
4806.5  1.019898653030396
4809.1  1.024652719497681
4811.7  1.027987241744995
4814.3  1.030221462249756
4816.9  1.031073570251465
4819.5  1.02994167804718
4822.1  1.026699304580689
4824.7  1.02196204662323
4827.3  1.016867995262146
4829.9  1.012472629547119
4832.5  1.009001016616821
4835.1  1.005693435668945
4837.7  1.001652121543884
4840.3  0.996541142463684
4842.9  0.9897482395172119
4845.5  0.978524625301361
4848.1  0.9575903415679931
4850.7  0.9216431379318237
4853.3  0.8701119422912597
4855.9  0.8112689852714538
4858.5  0.7614105343818664
4861.1  0.7361204624176025
4863.7  0.7386333346366882
4866.3  0.7574807405471801
4868.9  0.7782361507415771
4871.5  0.7963951230049133
4874.1  0.8170059323310852
4876.7  0.844863474369049
4879.3  0.8787761330604553
4881.9  0.9138211607933044
4884.5  0.9455469846725463
4887.1  0.9713619351387023
4889.7  0.9897007942199707
4892.3  0.9994218945503234
4894.9  1.000666975975037
4897.5  0.995832085609436
4900.1  0.9884704947471618
4902.7  0.9807719588279724
4905.3  0.9732164144515991
4907.9  0.9663708209991455
4910.5  0.9605588316917419
4913.1  0.9536901116371154
4915.7  0.9435752034187316
4918.3  0.9338906407356262
4920.9  0.9335262775421142
4923.5  0.9468295574188232
4926.1  0.9671031832695007
4928.7  0.9818344712257385
4931.3  0.9828488230705261
4933.9  0.9719573259353637
4936.5  0.9598923325538635
4939.1  0.9591726660728454
4941.7  0.9743099808692932
4944.3  0.9983360767364501
4946.9  1.019767761230469
4949.5  1.031814217567444
4952.1  1.034800291061401
4954.7  1.032777547836304
4957.3  1.029534220695496
4959.9  1.026481032371521
4962.5  1.022952556610108
4965.1  1.018374919891358
4967.7  1.014044880867004
4970.3  1.012162685394287
4972.9  1.012981414794922
4975.5  1.013428807258606
4978.1  1.00944995880127
4980.7  1.000219225883484
4983.3  0.9898040294647216
4985.9  0.983951985836029
4988.5  0.9851757287979125
4991.1  0.9917441606521606
4993.7  1.0006502866745
4996.3  1.009572744369507
4998.9  1.016366958618164
5001.5  1.018850922584534
5004.1  1.015141487121582
5006.7  1.003583550453186
5009.3  0.9843608140945434
5011.9  0.9628469347953796
5014.5  0.9486824870109558
5017.1  0.9477292299270629
5019.7  0.956071138381958
5022.3  0.9651086926460266
5024.9  0.9715418815612792
5027.5  0.9792959094047546
5030.1  0.9921928644180297
5032.7  1.008082389831543
5035.3  1.021185755729675
5037.9  1.027780652046204
5040.5  1.028077363967896
5043.1  1.024385213851929
5045.7  1.019397377967835
5048.3  1.015594840049744
5050.9  1.014561057090759
5053.5  1.016278982162476
5056.1  1.019124865531921
5058.7  1.019957184791565
5061.3  1.014939069747925
5063.9  1.00252103805542
5066.5  0.9865298271179199
5069.1  0.9739401936531066
5071.7  0.9679447412490844
5074.3  0.9656877517700195
5076.9  0.9646698236465454
5079.5  0.9677133560180664
5082.1  0.9782915115356445
5084.7  0.993883192539215
5087.3  1.007243275642395
5089.9  1.012489795684815
5092.5  1.008514881134033
5095.1  0.9986519217491149
5097.7  0.9882636666297912
5100.3  0.980325162410736
5102.9  0.9725703597068786
5105.5  0.9615489840507507
5108.1  0.9503825306892395
5110.7  0.9486023187637329
5113.3  0.9617701768875122
5115.9  0.9841007590293884
5118.5  1.003739476203918
5121.1  1.013019323348999
5123.7  1.011839270591736
5126.3  1.003841161727905
5128.9  0.9926374554634094
5131.5  0.9815059900283813
5134.1  0.9738106131553649
5136.7  0.9717055559158325
5139.3  0.9751467108726501
5141.9  0.982419729232788
5144.5  0.9906920790672302
5147.1  0.9967277646064758
5149.7  0.9990326762199401
5152.3  0.9985468387603759
5154.9  0.995786964893341
5157.5  0.9881829619407653
5160.1  0.9719323515892028
5162.7  0.9459527730941772
5165.3  0.9138199090957641
5167.9  0.8835800886154174
5170.5  0.8657954931259155
5173.1  0.8674866557121276
5175.7  0.8843288421630859
5178.3  0.9019169807434082
5180.9  0.9098045229911804
5183.5  0.9124549031257629
5186.1  0.9220054745674133
5188.7  0.9423050880432128
5191.3  0.9650226831436157
5193.9  0.9805104136466979
5196.5  0.9878421425819396
5199.1  0.9930375814437866
5201.7  1.00079607963562
5204.3  1.010314464569092
5206.9  1.018084526062012
5209.5  1.021957039833069
5212.1  1.021964192390442
5214.7  1.018767952919006
5217.3  1.012415289878845
5219.9  1.002504944801331
5222.5  0.9894734025001525
5225.1  0.9758011102676391
5227.7  0.965636134147644
5230.3  0.9626927375793457
5232.9  0.9681494235992431
5235.5  0.9800031781196594
5238.1  0.9938805699348449
5240.7  1.00471568107605
5243.3  1.008575558662415
5245.9  1.004172563552857
5248.5  0.9939677119255065
5251.1  0.9836788773536682
5253.7  0.9784110784530639
5256.3  0.9774932861328125
5258.9  0.9746362566947937
5261.5  0.9654363393783569
5264.1  0.9540812969207763
5266.7  0.9502478837966918
5269.3  0.959112524986267
5271.9  0.9764043092727661
5274.5  0.9934535026550292
5277.1  1.004700779914856
5279.7  1.009933471679688
5282.3  1.011923432350159
5284.9  1.013456583023071
5287.5  1.015739560127258
5290.1  1.01847505569458
5292.7  1.020931482315064
5295.3  1.022696614265442
5297.9  1.02357804775238
5300.5  1.023286104202271
5303.1  1.021446824073792
5305.7  1.01798141002655
5308.3  1.013452053070068
5310.9  1.008754730224609
5313.5  1.004370927810669
5316.1  1.000349998474121
5318.7  0.9972274899482727
5321.3  0.9962197542190551
5323.9  0.9979014992713928
5326.5  1.000921607017517
5329.1  1.002527475357056
5331.7  1.000832676887512
5334.3  0.9968982338905334
5336.9  0.99407160282135
5339.5  0.9943732023239135
5342.1  0.9960380792617797
5344.7  0.9959205389022827
5347.3  0.9939096570014953
5349.9  0.9932020902633666
5352.5  0.9958604574203491
5355.1  0.9997220039367675
5357.7  1.000811219215393
5360.3  0.9980326890945434
5362.9  0.9944513440132141
5365.5  0.9940932393074035
5368.1  0.997869074344635
5370.7  1.002377986907959
5373.3  1.001859426498413
5375.9  0.9918524622917175
5378.5  0.9734556674957275
5381.1  0.9552521705627441
5383.7  0.9484918117523193
5386.3  0.9575377106666564
5388.9  0.9757611155509948
5391.5  0.9917656779289245
5394.1  0.9976080656051635
5396.7  0.9910497069358825
5399.3  0.97470223903656
5401.9  0.956266701221466
5404.5  0.9463819861412048
5407.1  0.9513561129570007
5409.7  0.9678413271903991
5412.3  0.9866443276405334
5414.9  1.000778913497925
5417.5  1.008674144744873
5420.1  1.011790990829468
5422.7  1.011733055114746
5425.3  1.009426236152649
5427.9  1.005758285522461
5430.5  1.002473592758179
5433.1  1.001893043518067
5435.7  1.004958510398865
5438.3  1.009943962097168
5440.9  1.013868093490601
5443.5  1.015040040016174
5446.1  1.013949036598206
5448.7  1.012175559997559
5451.3  1.010846138000488
5453.9  1.009968280792236
5456.5  1.008957743644714
5459.1  1.007630705833435
5461.7  1.006466627120972
5464.3  1.00574791431427
5466.9  1.004358291625977
5469.5  0.9999324679374694
5472.1  0.9914273023605346
5474.7  0.982062816619873
5477.3  0.9780827164649963
5479.9  0.9829335808753967
5482.5  0.9936120510101318
5485.1  1.003995895385742
5487.7  1.010416746139526
5490.3  1.012839317321777
5492.9  1.012210488319397
5495.5  1.008687496185303
5498.1  1.002531051635742
5500.7  0.99562668800354
5503.3  0.9910536408424377
5505.9  0.9908131957054138
5508.5  0.9944421648979187
5511.1  1.00010359287262
5513.7  1.006210803985596
5516.3  1.011783480644226
5518.9  1.016198635101318
5521.5  1.019224882125855
5524.1  1.021083116531372
5526.7  1.022278428077698
5529.3  1.023276805877686
5531.9  1.024135947227478
5534.5  1.024374961853027
5537.1  1.023388743400574
5539.7  1.020961999893189
5542.3  1.017295479774475
5544.9  1.012502789497376
5547.5  1.006176710128784
5550.1  0.9977531433105468
5552.7  0.9875963330268859
5555.3  0.9776325821876525
5557.9  0.9707418084144592
5560.5  0.9694722294807434
5563.1  0.9746527075767517
5565.7  0.9843713641166687
5568.3  0.9947436451911926
5570.9  1.00269365310669
5573.5  1.007659792900086
5576.1  1.009922385215759
5578.7  1.007709741592407
5581.3  0.9975226521492004
5583.9  0.9789014458656311
5586.5  0.9588715434074401
5589.1  0.9490221738815307
5591.7  0.955549418926239
5594.3  0.9732888340950012
5596.9  0.9912826418876647
5599.5  1.002510070800781
5602.1  1.006874561309814
5604.7  1.007296919822693
5607.3  1.005807042121887
5609.9  1.003183364868164
5612.5  1.000446796417236
5615.1  0.9992383122444152
5617.7  1.000504970550537
5620.3  1.003506541252136
5622.9  1.006699442863464
5625.5  1.008921027183533
5628.1  1.009000897407532
5630.7  1.005147218704224
5633.3  0.9965643882751464
5635.9  0.9860869646072387
5638.5  0.9794703722000122
5641.1  0.9804661870002746
5643.7  0.9870312213897705
5646.3  0.9933588504791259
5648.9  0.9950713515281677
5651.5  0.9919180870056152
5654.1  0.9866467118263244
5656.7  0.9824824333190917
5659.3  0.9812963008880615
5661.9  0.9830958843231201
5664.5  0.9867730140686035
5667.1  0.9912505745887756
5669.7  0.9958096742630004
5672.3  0.9996169805526733
5674.9  1.001628160476685
5677.5  1.001366496086121
5680.1  0.9996585249900817
5682.7  0.9981806874275207
5685.3  0.9980167746543884
5687.9  0.9988777041435241
5690.5  0.9997071623802185
5693.1  0.9994323253631591
5695.7  0.9967588186264038
5698.3  0.989662230014801
5700.9  0.9759075045585632
5703.5  0.9554287791252136
5706.1  0.9332618713378906
5708.7  0.9189257025718688
5711.3  0.9200996756553649
5713.9  0.9359208345413208
5716.5  0.9576687812805175
5719.1  0.9760982990264892
5721.7  0.9870123267173767
5724.3  0.9908906817436218
5726.9  0.9902172088623046
5729.5  0.988241970539093
5732.1  0.9882723689079284
5734.7  0.9919559955596923
5737.3  0.9981334805488586
5739.9  1.004095077514648
5742.5  1.007869720458984
5745.1  1.009183168411255
5747.7  1.008619785308838
5750.3  1.006129384040833
5752.9  1.000034928321838
5755.5  0.9870927929878234
5758.1  0.963153600692749
5760.7  0.9219163060188293
5763.3  0.8514723777770996
5765.9  0.7365711331367492
5768.5  0.5739231705665588
5771.1  0.387445330619812
5773.7  0.2195515036582947
5776.3  0.1020709201693535
5778.9  0.03832811489701271
5781.5  0.01150042004883289
5784.1  0.002733799396082759
5786.7  5.092432256788015E-4
5789.3  6.775357178412377E-5
5791.9  0.
5794.5  0.
5797.1  0.
5799.7  0.
5802.3  0.
5804.9  0.
5807.5  0.
5810.1  0.
5812.7  0.
5815.3  0.
5817.9  0.
5820.5  6.919222505530342E-5
5823.1  5.207560607232153E-4
5825.7  0.00281491712667048
5828.3  0.01189315039664507
5830.9  0.03986973688006401
5833.5  0.1070133671164513
5836.1  0.2325054258108139
5838.7  0.4151489138603211
5841.3  0.6221212148666381
5843.9  0.8046777248382568
5846.5  0.9298821687698364
5849.1  0.9964240789413452
5851.7  1.02349328994751
5854.3  1.031521558761597
5856.9  1.032824158668518
5859.5  1.032374978065491
5862.1  1.031439661979675
5864.7  1.030115127563477
5867.3  1.028452277183533
5869.9  1.02655029296875
5872.5  1.024410963058472
5875.1  1.021995425224304
5877.7  1.019446611404419
5880.3  1.016821265220642
5882.9  1.01340126991272
5885.5  1.007878422737122
5888.1  1.000090479850769
5890.7  0.992587387561798
5893.3  0.9896894097328186
5895.9  0.9943002462387084
5898.5  1.005387187004089
5901.1  1.018580913543701
5903.7  1.029253840446472
5906.3  1.03511643409729
5908.9  1.036478161811829
5911.5  1.035025119781494
5914.1  1.032674431800842
5916.7  1.03083860874176
5919.3  1.029811859130859
5921.9  1.028574347496033
5924.5  1.025385618209839
5927.1  1.018990755081177
5929.7  1.010025382041931
5932.3  1.001625657081604
5934.9  0.997751772403717
5937.5  0.9997915625572204
5940.1  1.005160331726074
5942.7  1.009820580482483
5945.3  1.011631369590759
5947.9  1.011128306388855
5950.5  1.010310888290405
5953.1  1.011152029037476
5955.7  1.014248490333557
5958.3  1.018338918685913
5960.9  1.021523356437683
5963.5  1.023044228553772
5966.1  1.023549795150757
5968.7  1.023808121681213
5971.3  1.023699164390564
5973.9  1.022618055343628
5976.5  1.020445466041565
5979.1  1.017772316932678
5981.7  1.015336871147156
5984.3  1.013509631156921
5986.9  1.012287139892578
5989.5  1.011518836021423
5992.1  1.011036038398743
5994.7  1.010666966438294
5997.3  1.010267615318298
5999.9  1.009819149971008
6002.5  1.00947892665863
6005.1  1.009506702423096
6007.7  1.010050296783447
6010.3  1.010900497436524
6012.9  1.01151716709137
6015.5  1.011494636535645
6018.1  1.011021614074707
6020.7  1.010708570480347
6023.3  1.010909199714661
6025.9  1.011396288871765
6028.5  1.011732220649719
6031.1  1.011696577072144
6033.7  1.011241555213928
6036.3  1.010284423828125
6038.9  1.008726358413696
6041.5  1.006627082824707
6044.1  1.004277229309082
6046.7  1.002096295356751
6049.3  1.000458359718323
6051.9  0.9995906352996826
6054.5  0.9996294975280761
6057.1  1.000728607177734
6059.7  1.003130674362183
6062.3  1.00711464881897
6064.9  1.012639045715332
6067.5  1.018700838088989
6070.1  1.023200511932373
6072.7  1.024077296257019
6075.3  1.020932674407959
6077.9  1.015371799468994
6080.5  1.00979745388031
6083.1  1.006059646606445
6085.7  1.004827380180359
6088.3  1.00553286075592
6090.9  1.006845116615295
6093.5  1.007574796676636
6096.1  1.007341861724854
6098.7  1.006482124328613
6101.3  1.005541682243347
6103.9  1.004944205284119
6106.5  1.004890203475952
6109.1  1.005305767059326
6111.7  1.005865812301636
6114.3  1.006214261054993
6116.9  1.006243467330933
6119.5  1.006156444549561
6122.1  1.006241202354431
6124.7  1.006623148918152
6127.3  1.007184386253357
6129.9  1.007590055465698
6132.5  1.007238745689392
6135.1  1.005298018455505
6137.7  1.000932693481445
6140.3  0.993865430355072
6142.9  0.9854013919830322
6145.5  0.9789456725120544
6148.1  0.9780424833297729
6150.7  0.9826594591140747
6153.3  0.9883130192756652
6155.9  0.9902628064155578
6158.5  0.9882563352584838
6161.1  0.986382246017456
6163.7  0.9886484146118164
6166.3  0.9953923821449279
6168.9  1.003773808479309
6171.5  1.010783433914185
6174.1  1.015205383300781
6176.7  1.017325639724731
6179.3  1.017810463905335
6181.9  1.017294526100159
6184.5  1.016604900360107
6187.1  1.016716837882996
6189.7  1.018148422241211
6192.3  1.020592570304871
6194.9  1.023331761360169
6197.5  1.025837302207947
6200.1  1.027872323989868
6202.7  1.029300451278687
6205.3  1.029965162277222
6207.9  1.029698133468628
6210.5  1.028458595275879
6213.1  1.026561260223389
6215.7  1.024650692939758
6218.3  1.023221135139465
6220.9  1.022077918052673
6223.5  1.020396828651428
6226.1  1.017548799514771
6228.7  1.013994097709656
6231.3  1.01113498210907
6233.9  1.009905815124512
6236.5  1.009633660316467
6239.1  1.008687257766724
6241.7  1.006211161613464
6244.3  1.002706408500671
6246.9  0.99897301197052
6249.5  0.9954296350479125
6252.1  0.9929868578910827
6254.7  0.9934839010238647
6257.3  0.9979973435401916
6259.9  1.005137085914612
6262.5  1.011834025382996
6265.1  1.015537619590759
6267.7  1.015161037445068
6270.3  1.010520100593567
6272.9  1.001984715461731
6275.5  0.9912939667701721
6278.1  0.9820892810821533
6280.7  0.9781996607780456
6283.3  0.9807803034782409
6285.9  0.9874952435493469
6288.5  0.9947526454925537
6291.1  1.000426054000854
6293.7  1.004352211952209
6296.3  1.007033467292786
6298.9  1.008785247802734
6301.5  1.009834051132202
6304.1  1.010364174842835
6306.7  1.010365009307861
6309.3  1.00973105430603
6311.9  1.008545994758606
6314.5  1.007150411605835
6317.1  1.006148099899292
6319.7  1.006272196769714
6322.3  1.007824182510376
6324.9  1.010193705558777
6327.5  1.012230515480042
6330.1  1.013154268264771
6332.7  1.012931108474731
6335.3  1.011874556541443
6337.9  1.010224938392639
6340.5  1.00822925567627
6343.1  1.006322860717774
6345.7  1.004875779151917
6348.3  1.003770470619202
6350.9  1.002417802810669
6353.5  1.000239610671997
6356.1  0.9970916509628295
6358.7  0.993241012096405
6361.3  0.9887850880622863
6363.9  0.9832348227500915
6366.5  0.9764536619186401
6369.1  0.970365822315216
6371.7  0.9685103297233581
6374.3  0.9726466536521911
6376.9  0.9805314540863037
6379.5  0.9881376028060913
6382.1  0.9933961033821105
6384.7  0.9967021346092224
6387.3  0.9983099699020385
6389.9  0.9962241053581237
6392.5  0.9873484969139099
6395.1  0.971519649028778
6397.7  0.9545601606369018
6400.3  0.9455643892288208
6402.9  0.9493298530578613
6405.5  0.9623478055000305
6408.1  0.9770731925964355
6410.7  0.9883548021316528
6413.3  0.9951133728027343
6415.9  0.9983588457107543
6418.5  0.9993672370910644
6421.1  0.9989570975303649
6423.7  0.9971860647201538
6426.3  0.9932007193565368
6428.9  0.9851970672607421
6431.5  0.9712518453598022
6434.1  0.9521527290344238
6436.7  0.934191346168518
6439.3  0.9266747236251831
6441.9  0.933921456336975
6444.5  0.9507492184638977
6447.1  0.9675022363662719
6449.7  0.9779008626937866
6452.3  0.9808328747749328
6454.9  0.9774786829948425
6457.5  0.9699683189392089
6460.1  0.9622788429260253
6462.7  0.9592365622520446
6465.3  0.9626038670539855
6467.9  0.9692364335060119
6470.5  0.9745790958404541
6473.1  0.9773007035255432
6475.7  0.9793336391448974
6478.3  0.9822614192962646
6480.9  0.9850289225578308
6483.5  0.9848092198371887
6486.1  0.9790838956832885
6488.7  0.9673933982849121
6491.3  0.9525273442268371
6493.9  0.9399580955505371
6496.5  0.934715986251831
6499.1  0.9381400346755981
6501.7  0.9476986527442932
6504.3  0.9592543840408325
6506.9  0.969024658203125
6509.5  0.9745780825614929
6512.1  0.9755177497863769
6514.7  0.9736170768737792
6517.3  0.9716646671295166
6519.9  0.9714516997337341
6522.5  0.9727413654327392
6525.1  0.9742571711540222
6527.7  0.9752716422080993
6530.3  0.9759379625320434
6532.9  0.9765188097953796
6535.5  0.9768170118331909
6538.1  0.9762260913848876
6540.7  0.9740070700645446
6543.3  0.9694132208824157
6545.9  0.961547315120697
6548.5  0.9489713907241821
6551.1  0.9294866919517517
6553.7  0.9009419679641723
6556.3  0.8639011979103088
6558.9  0.824974238872528
6561.5  0.7967168688774108
6564.1  0.7910672426223754
6566.7  0.8105803728103637
6569.3  0.8464158177375793
6571.9  0.8853328227996826
6574.5  0.9180412888526916
6577.1  0.9417465329170227
6579.7  0.9576709866523742
6582.3  0.9680353999137878
6584.9  0.9746691584587097
6587.5  0.9787864089012145
6590.1  0.9812146425247192
6592.7  0.9828435182571411
6595.3  0.9849037528038024
6597.9  0.9885274767875671
6600.5  0.9937782287597656
6603.1  0.9994626641273498
6605.7  1.004252195358276
6608.3  1.007770895957947
6610.9  1.010409355163574
6613.5  1.012505412101746
6616.1  1.014049291610718
6618.7  1.014919638633728
6621.3  1.01505446434021
6623.9  1.014359354972839
6626.5  1.012695193290711
6629.1  1.01025390625
6631.7  1.00803279876709
6634.3  1.007476687431335
6636.9  1.009189248085022
6639.5  1.012195706367493
6642.1  1.014864206314087
6644.7  1.016360640525818
6647.3  1.016974806785584
6649.9  1.017377138137817
6652.5  1.017937541007996
6655.1  1.018611431121826
6657.7  1.019161105155945
6660.3  1.019471526145935
6662.9  1.019722580909729
6665.5  1.020117163658142
6668.1  1.020277619361878
6670.7  1.019183397293091
6673.3  1.016375780105591
6675.9  1.013356804847717
6678.5  1.012961149215698
6681.1  1.016619443893433
6683.7  1.022705674171448
6686.3  1.028085947036743
6688.9  1.030763983726502
6691.5  1.030736327171326
6694.1  1.029155611991882
6696.7  1.027345657348633
6699.3  1.026217103004456
6701.9  1.025975823402405
6704.5  1.026203632354736
6707.1  1.026286959648132
6709.7  1.025783181190491
6712.3  1.024551153182984
6714.9  1.02277934551239
6717.5  1.02099335193634
6720.1  1.0198233127594
6722.7  1.019515156745911
6725.3  1.019649386405945
6727.9  1.019426584243774
6730.5  1.018280625343323
6733.1  1.016338229179382
6735.7  1.014423131942749
6738.3  1.013498187065125
6740.9  1.013901233673096
6743.5  1.015165209770203
6746.1  1.01662290096283
6748.7  1.017984986305237
6751.3  1.019258618354797
6753.9  1.020373225212097
6756.5  1.021123170852661
6759.1  1.021423101425171
6761.7  1.02144467830658
6764.3  1.02143394947052
6766.9  1.021433234214783
6769.5  1.021224021911621
6772.1  1.020547866821289
6774.7  1.019318342208862
6777.3  1.017654299736023
6779.9  1.015848755836487
6782.5  1.014376878738403
6785.1  1.013751268386841
6787.7  1.014152646064758
6790.3  1.015193462371826
6792.9  1.016172885894775
6795.5  1.016617059707642
6798.1  1.016547441482544
6800.7  1.016280770301819
6803.3  1.016080379486084
6805.9  1.016026616096497
6808.5  1.016156673431397
6811.1  1.016660809516907
6813.7  1.017825365066528
6816.3  1.019702315330505
6818.9  1.021900415420532
6821.5  1.023839116096497
6824.1  1.02515435218811
6826.7  1.025785088539124
6829.3  1.02583646774292
6831.9  1.025515794754028
6834.5  1.025024056434631
6837.1  1.024353861808777
6839.7  1.023365259170532
6842.3  1.022096633911133
6844.9  1.020588874816895
6847.5  1.018362283706665
6850.1  1.014748215675354
6852.7  1.009891033172607
6855.3  1.004523754119873
6857.9  0.997170090675354
6860.5  0.9816896319389343
6863.1  0.9493823051452636
6865.7  0.8964872956275939
6868.3  0.8325865864753723
6870.9  0.7814553380012512
6873.5  0.7676909565925598
6876.1  0.7955908775329589
6878.7  0.842530071735382
6881.3  0.8789436817169189
6883.9  0.8945319056510925
6886.5  0.9012437462806701
6889.1  0.9135120511054992
6891.7  0.9325494766235351
6894.3  0.9498763680458068
6896.9  0.9588569402694702
6899.5  0.9595839977264404
6902.1  0.957329511642456
6904.7  0.9588176012039184
6907.3  0.9674816131591796
6909.9  0.9808055758476257
6912.5  0.9933497309684753
6915.1  1.001824617385864
6917.7  1.006203413009644
6920.3  1.007640480995178
6922.9  1.007094144821167
6925.5  1.005319118499756
6928.1  1.002614736557007
6930.7  0.9983558654785156
6933.3  0.9917104840278625
6935.9  0.9834638237953186
6938.5  0.9767211079597473
6941.1  0.9745035767555236
6943.7  0.9765024781227111
6946.3  0.9794270992279052
6948.9  0.9808060526847839
6951.5  0.9809758067131042
6954.1  0.9810722470283508
6956.7  0.9810672998428344
6959.3  0.9809668660163879
6961.9  0.9822304248809814
6964.5  0.9862330555915832
6967.1  0.9921709895133972
6969.7  0.9977834224700927
6972.3  1.001585602760315
6974.9  1.003692269325256
6977.5  1.005159854888916
6980.1  1.007139563560486
6982.7  1.010085940361023
6985.3  1.013245582580566
6987.9  1.015121579170227
6990.5  1.01465106010437
6993.1  1.011785387992859
6995.7  1.006842613220215
6998.3  0.9998146295547485
7000.9  0.9911019802093505
7003.5  0.982795774936676
7006.1  0.9778951406478881
7008.7  0.9774851202964782
7011.3  0.9796170592308044
7013.9  0.9816698431968688
7016.5  0.9828730821609497
7019.1  0.9839681386947631
7021.7  0.9856013655662536
7024.3  0.9878690242767333
7026.9  0.9905620217323303
7029.5  0.9931456446647644
7032.1  0.9948910474777221
7034.7  0.9954028725624084
7037.3  0.9949044585227966
7039.9  0.994076669216156
7042.5  0.9936641454696655
7045.1  0.9940423965454101
7047.7  0.9949954748153686
7050.3  0.9959819316864013
7052.9  0.9966120719909667
7055.5  0.9968650341033935
7058.1  0.9970802664756774
7060.7  0.9978702664375305
7063.3  0.9997768998146057
7065.9  1.002753734588623
7068.5  1.006011605262756
7071.1  1.008409261703491
7073.7  1.009064912796021
7076.3  1.007784128189087
7078.9  1.005051851272583
7081.5  1.001691460609436
7084.1  0.9985292553901672
7086.7  0.996198296546936
7089.3  0.9950244426727294
7091.9  0.9949899911880493
7094.5  0.9957972764968872
7097.1  0.996998906135559
7099.7  0.9980987310409545
7102.3  0.9985208511352539
7104.9  0.9975689649581909
7107.5  0.9947158694267272
7110.1  0.9902039766311645
7112.7  0.9853097796440124
7115.3  0.9817296862602233
7117.9  0.9804939031600952
7120.5  0.9813892245292663
7123.1  0.9832668304443359
7125.7  0.9848390817642211
7128.3  0.9855126142501831
7130.9  0.985854148864746
7133.5  0.9871477484703063
7136.1  0.9901562333106994
7138.7  0.9942708015441894
7141.3  0.9980173110961914
7143.9  1.000299453735352
7146.5  1.000998616218567
7149.1  1.000345587730408
7151.7  0.997918426990509
7154.3  0.9925599694252014
7156.9  0.9836639165878295
7159.5  0.9727635979652404
7162.1  0.9636749625205993
7164.7  0.9602882862091064
7167.3  0.9632732272148132
7169.9  0.968968391418457
7172.5  0.9718758463859558
7175.1  0.9678132534027099
7177.7  0.9539088010787963
7180.3  0.9277807474136352
7182.9  0.89136803150177
7185.5  0.8564213514328002
7188.1  0.8399857282638549
7190.7  0.8489819169044494
7193.3  0.8725004196166992
7195.9  0.8936918377876281
7198.5  0.9063572287559509
7201.1  0.9163898229598999
7203.7  0.9302947521209716
7206.3  0.9472063183784484
7208.9  0.9615938663482666
7211.5  0.9697237610816955
7214.1  0.9720180630683898
7216.7  0.9713656306266784
7219.3  0.9707610011100769
7221.9  0.9720156192779541
7224.5  0.9753265380859375
7227.1  0.9795781373977661
7229.7  0.9831869602203369
7232.3  0.9848106503486633
7234.9  0.9835069179534912
7237.5  0.9782612919807434
7240.1  0.9676077365875244
7242.7  0.9497708678245544
7245.3  0.9240983724594116
7247.9  0.8942926526069641
7250.5  0.8706977367401123
7253.1  0.865833044052124
7255.7  0.8835619091987609
7258.3  0.9138749837875366
7260.9  0.9413080215454101
7263.5  0.9571673870086669
7266.1  0.9622260928153991
7268.7  0.9611192941665649
7271.3  0.9577065110206604
7273.9  0.954534113407135
7276.5  0.9531188011169433
7279.1  0.95297771692276
7281.7  0.9514258503913879
7284.3  0.9460226893424987
7286.9  0.9382669329643249
7289.5  0.9339094161987304
7292.1  0.9379233717918395
7294.7  0.9491416811943054
7297.3  0.9609901905059814
7299.9  0.9670434594154357
7302.5  0.9651742577552795
7305.1  0.9579606652259826
7307.7  0.950904369354248
7310.3  0.9492924809455871
7312.9  0.9547657370567321
7315.5  0.9646801352500915
7318.1  0.9750495553016662
7320.7  0.9832181930541992
7323.3  0.9878579974174499
7325.9  0.9884009957313537
7328.5  0.9856708645820617
7331.1  0.9821570515632629
7333.7  0.9804630875587463
7336.3  0.9813051223754882
7338.9  0.9833188652992248
7341.5  0.9845536351203918
7344.1  0.9838857054710388
7346.7  0.9813994169235229
7349.3  0.9781674146652221
7351.9  0.9757035374641418
7354.5  0.9750192165374755
7357.1  0.9759252071380615
7359.7  0.9773762226104736
7362.3  0.9784481525421142
7364.9  0.9788601398468017
7367.5  0.9787425994873046
7370.1  0.9781853556632995
7372.7  0.9769725799560546
7375.3  0.9745919108390808
7377.9  0.970621109008789
7380.5  0.9654067158699035
7383.1  0.9604308009147644
7385.7  0.9577085971832275
7388.3  0.9584822058677673
7390.9  0.962409496307373
7393.5  0.9680519700050354
7396.1  0.9740105867385864
7398.7  0.9794421792030334
7401.3  0.983693778514862
7403.9  0.9860817790031433
7406.5  0.986504316329956
7409.1  0.9861359000205993
7411.7  0.9868286252021789
7414.3  0.9893594980239868
7416.9  0.9926527142524719
7419.5  0.9951114654541015
7422.1  0.9962356090545654
7424.7  0.9965496659278869
7427.3  0.996505320072174
7429.9  0.9960335493087768
7432.5  0.9949542880058288
7435.1  0.9933858513832092
7437.7  0.9916611313819885
7440.3  0.9900148510932922
7442.9  0.9884549379348754
7445.5  0.986984372138977
7448.1  0.9858342409133911
7450.7  0.9852754473686218
7453.3  0.9851773381233215
7455.9  0.9849805235862731
7458.5  0.9841991662979125
7461.1  0.9827943444252014
7463.7  0.9810011386871337
7466.3  0.9789435863494873
7468.9  0.9766167402267456
7471.5  0.9742337465286254
7474.1  0.9723865389823913
7476.7  0.9716820120811462
7479.3  0.972269058227539
7481.9  0.9738622307777404
7484.5  0.9761925935745239
7487.1  0.9792426228523254
7489.7  0.9830178022384643
7492.3  0.9872612953186035
7494.9  0.9914847016334533
7497.5  0.9951978921890258
7500.1  0.9980440735816955
7502.7  0.9998525977134704
7505.3  1.000716209411621
7507.9  1.000949263572693
7510.5  1.000805974006653
7513.1  1.000241160392761
7515.7  0.9990321993827819
7518.3  0.9970390200614929
7520.9  0.994189441204071
7523.5  0.9903004765510559
7526.1  0.9853321909904479
7528.7  0.9801414608955383
7531.3  0.9766504764556884
7533.9  0.9764794707298278
7536.5  0.9793161153793334
7539.1  0.9832193255424499
7541.7  0.9865528941154479
7544.3  0.989041268825531
7546.9  0.9909759759902954
7549.5  0.9921754002571105
7552.1  0.9921473860740661
7554.7  0.9908783435821533
7557.3  0.9890679121017456
7559.9  0.9876299500465393
7562.5  0.9870659112930297
7565.1  0.9872514605522155
7567.7  0.9876710176467895
7570.3  0.9877395629882812
7572.9  0.9870534539222717
7575.5  0.9856753945350646
7578.1  0.9843032360076904
7580.7  0.9836695790290832
7583.3  0.9830997586250305
7585.9  0.9789444804191589
7588.5  0.9639286398887634
7591.1  0.9284657835960388
7593.7  0.8646549582481384
7596.3  0.7723562121391296
7598.9  0.6644619703292846
7601.5  0.5665072798728942
7604.1  0.5067008733749389
7606.7  0.5000954866409301
7609.3  0.5396420359611511
7611.9  0.6023351550102233
7614.5  0.6634435057640075
7617.1  0.7055040001869201
7619.7  0.7194920778274536
7622.3  0.7051174640655517
7624.9  0.6718051433563232
7627.5  0.6345969438552856
7630.1  0.6055942177772521
7632.7  0.5893704891204833
7635.3  0.5848445296287536
7637.9  0.5899229049682617
7640.5  0.6025003194808959
7643.1  0.6166476607322692
7645.7  0.6233001351356506
7648.3  0.6207629442214965
7650.9  0.6197013854980468
7653.5  0.6316827535629272
7656.1  0.6577740311622619
7658.7  0.6934602260589599
7661.3  0.7381350398063659
7663.9  0.7925018072128295
7666.5  0.8509738445281982
7669.1  0.9031139016151428
7671.7  0.9415020942687988
7674.3  0.9653382301330566
7676.9  0.9773135781288146
7679.5  0.9792256355285644
7682.1  0.9709529280662536
7684.7  0.9542419910430908
7687.3  0.9367678761482238
7689.9  0.9297474026679992
7692.5  0.9388271570205688
7695.1  0.9588725566864013
7697.7  0.9793232083320617
7700.3  0.9927989244461059
7702.9  0.9976593255996704
7705.5  0.9957472085952758
7708.1  0.9904803037643432
7710.7  0.9857953786849975
7713.3  0.9844773411750793
7715.9  0.9868043661117553
7718.5  0.9911205768585205
7721.1  0.9954876899719238
7723.7  0.9986873865127563
7726.3  1.000189185142517
7728.9  1.000020980834961
7731.5  0.998813509941101
7734.1  0.9974465370178222
7736.7  0.9963806271553039
7739.3  0.9955333471298217
7741.9  0.9947682619094848
7744.5  0.9942510724067687
7747.1  0.9942583441734313
7749.7  0.9948945641517639
7752.3  0.9960589408874511
7754.9  0.9975160360336303
7757.5  0.9989111423492431
7760.1  0.9996801018714904
7762.7  0.9988610744476318
7765.3  0.9947778582572937
7767.9  0.985382080078125
7770.5  0.9700603485107421
7773.1  0.9520177841186523
7775.7  0.9382720589637756
7778.3  0.9357839822769165
7780.9  0.9466767311096191
7783.5  0.9668068885803222
7786.1  0.9886361956596374
7788.7  1.005776882171631
7791.3  1.015753746032715
7793.9  1.019634366035462
7796.5  1.019971013069153
7799.1  1.019026398658753
7801.7  1.018003344535828
7804.3  1.017150759696961
7806.9  1.016293287277222
7809.5  1.015364408493042
7812.1  1.01449179649353
7814.7  1.013728857040405
7817.3  1.012818217277527
7819.9  1.01127290725708
7822.5  1.008641362190247
7825.1  1.004776239395142
7827.7  1.000168204307556
7830.3  0.9961873888969421
7832.9  0.9945694804191589
7835.5  0.9960212111473083
7838.1  0.9993483424186706
7840.7  1.002435922622681
7843.3  1.004045486450195
7845.9  1.004336357116699
7848.5  1.003953099250794
7851.1  1.003164529800415
7853.7  1.001833558082581
7856.3  0.9998890757560729
7858.9  0.997707188129425
7861.5  0.9959481954574584
7864.1  0.9948766827583312
7866.7  0.9939125180244445
7869.3  0.9922007322311401
7871.9  0.9897924065589904
7874.5  0.988091766834259
7877.1  0.9888351559638977
7879.7  0.9924569129943847
7882.3  0.9975009560585021
7884.9  1.001785397529602
7887.5  1.004337072372437
7890.1  1.006232976913452
7892.7  1.009302735328674
7895.3  1.013936996459961
7897.9  1.018529891967774
7900.5  1.021079301834107
7903.1  1.02073085308075
7905.7  1.017674326896668
7908.3  1.012157559394837
7910.9  1.004138588905335
7913.5  0.994114875793457
7916.1  0.9843165874481201
7918.7  0.9783110618591308
7921.3  0.9783671498298645
7923.9  0.983338177204132
7926.5  0.989891767501831
7929.1  0.9954938292503356
7931.7  0.9995588064193725
7934.3  1.002232551574707
7936.9  1.00323224067688
7939.5  1.002302408218384
7942.1  1.000234603881836
7944.7  0.9986475110054016
7947.3  0.9985902309417724
7949.9  0.9997134208679199
7952.5  1.000970959663391
7955.1  1.001714944839478
7957.7  1.001883864402771
7960.3  1.001494169235229
7962.9  1.000378489494324
7965.5  0.9984516501426696
7968.1  0.9960502386093139
7970.7  0.9938538074493408
7973.3  0.9925708174705505
7975.9  0.9928690195083618
7978.5  0.9953593611717224
7981.1  1.000110507011414
7983.7  1.006026029586792
7986.3  1.010947346687317
7988.9  1.012293934822083
7991.5  1.007974863052368
7994.1  0.9982462525367736
7996.7  0.987591803073883
7999.3  0.9829466938972473
8001.9  0.9877899289131164
8004.5  0.998658537864685
8007.1  1.008822083473206
8009.7  1.014317512512207
8012.3  1.015547752380371
8014.9  1.01469886302948
8017.5  1.01321542263031
8020.1  1.011372208595276
8022.7  1.009172797203064
8025.3  1.00704300403595
8027.9  1.005630016326904
8030.5  1.00515341758728
8033.1  1.005255341529846
8035.7  1.005372881889343
8038.3  1.005095839500427
8040.9  1.004392743110657
8043.5  1.003788590431213
8046.1  1.00407862663269
8048.7  1.00543212890625
8051.3  1.006905078887939
8053.9  1.007223606109619
8056.5  1.006065130233765
8059.1  1.00436007976532
8061.7  1.003363370895386
8064.3  1.003614664077759
8066.9  1.004793286323547
8069.5  1.006261229515076
8072.1  1.007464289665222
8074.7  1.007867336273193
8077.3  1.00690770149231
8079.9  1.004497170448303
8082.5  1.001653790473938
8085.1  1.000244617462158
8087.7  1.001649379730225
8090.3  1.005674600601196
8092.9  1.010939121246338
8095.5  1.016092300415039
8098.1  1.020398139953613
8100.7  1.023441433906555
8103.3  1.024854898452759
8105.9  1.024509072303772
8108.5  1.02251124382019
8111.1  1.01872980594635
8113.7  1.012806534767151
8116.3  1.005164861679077
8118.9  0.9976547956466674
8121.5  0.9923130869865417
8124.1  0.9889898896217346
8126.7  0.984849214553833
8129.3  0.9774744510650634
8131.9  0.9686809182167053
8134.5  0.963689386844635
8137.1  0.9655848145484924
8139.7  0.9717493653297424
8142.3  0.9765719771385192
8144.9  0.9763616919517517
8147.5  0.9708591699600219
8150.1  0.9613251686096191
8152.7  0.9478157758712768
8155.3  0.9282479286193847
8157.9  0.9018152952194213
8160.5  0.8747050166130065
8163.1  0.8589946031570434
8165.7  0.8615438938140869
8168.3  0.8756992816925048
8170.9  0.8874021172523498
8173.5  0.8880691528320312
8176.1  0.8808179497718811
8178.7  0.8767706751823425
8181.3  0.8856518864631652
8183.9  0.9081813097000122
8186.5  0.9363879561424255
8189.1  0.9602323174476623
8191.7  0.973874032497406
8194.3  0.9776055216789245
8196.9  0.9763032793998718
8199.5  0.9764849543571472
8202.1  0.9827934503555297
8204.7  0.9949593544006347
8207.3  1.008124709129334
8209.9  1.01709520816803
8212.5  1.020328283309937
8215.1  1.01963996887207
8217.7  1.01715874671936
8220.3  1.013343691825867
8222.9  1.007651329040527
8225.5  1.000501751899719
8228.1  0.9942039847373962
8230.7  0.9915217757225036
8233.3  0.9931621551513671
8235.9  0.997079312801361
8238.5  1.000283360481262
8241.1  1.000985264778137
8243.7  0.9992193579673767
8246.3  0.996263563632965
8248.9  0.9937305450439453
8251.5  0.9926680922508239
8254.1  0.9929908514022827
8256.7  0.9937150478363037
8259.3  0.9938487410545349
8261.9  0.9928635954856872
8264.5  0.989983856678009
8267.1  0.9829105138778686
8269.7  0.9684351682662963
8272.3  0.94612717628479
8274.9  0.9218244552612304
8277.5  0.9056940674781799
8280.1  0.9050897359848022
8282.7  0.9192760586738586
8285.3  0.9410231113433837
8287.9  0.9624308347702026
8290.5  0.9791712164878845
8293.1  0.9904209375381469
8295.7  0.9962231516838073
8298.3  0.9961501955986022
8300.9  0.9908208847045898
8303.5  0.9838022589683532
8306.1  0.9804604649543762
8308.7  0.9837573766708374
8311.3  0.9916296601295471
8313.9  0.9993262887001037
8316.5  1.004061818122864
8319.1  1.006528377532959
8321.7  1.008200287818909
8324.3  1.008431196212769
8326.9  1.004835844039917
8329.5  0.9955494403839111
8332.1  0.9805341958999633
8334.7  0.962326169013977
8337.3  0.9471461772918701
8339.9  0.943079650402069
8342.5  0.9534845352172851
8345.1  0.9727037549018859
8347.7  0.9907854199409484
8350.3  1.001673817634583
8352.9  1.005596876144409
8355.5  1.005526304244995
8358.1  1.003664016723633
8360.7  1.001034379005432
8363.3  0.9987761378288269
8365.9  0.9984346032142639
8368.5  1.000644445419312
8371.1  1.004200220108032
8373.7  1.007190585136414
8376.3  1.0087651014328
8378.9  1.009428858757019
8381.5  1.009949088096619
8384.1  1.010565400123596
8386.7  1.011244058609009
8389.3  1.012158751487732
8391.9  1.013530015945435
8394.5  1.015204668045044
8397.1  1.016717433929443
8399.7  1.017659187316895
8402.3  1.01779842376709
8404.9  1.017037391662598
8407.5  1.015407919883728
8410.1  1.012955904006958
8412.7  1.009502530097961
8415.3  1.004795432090759
8417.9  0.9994452595710754
8420.5  0.9956094026565551
8423.1  0.9958040118217468
8425.7  1.000475406646729
8428.3  1.007236480712891
8430.9  1.012852191925049
8433.5  1.015699982643128
8436.1  1.016073822975159
8438.7  1.014678955078125
8441.3  1.011966705322266
8443.9  1.009241461753845
8446.5  1.008968353271484
8449.1  1.012580871582031
8451.7  1.01859724521637
8454.3  1.023977041244507
8456.9  1.026893615722656
8459.5  1.027544856071472
8462.1  1.026949286460877
8464.7  1.025840401649475
8467.3  1.024626135826111
8469.9  1.023656368255615
8472.5  1.02303147315979
8475.1  1.022392392158508
8477.7  1.021257877349854
8480.3  1.019551038742066
8482.9  1.017053842544556
8485.5  1.011808037757874
8488.1  0.9990103840827941
8490.7  0.9732394814491271
8493.3  0.9351613521575927
8495.9  0.8973633646965026
8498.5  0.8792046308517456
8501.1  0.8908250927925109
8503.7  0.923537790775299
8506.3  0.9588304758071899
8508.9  0.9842495322227478
8511.5  0.9984919428825378
8514.1  1.005508661270142
8516.7  1.008343815803528
8519.3  1.007977247238159
8521.9  1.004903435707092
8524.5  1.000035524368286
8527.1  0.9932881593704223
8529.7  0.9798745512962341
8532.3  0.946782648563385
8534.9  0.8742227554321289
8537.5  0.7465568780899047
8540.1  0.5691035389900207
8542.7  0.3747865259647369
8545.3  0.2075368911027908
8547.9  0.09464956820011138
8550.5  0.03501270338892937
8553.1  0.0103872325271368
8555.7  0.002447920152917504
8558.3  4.508471756707877E-4
8560.9  5.925219011260196E-5
8563.5  0.
8566.1  0.
8568.7  0.
8571.3  0.
8573.9  0.
8576.5  0.
8579.1  0.
8581.7  0.
8584.3  0.
8586.9  0.
8589.5  0.
8592.1  0.
8594.7  0.
8597.3  0.
8599.9  0.
8602.5  0.
8605.1  0.
8607.7  0.
8610.3  0.
8612.9  0.
8615.5  0.
8618.1  0.
8620.7  0.
8623.3  0.
8625.9  0.
8628.5  0.
8631.1  0.
8633.7  0.
8636.3  0.
8638.9  0.
8641.5  3.824139275820926E-5
8644.1  3.079321759287268E-4
8646.7  0.001714822836220264
8649.3  0.007452851627022027
8651.9  0.02583146654069424
8654.5  0.07218281924724578
8657.1  0.1645456999540329
8659.7  0.3105503022670746
8662.3  0.4945711493492127
8664.9  0.6805375218391418
8667.5  0.8320494294166564
8670.1  0.9321154356002807
8672.7  0.9864889979362487
8675.3  1.012674689292908
8677.9  1.026999354362488
8680.5  1.038275241851807
8683.1  1.048566102981567
8685.7  1.056992173194885
8688.3  1.062741041183472
8690.9  1.065916180610657
8693.5  1.067072987556458
8696.1  1.066725492477417
8698.7  1.065359830856323
8701.3  1.063596963882446
8703.9  1.062074422836304
8706.5  1.061074495315552
8709.1  1.06035590171814
8711.7  1.059379696846008
8714.3  1.057704448699951
8716.9  1.055216073989868
8719.5  1.052114963531494
8722.1  1.048808217048645
8724.7  1.045755863189697
8727.3  1.043135643005371
8729.9  1.040411233901978
8732.5  1.03615140914917
8735.1  1.028648257255554
8737.7  1.017447710037232
8740.3  1.004662990570068
8742.9  0.9941772818565368
8745.5  0.9889384508132934
8748.1  0.9894627928733825
8750.7  0.9949312210083007
8753.3  1.004339694976807
8755.9  1.016131401062012
8758.5  1.02801513671875
8761.1  1.037958741188049
8763.7  1.045015215873718
8766.3  1.049158811569214
8768.9  1.050914168357849
8771.5  1.051326394081116
8774.1  1.051601529121399
8776.7  1.052087783813477
8779.3  1.051734805107117
8781.9  1.049261331558228
8784.5  1.04520857334137
8787.1  1.042454361915588
8789.7  1.044040203094483
8792.3  1.050337672233582
8794.9  1.058649897575379
8797.5  1.065499067306519
8800.1  1.068998456001282
8802.7  1.06944751739502
8805.3  1.06849730014801
8807.9  1.067890286445618
8810.5  1.068398594856262
8813.1  1.069550633430481
8815.7  1.070310831069946
8818.3  1.070044875144958
8820.9  1.06891393661499
8823.5  1.067448973655701
8826.1  1.06584894657135
8828.7  1.063645005226135
8831.3  1.060035228729248
8833.9  1.054762363433838
8836.5  1.048812031745911
8839.1  1.043919682502747
8841.7  1.041040420532227
8844.3  1.039520859718323
8846.9  1.037820100784302
8849.5  1.034464478492737
8852.1  1.028209447860718
8854.7  1.018294811248779
8857.3  1.005586504936218
8859.9  0.9935111999511718
8862.5  0.9869521856307983
8865.1  0.9891809821128845
8867.7  0.9994816184043884
8870.3  1.013811111450195
8872.9  1.027681469917297
8875.5  1.038489460945129
8878.1  1.045825481414795
8880.7  1.050403833389282
8883.3  1.052862524986267
8885.9  1.053330659866333
8888.5  1.052040696144104
8891.1  1.05023193359375
8893.7  1.049846172332764
8896.3  1.051896333694458
8898.9  1.055383920669556
8901.5  1.057984709739685
8904.1  1.057209372520447
8906.7  1.050949096679688
8909.3  1.038618683815002
8911.9  1.023238301277161
8914.5  1.011270761489868
8917.1  1.007824778556824
8919.7  1.011697411537171
8922.3  1.017142534255982
8924.9  1.020878434181213
8927.5  1.025210499763489
8930.1  1.033430576324463
8932.7  1.044359445571899
8935.3  1.053022265434265
8937.9  1.055551767349243
8940.5  1.05244505405426
8943.1  1.047865390777588
8945.7  1.046114921569824
8948.3  1.04823911190033
8950.9  1.051812410354614
8953.5  1.05370831489563
8956.1  1.052228808403015
8958.7  1.046924352645874
8961.3  1.038527011871338
8963.9  1.030051946640015
8966.5  1.026046395301819
8969.1  1.028724908828735
8971.7  1.035229921340942
8974.3  1.039371013641357
8976.9  1.034530162811279
8979.5  1.013878226280212
8982.1  0.9705325365066528
8984.7  0.9038397669792175
8987.3  0.829536497592926
8989.9  0.7791613936424255
8992.5  0.7793956398963928
8995.1  0.828251838684082
8997.7  0.895829439163208
9000.3  0.9495731592178344
9002.9  0.9754805564880371
9005.5  0.9780531525611877
9008.1  0.9681097269058227
9010.7  0.952984869480133
9013.3  0.9333971738815307
9015.9  0.9062222242355346
9018.5  0.8723129034042358
9021.1  0.8442466855049133
9023.7  0.842158019542694
9026.3  0.875634491443634
9028.9  0.9316762089729309
9031.5  0.9854282736778259
9034.1  1.020032644271851
9036.7  1.033528089523315
9039.3  1.032485008239746
9041.9  1.024794340133667
9044.5  1.016720414161682
9047.1  1.012205481529236
9049.7  1.012564420700073
9052.3  1.015892744064331
9054.9  1.017241597175598
9057.5  1.0124431848526
9060.1  1.003407955169678
9062.7  0.99739271402359
9065.3  0.9990493059158325
9067.9  1.005399823188782
9070.5  1.010289907455444
9073.1  1.010967612266541
9075.7  1.008597850799561
9078.3  1.005077838897705
9080.9  1.001122951507568
9083.5  0.9966017603874206
9086.1  0.9923810958862304
9088.7  0.9912620186805725
9091.3  0.9955505728721618
9093.9  1.004435300827026
9096.5  1.015113711357117
9099.1  1.024559855461121
9101.7  1.028937339782715
9104.3  1.023898482322693
9106.9  1.007878422737122
9109.5  0.9841499924659729
9112.1  0.9584380984306335
9114.7  0.9358162879943847
9117.3  0.9218099117279052
9119.9  0.9233998656272888
9122.5  0.9432175755500793
9125.1  0.973398208618164
9127.7  0.9997498989105224
9130.3  1.012486577033997
9132.9  1.012034058570862
9135.5  1.006617665290833
9138.1  1.005073666572571
9140.7  1.009319305419922
9143.3  1.011804103851318
9145.9  1.000752806663513
9148.5  0.9702145457267761
9151.1  0.9282216429710388
9153.7  0.8959388732910156
9156.3  0.894045352935791
9158.9  0.925575852394104
9161.5  0.9732742309570312
9164.1  1.014974713325501
9166.7  1.039352297782898
9169.3  1.047633051872254
9171.9  1.045872807502747
9174.5  1.038707971572876
9177.1  1.028275609016418
9179.7  1.016029000282288
9182.3  1.004685401916504
9184.9  0.9985537528991699
9187.5  1.001299023628235
9190.1  1.012843251228333
9192.7  1.028793454170227
9195.3  1.043407440185547
9197.9  1.052892565727234
9200.5  1.056059360504151
9203.1  1.052669286727905
9205.7  1.042063117027283
9208.3  1.024018883705139
9210.9  1.001145601272583
9213.5  0.9794729351997375
9216.1  0.9650967121124267
9218.7  0.9595032334327697
9221.3  0.9584926962852478
9223.9  0.9565494060516357
9226.5  0.9529229402542114
9229.1  0.9525805115699768
9231.7  0.9600896835327148
9234.3  0.9734565019607543
9236.9  0.9851847887039184
9239.5  0.9890229701995849
9242.1  0.985507309436798
9244.7  0.9814579486846923
9247.3  0.9838033318519592
9249.9  0.9933849573135375
9252.5  1.0052410364151
9255.1  1.014433979988098
9257.7  1.020278215408325
9260.3  1.025187611579895
9262.9  1.030931830406189
9265.5  1.036097168922424
9268.1  1.036469578742981
9270.7  1.027824878692627
9273.3  1.00935161113739
9275.9  0.9856348037719726
9278.5  0.9654281735420227
9281.1  0.9567026495933532
9283.7  0.9607449173927307
9286.3  0.9706848859786987
9288.9  0.976262629032135
9291.5  0.9693530797958374
9294.1  0.9459570050239562
9296.7  0.9080945253372192
9299.3  0.8674970269203186
9301.9  0.8419078588485717
9304.5  0.8383412957191467
9307.1  0.8388266563415527
9309.7  0.8084957003593444
9312.3  0.7223918437957763
9314.9  0.5905053615570068
9317.5  0.4619058966636658
9320.1  0.3989733457565308
9322.7  0.4349603652954102
9325.3  0.5491001009941101
9327.9  0.6822715997695922
9330.5  0.7780039310455322
9333.1  0.8113592863082885
9335.7  0.7873486876487731
9338.3  0.725059688091278
9340.9  0.6504896879196166
9343.5  0.593341588973999
9346.1  0.5721715092658996
9348.7  0.5808738470077514
9351.3  0.6006373763084411
9353.9  0.6236403584480285
9356.5  0.6560000777244567
9359.1  0.7007958889007568
9361.7  0.7466059327125549
9364.3  0.7749846577644348
9366.9  0.7785350680351257
9369.5  0.7704216241836547
9372.1  0.771483302116394
9374.7  0.7864907383918762
9377.3  0.7984938621520996
9379.9  0.7902654409408569
9382.5  0.7665580511093139
9385.1  0.7515046000480651
9387.7  0.767065405845642
9390.3  0.814609944820404
9392.9  0.874798834323883
9395.5  0.9229856729507446
9398.1  0.9442771673202514
9400.7  0.9368675351142883
9403.3  0.9072468280792236
9405.9  0.8665593862533569
9408.5  0.8296194672584533
9411.1  0.8113494515419006
9413.7  0.8178052902221679
9416.3  0.8402948975563049
9418.9  0.859864592552185
9421.5  0.8582963943481445
9424.1  0.8299020528793334
9426.7  0.7903487086296081
9429.3  0.7697668671607971
9431.9  0.7856459021568298
9434.5  0.8237226009368896
9437.1  0.8542240262031555
9439.7  0.8636541962623596
9442.3  0.8616097569465637
9444.9  0.8590360283851623
9447.5  0.8512134552001953
9450.1  0.8249493837356567
9452.7  0.7752560377120971
9455.3  0.709234595298767
9457.9  0.6366330385208129
9460.5  0.5641408562660217
9463.1  0.5032703280448913
9465.7  0.4767745435237885
9468.3  0.5037067532539367
9470.9  0.5743693709373474
9473.5  0.6513653397560119
9476.1  0.7032484412193298
9478.7  0.7316284775733947
9481.3  0.7604104876518249
9483.9  0.8022436499595642
9486.5  0.8418800830841064
9489.1  0.8549091219902038
9491.7  0.8367769718170166
9494.3  0.8071110844612121
9496.9  0.7891467809677124
9499.5  0.7943449616432189
9502.1  0.8235533237457275
9504.7  0.867760956287384
9507.3  0.9032945036888122
9509.9  0.8978418707847595
9512.5  0.8314106464385986
9515.1  0.7173033952713012
9517.7  0.6044398546218872
9520.3  0.5515236854553222
9522.9  0.5869032144546508
9525.5  0.6888708472251892
9528.1  0.8061293363571166
9530.7  0.8961548805236816
9533.3  0.944571316242218
9535.9  0.9572706818580627
9538.5  0.945015549659729
9541.1  0.9173874258995056
9543.7  0.8836420178413391
9546.3  0.851541519165039
9548.9  0.8240830898284912
9551.5  0.8015574812889099
9554.1  0.7874151468276977
9556.7  0.7873252630233764
9559.3  0.7998633980751037
9561.9  0.8117719292640686
9564.5  0.8081192374229431
9567.1  0.7891909480094909
9569.7  0.7735459208488464
9572.3  0.7787082195281982
9574.9  0.8004637360572814
9577.5  0.8180398344993591
9580.1  0.81899094581604
9582.7  0.8104044795036315
9585.3  0.8051417469978332
9587.9  0.807600200176239
9590.5  0.8161542415618896
9593.1  0.8305675983428955
9595.7  0.8504186272621154
9598.3  0.8690055012702941
9600.9  0.8734017014503479
9603.5  0.850904107093811
9606.1  0.7942392826080322
9608.7  0.7054697275161743
9611.3  0.6043389439582824
9613.9  0.5304785966873168
9616.5  0.5213513970375061
9619.1  0.5803050994873046
9621.7  0.6738701462745666
9624.3  0.7627505660057067
9626.9  0.8283149600028991
9629.5  0.871230661869049
9632.1  0.8981014490127563
9634.7  0.9163583517074584
9637.3  0.9341980218887329
9639.9  0.9553198218345642
9642.5  0.9738569259643554
9645.1  0.9793638586997985
9647.7  0.9665276408195495
9650.3  0.9379484057426452
9652.9  0.8991302847862243
9655.5  0.8547871708869934
9658.1  0.8122773766517639
9660.7  0.786320149898529
9663.3  0.7929767966270446
9665.9  0.8342124819755554
9668.5  0.8923326134681701
9671.1  0.9433351159095764
9673.7  0.9731268882751464
9676.3  0.9817314743995666
9678.9  0.9787376523017883
9681.5  0.9762435555458068
9684.1  0.9811704158782958
9686.7  0.9914354085922241
9689.3  0.9992806315422058
9691.9  0.9965671300888061
9694.5  0.9779227972030639
9697.1  0.9452049732208251
9699.7  0.9121556878089904
9702.3  0.8988715410232543
9704.9  0.9151576161384582
9707.5  0.9512136578559875
9710.1  0.9880213737487792
9712.7  1.013428688049316
9715.3  1.026084661483765
9717.9  1.029299974441528
9720.5  1.026311993598938
9723.1  1.020056486129761
9725.7  1.013145446777344
9728.3  1.006115674972534
9730.9  0.9973701238632202
9733.5  0.9866137504577636
9736.1  0.9775575995445251
9738.7  0.975162923336029
9741.3  0.9806113243103027
9743.9  0.9903011322021484
9746.5  0.9988281726837158
9749.1  1.001773238182068
9751.7  0.9964946508407592
9754.3  0.9809120893478393
9756.9  0.9488545656204223
9759.5  0.8850361108779907
9762.1  0.771077275276184
9764.7  0.6070895791053771
9767.3  0.4295756220817566
9769.9  0.2996445894241333
9772.5  0.2658824920654297
9775.1  0.3350320160388947
9777.7  0.4729698896408081
9780.3  0.629002571105957
9782.9  0.7625010013580322
9785.5  0.8565056324005126
9788.1  0.9151982069015502
9790.7  0.9515259265899658
9793.3  0.9756150245666503
9795.9  0.9916910529136657
9798.5  1.001444578170776
9801.1  1.007008910179138
9803.7  1.010760545730591
9806.3  1.013851881027222
9808.9  1.015836358070374
9811.5  1.015738129615784
9814.1  1.013489246368408
9816.7  1.010145902633667
9819.3  1.006814360618591
9821.9  1.004065036773682
9824.5  1.00248658657074
9827.1  1.002974629402161
9829.7  1.005874156951904
9832.3  1.010282993316651
9834.9  1.014610886573792
9837.5  1.017428994178772
9840.1  1.017659902572632
9842.7  1.014787912368775
9845.3  1.009554982185364
9847.9  1.003985047340393
9850.5  1.000073194503784
9853.1  0.9984156489372253
9855.7  0.9981587529182434
9858.3  0.9978901743888854
9860.9  0.9964438676834106
9863.5  0.9934094548225402
9866.1  0.9895074963569641
9868.7  0.9863132834434509
9871.3  0.9850894808769226
9873.9  0.9857941269874572
9876.5  0.9872893691062927
9879.1  0.9881219267845153
9881.7  0.986958622932434
9884.3  0.9832015633583068
9886.9  0.9781085848808288
9889.5  0.9747352600097656
9892.1  0.9756041169166564
9894.7  0.9805073738098144
9897.3  0.9871866106986999
9899.9  0.9935885071754455
9902.5  0.9986896514892578
9905.1  1.001799464225769
9907.7  1.001442909240723
9910.3  0.9934111237525939
9912.9  0.9672502875328063
9915.5  0.9049933552742004
9918.1  0.7900206446647644
9920.7  0.6264079809188842
9923.3  0.452031821012497
9925.9  0.3259343206882477
9928.5  0.2947727143764496
9931.1  0.3652032315731049
9933.7  0.5026648640632629
9936.3  0.6551499962806701
9938.9  0.7827639579772949
9941.5  0.8713932633399963
9944.1  0.9259749054908752
9946.7  0.9573180079460144
9949.3  0.9749603867530822
9951.9  0.9859492182731628
9954.5  0.9943768978118896
9957.1  1.000950217247009
9959.7  1.004270553588867
9962.3  1.003354430198669
9964.9  0.9991766214370727
9967.5  0.9940584897994995
9970.1  0.989972174167633
9972.7  0.9874079823493957
9975.3  0.9856355190277099
9977.9  0.9838073253631591
9980.5  0.9815190434455871
9983.1  0.9776434898376464
9985.7  0.9676176905632019
9988.3  0.9400489926338195
9990.9  0.8760280609130859
9993.5  0.7576323747634887
9996.1  0.5858198404312133
