3501.3  0.01473538111895323
3503.9  0.01949724741280079
3506.5  0.02225164137780666
3509.1  0.02270026691257954
3511.7  0.02159150689840317
3514.3  0.0198865570127964
3516.9  0.0181475430727005
3519.5  0.01670268177986145
3522.1  0.01611427776515484
3524.7  0.01713865250349045
3527.3  0.02015871740877628
3529.9  0.02486445941030979
3532.5  0.03046970441937447
3535.1  0.03599099814891815
3537.7  0.04043403640389442
3540.3  0.04317158460617065
3542.9  0.04418589174747467
3545.5  0.04375099763274193
3548.1  0.04221488907933235
3550.7  0.04036372900009155
3553.3  0.03937594965100288
3555.9  0.03975614905357361
3558.5  0.04061136394739151
3561.1  0.04051025956869125
3563.7  0.03891830146312714
3566.3  0.03647306188941002
3568.9  0.03396795690059662
3571.5  0.03143026679754257
3574.1  0.02839606814086437
3576.7  0.02496953681111336
3579.3  0.02217835746705532
3581.9  0.02103281952440739
3584.5  0.02156437560915947
3587.1  0.02321323752403259
3589.7  0.0257861502468586
3592.3  0.02932648546993733
3594.9  0.03316477313637734
3597.5  0.03589627891778946
3600.1  0.03677622601389885
3602.7  0.03684380650520325
3605.3  0.03810937330126762
3607.9  0.04162497445940971
3610.5  0.04672396928071976
3613.1  0.05201504752039909
3615.7  0.05661515146493911
3618.3  0.06029842793941497
3620.9  0.06268629431724548
3623.5  0.06284701824188232
3626.1  0.06041426211595535
3628.7  0.05704711005091667
3631.3  0.05570310354232788
3633.9  0.05780309066176414
3636.5  0.06155764684081077
3639.1  0.06357727944850921
3641.7  0.06206173449754714
3644.3  0.05840672552585601
3646.9  0.05598814785480499
3649.5  0.05756797268986701
3652.1  0.06345410645008087
3654.7  0.07142043113708496
3657.3  0.07830552011728286
3659.9  0.08235921710729598
3662.5  0.08431862294673919
3665.1  0.08594989031553268
3667.7  0.0877201110124588
3670.3  0.08816858381032943
3672.9  0.08534107357263565
3675.5  0.07878290116786956
3678.1  0.07047021389007568
3680.7  0.06371638923883438
3683.3  0.06090505421161651
3685.9  0.06237125769257545
3688.5  0.06711936742067337
3691.1  0.07374726980924606
3693.7  0.08042960613965988
3696.3  0.08474773913621902
3698.9  0.084608756005764
3701.5  0.08000390976667404
3704.1  0.07360827922821044
3706.7  0.06889788806438446
3709.3  0.06743118166923522
3711.9  0.06804519146680831
3714.5  0.06863817572593688
3717.1  0.06845926493406295
3719.7  0.0684354081749916
3722.3  0.06922040879726409
3724.9  0.06946679949760437
3727.5  0.06673350185155868
3730.1  0.06038146838545799
3732.7  0.05335102602839469
3735.3  0.05046780407428741
3737.9  0.05424209311604499
3740.5  0.06233859434723854
3743.1  0.06962879747152328
3745.7  0.07270039618015289
3748.3  0.07212349772453308
3750.9  0.07103920727968215
3753.5  0.07244005799293518
3756.1  0.07777966558933258
3758.7  0.08734623342752456
3761.3  0.1010183990001679
3763.9  0.1181287318468094
3766.5  0.1371338665485382
3769.1  0.1561085730791092
3771.7  0.1734619587659836
3774.3  0.1878569722175598
3776.9  0.1974245458841324
3779.5  0.199381023645401
3782.1  0.1914984285831451
3784.7  0.1752077788114548
3787.3  0.1567897796630859
3789.9  0.1433064788579941
3792.5  0.1368931531906128
3795.1  0.134687066078186
3797.7  0.1342258006334305
3800.3  0.1367236375808716
3802.9  0.1447776854038239
3805.5  0.1584820747375488
3808.1  0.1736831218004227
3810.7  0.1827249377965927
3813.3  0.1784622520208359
3815.9  0.1605367511510849
3818.5  0.1376090198755264
3821.1  0.1213779971003532
3823.7  0.1179618537425995
3826.3  0.1251513808965683
3828.9  0.1366026997566223
3831.5  0.1472790837287903
3834.1  0.1559200286865234
3836.7  0.1641826778650284
3839.3  0.1741387993097305
3841.9  0.1862416565418243
3844.5  0.1986835300922394
3847.1  0.2081515640020371
3849.7  0.2116302251815796
3852.3  0.2084663063287735
3854.9  0.2015534341335297
3857.5  0.1963975131511688
3860.1  0.1975431144237518
3862.7  0.2043327242136002
3865.3  0.2103791534900665
3867.9  0.2089164108037949
3870.5  0.2003619223833084
3873.1  0.1942524909973145
3875.7  0.201303631067276
3878.3  0.222344696521759
3880.9  0.2476025521755219
3883.5  0.2680288553237915
3886.1  0.2829181551933289
3888.7  0.2937480807304382
3891.3  0.2962443232536316
3893.9  0.2857944667339325
3896.5  0.2687385082244873
3899.1  0.2604707181453705
3901.7  0.2709942758083344
3904.3  0.2978240251541138
3906.9  0.3333241045475006
3909.5  0.3705165088176727
3912.1  0.3988918960094452
3914.7  0.4040781855583191
3917.3  0.3794654309749603
3919.9  0.3344965577125549
3922.5  0.2866509854793549
3925.1  0.2469369024038315
3927.7  0.2159346044063568
3930.3  0.1922868639230728
3932.9  0.1808372437953949
3935.5  0.1894485354423523
3938.1  0.2183386236429215
3940.7  0.256638765335083
3943.3  0.2922547459602356
3945.9  0.3232717514038086
3948.5  0.3556317090988159
3951.1  0.3889010548591614
3953.7  0.4097874462604523
3956.3  0.4047560393810272
3958.9  0.3768344521522522
3961.5  0.344783216714859
3964.1  0.3278414309024811
3966.7  0.3367837369441986
3969.3  0.3768133223056793
3971.9  0.4493313431739807
3974.5  0.5476872324943542
3977.1  0.65692800283432
3979.7  0.7639088630676269
3982.3  0.8666769862174987
3984.9  0.9700611233711242
3987.5  1.075821399688721
3990.1  1.185580134391785
3992.7  1.309444427490235
3995.3  1.458436012268067
3997.9  1.626445651054382
4000.5  1.793484330177307
4003.1  1.952540397644043
4005.7  2.116320610046387
4008.3  2.28614068031311
4010.9  2.43430757522583
4013.5  2.540012836456299
4016.1  2.632118701934815
4018.7  2.772762298583985
4021.3  2.993946790695191
4023.9  3.264686822891235
4026.5  3.534410238265991
4029.1  3.807945966720581
4031.7  4.157786369323731
4034.3  4.632931709289551
4036.9  5.18176794052124
4039.5  5.749999999999999
4042.1  6.472997665405273
4044.7  7.704033851623535
4047.3  9.817222595214843
4049.9  13.1349458694458
4052.5  18.36239051818848
4055.1  28.12961006164551
4057.7  54.97434997558594
4060.3  471.0531005859375
4062.9  -77.2003173828125
4065.5  -35.65775299072266
4068.1  -22.4768123626709
4070.7  -15.68779373168945
4073.3  -11.51828193664551
4075.9  -8.907108306884765
4078.5  -7.423941135406494
4081.1  -6.713315486907959
4083.7  -6.406619071960448
4086.3  -6.192048072814941
4088.9  -5.863268852233887
4091.5  -5.334072113037109
4094.1  -4.661449909210205
4096.7  -4.005628108978271
4099.3  -3.519810914993286
4101.9  -3.246528148651123
4104.5  -3.121541500091553
4107.1  -3.051477193832398
4109.7  -2.977974653244019
4112.3  -2.886938333511352
4114.9  -2.793102264404297
4117.5  -2.729494094848633
4120.1  -2.721742630004883
4122.7  -2.747858285903931
4125.3  -2.742156267166138
4127.9  -2.665417909622193
4130.5  -2.550298690795899
4133.1  -2.456743717193604
4135.7  -2.402300834655762
4138.3  -2.368876218795776
4140.9  -2.356808423995972
4143.5  -2.389046669006348
4146.1  -2.458429574966431
4148.7  -2.51056456565857
4151.3  -2.496937990188599
4153.9  -2.423226594924927
4156.5  -2.332873821258545
4159.1  -2.257478713989258
4161.7  -2.193288087844849
4164.3  -2.114940404891968
4166.9  -1.997965097427368
4169.5  -1.834951758384705
4172.1  -1.649299740791321
4174.7  -1.487957000732422
4177.3  -1.384808301925659
4179.9  -1.334718346595764
4182.5  -1.316330313682556
4185.1  -1.326330542564392
4187.7  -1.371710658073425
4190.3  -1.435852646827698
4192.9  -1.476230621337891
4195.5  -1.463393211364746
4198.1  -1.411915421485901
4200.7  -1.36251699924469
4203.3  -1.335668921470642
4205.9  -1.310662150382996
4208.5  -1.252760767936706
4211.1  -1.154534101486206
4213.7  -1.042358994483948
4216.3  -0.9453597068786621
4218.9  -0.8666521906852722
4221.5  -0.7923510670661926
4224.1  -0.72536301612854
4226.7  -0.6969746947288513
4229.3  -0.7388447523117065
4231.9  -0.8483085632324218
4234.5  -0.9881081581115722
4237.1  -1.116311430931091
4239.7  -1.211252570152283
4242.3  -1.269872307777405
4244.9  -1.292707085609436
4247.5  -1.27787172794342
4250.1  -1.228787064552307
4252.7  -1.164692401885986
4255.3  -1.118959546089172
4257.9  -1.117952585220337
4260.5  -1.15777051448822
4263.1  -1.206068158149719
4265.7  -1.22602117061615
4268.3  -1.20141065120697
4270.9  -1.146567821502686
4273.5  -1.092182636260986
4276.1  -1.05511748790741
4278.7  -1.02369749546051
4281.3  -0.9775344729423522
4283.9  -0.9164341688156127
4286.5  -0.8635883927345275
4289.1  -0.8434756994247436
4291.7  -0.861975610256195
4294.3  -0.9069654941558837
4296.9  -0.9645313024520874
4299.5  -1.028162121772766
4302.1  -1.089605808258057
4304.7  -1.130195021629334
4307.3  -1.131616950035095
4309.9  -1.093573808670044
4312.5  -1.038031101226807
4315.1  -0.9966342449188232
4317.7  -0.9900460243225097
4320.3  -1.014187335968018
4322.9  -1.04524028301239
4325.5  -1.060074806213379
4328.1  -1.055244207382202
4330.7  -1.046461343765259
4333.3  -1.048426270484924
4335.9  -1.061070799827576
4338.5  -1.080697536468506
4341.1  -1.109791994094849
4343.7  -1.14124858379364
4346.3  -1.145317673683167
4348.9  -1.092148542404175
4351.5  -0.9868794679641723
4354.1  -0.8738279938697814
4356.7  -0.8060734868049621
4359.3  -0.8101581335067749
4361.9  -0.8722392916679382
4364.5  -0.9528688788414001
4367.1  -1.015090107917786
4369.7  -1.040766596794129
4372.3  -1.028681039810181
4374.9  -0.987939715385437
4377.5  -0.9352616667747497
4380.1  -0.8913632035255432
4382.7  -0.874598205089569
4385.3  -0.8938094973564147
4387.9  -0.9423086643218994
4390.5  -0.9990736246109008
4393.1  -1.043082118034363
4395.7  -1.068400502204895
4398.3  -1.081170439720154
4400.9  -1.087066650390625
4403.5  -1.090937376022339
4406.1  -1.102494835853577
4408.7  -1.128773331642151
4411.3  -1.16195273399353
4413.9  -1.185907006263733
4416.5  -1.194468498229981
4419.1  -1.1943199634552
4421.7  -1.188842535018921
4424.3  -1.167274832725525
4426.9  -1.113852262496948
4429.5  -1.027077555656433
4432.1  -0.9286316633224487
4434.7  -0.8492142558097839
4437.3  -0.8035058975219726
4439.9  -0.783733308315277
4442.5  -0.7771827578544616
4445.1  -0.7775444388389587
4447.7  -0.7772415280342102
4450.3  -0.7655642628669738
4452.9  -0.743590235710144
4455.5  -0.7293542027473449
4458.1  -0.7376701235771179
4460.7  -0.7619004249572753
4463.3  -0.7842442393302917
4465.9  -0.7973493933677673
4468.5  -0.8079184293746948
4471.1  -0.8262057304382324
4473.7  -0.8594261407852172
4476.3  -0.9089447855949401
4478.9  -0.9664293527603149
4481.5  -1.015002250671387
4484.1  -1.039789199829102
4486.7  -1.037045121192932
4489.3  -1.012079119682312
4491.9  -0.9729270935058593
4494.5  -0.9304272532463073
4497.1  -0.8991115093231201
4499.7  -0.8871126770973205
4502.3  -0.8839660882949829
4504.9  -0.8687365651130676
4507.5  -0.8356242775917053
4510.1  -0.8042910099029541
4512.7  -0.7997140288352966
4515.3  -0.8265175223350524
4517.9  -0.8660047650337219
4520.5  -0.8940212130546569
4523.1  -0.9002442359924316
4525.7  -0.8938722014427185
4528.3  -0.8910782933235168
4530.9  -0.8961750268936157
4533.5  -0.8990769386291503
4536.1  -0.8934119343757629
4538.7  -0.8900923132896423
4541.3  -0.905346930027008
4543.9  -0.9382731318473815
4546.5  -0.9691653251647949
4549.1  -0.9809484481811523
4551.7  -0.9749435782432556
4554.3  -0.9650364518165588
4556.9  -0.964112639427185
4559.5  -0.9780645370483398
4562.1  -1.006764888763428
4564.7  -1.046987056732178
4567.3  -1.095908403396606
4569.9  -1.152885675430298
4572.5  -1.214826345443726
4575.1  -1.266277313232422
4577.7  -1.277649760246277
4580.3  -1.221828699111938
4582.9  -1.098022222518921
4585.5  -0.9394718408584594
4588.1  -0.7938267588615417
4590.7  -0.6927258372306823
4593.3  -0.6383864879608154
4595.9  -0.6176531910896301
4598.5  -0.6247836351394653
4601.1  -0.6699680685997009
4603.7  -0.7641748189926147
4606.3  -0.8937219977378845
4608.9  -1.013574004173279
4611.5  -1.077411651611328
4614.1  -1.077010631561279
4616.7  -1.040475010871887
4619.3  -0.9912019968032836
4621.9  -0.9253978133201599
4624.5  -0.8344040513038635
4627.1  -0.7313836812973022
4629.7  -0.6443642377853393
4632.3  -0.5922634005546569
4634.9  -0.5774833559989929
4637.5  -0.5947275161743164
4640.1  -0.6350229382514953
4642.7  -0.6833953857421875
4645.3  -0.7229201197624206
4647.9  -0.747379720211029
4650.5  -0.7691189050674438
4653.1  -0.8099963665008544
4655.7  -0.8791133761405944
4658.3  -0.957846462726593
4660.9  -1.01070237159729
4663.5  -1.013244271278381
4666.1  -0.9692093729972839
4668.7  -0.9049481153488159
4671.3  -0.8526799082756042
4673.9  -0.8337318897247314
4676.5  -0.8459864854812622
4679.1  -0.866153597831726
4681.7  -0.8706585764884948
4684.3  -0.8572704195976257
4686.9  -0.8477234244346618
4689.5  -0.8707468509674072
4692.1  -0.9384430050849914
4694.7  -1.032736301422119
4697.3  -1.116991519927979
4699.9  -1.164973974227905
4702.5  -1.176438331604004
4705.1  -1.166502594947815
4707.7  -1.148633599281311
4710.3  -1.128940582275391
4712.9  -1.109500408172608
4715.5  -1.094963073730469
4718.1  -1.09722375869751
4720.7  -1.131516456604004
4723.3  -1.205235004425049
4725.9  -1.309355139732361
4728.5  -1.419120073318481
4731.1  -1.506322503089905
4733.7  -1.559424161911011
4736.3  -1.59276282787323
4738.9  -1.628134369850159
4741.5  -1.667253851890564
4744.1  -1.692722201347351
4746.7  -1.695745706558228
4749.3  -1.685442566871643
4751.9  -1.660257577896118
4754.5  -1.586289525032044
4757.1  -1.426854968070984
4759.7  -1.193318247795105
4762.3  -0.9493495225906372
4764.9  -0.7610994577407836
4767.5  -0.6543220281600952
4770.1  -0.6170509457588195
4772.7  -0.6276966333389282
4775.3  -0.6732422113418579
4777.9  -0.7473739981651306
4780.5  -0.8407775163650512
4783.1  -0.9410064816474914
4785.7  -1.042434334754944
4788.3  -1.148316979408264
4790.9  -1.257576942443848
4793.5  -1.353060603141785
4796.1  -1.405686974525452
4798.7  -1.39027202129364
4801.3  -1.300872325897217
4803.9  -1.157758712768555
4806.5  -1.00295889377594
4809.1  -0.8836913108825683
4811.7  -0.8285936713218688
4814.3  -0.8344123363494873
4816.9  -0.875867486000061
4819.5  -0.927732765674591
4822.1  -0.9755053520202636
4824.7  -1.010144829750061
4827.3  -1.024545907974243
4829.9  -1.021596908569336
4832.5  -1.021022081375122
4835.1  -1.049530148506165
4837.7  -1.118751883506775
4840.3  -1.212133765220642
4842.9  -1.293306589126587
4845.5  -1.329079270362854
4848.1  -1.310514450073242
4850.7  -1.259440183639526
4853.3  -1.217248916625977
4855.9  -1.222137451171875
4858.5  -1.286630272865295
4861.1  -1.390738010406494
4863.7  -1.497632145881653
4866.3  -1.579137086868286
4868.9  -1.628801703453064
4871.5  -1.654322266578674
4874.1  -1.663335680961609
4876.7  -1.658468842506409
4879.3  -1.6433345079422
4881.9  -1.628698229789734
4884.5  -1.629389405250549
4887.1  -1.655504107475281
4889.7  -1.712116360664368
4892.3  -1.80589497089386
4894.9  -1.940404891967774
4897.5  -2.103366613388062
4900.1  -2.272518873214722
4902.7  -2.442115783691406
4905.3  -2.632225036621094
4907.9  -2.861579418182373
4910.5  -3.115364074707031
4913.1  -3.346715688705445
4915.7  -3.511729955673218
4918.3  -3.602665662765503
4920.9  -3.649470567703247
4923.5  -3.69734525680542
4926.1  -3.78474760055542
4928.7  -3.927974700927734
4931.3  -4.116127014160156
4933.9  -4.331935405731201
4936.5  -4.586073875427246
4939.1  -4.905744552612305
4941.7  -5.262350559234618
4944.3  -5.530608654022216
4946.9  -5.549937725067138
4949.5  -5.222773075103759
4952.1  -4.557433605194092
4954.7  -3.66587233543396
4957.3  -2.746427774429321
4959.9  -2.021076202392578
4962.5  -1.631232857704163
4965.1  -1.574723482131958
4967.7  -1.731924176216126
4970.3  -1.948543667793274
4972.9  -2.115694046020508
4975.5  -2.200134992599487
4978.1  -2.222466230392456
4980.7  -2.222631454467773
4983.3  -2.233275890350342
4985.9  -2.26073956489563
4988.5  -2.291685342788696
4991.1  -2.320848703384399
4993.7  -2.355297327041626
4996.3  -2.389458894729614
4998.9  -2.40154504776001
5001.5  -2.387889385223389
5004.1  -2.379432678222656
5006.7  -2.40434741973877
5009.3  -2.447933197021484
5011.9  -2.474771738052368
5014.5  -2.486582756042481
5017.1  -2.532446622848511
5019.7  -2.65782880783081
5022.3  -2.860281229019165
5024.9  -3.105559825897217
5027.5  -3.377957344055176
5030.1  -3.694371700286865
5032.7  -4.058612823486328
5035.3  -4.425472259521485
5037.9  -4.742514133453369
5040.5  -5.011236667633056
5043.1  -5.263272762298584
5045.7  -5.497792243957519
5048.3  -5.702836990356445
5050.9  -5.943562030792236
5053.5  -6.375201702117919
5056.1  -7.12017822265625
5058.7  -8.10218620300293
5061.3  -9.019673347473144
5063.9  -9.564338684082031
5066.5  -9.722919464111328
5069.1  -9.824475288391113
5071.7  -10.26802730560303
5074.3  -11.24423217773437
5076.9  -12.71379661560059
5079.5  -14.53413486480713
5082.1  -16.50903701782227
5084.7  -18.38113594055176
5087.3  -19.91013526916504
5089.9  -21.04864120483398
5092.5  -22.03167152404785
5095.1  -23.27326583862305
5097.7  -25.19175529479981
5100.3  -28.16047859191895
5102.9  -32.54817962646485
5105.5  -38.76039505004883
5108.1  -47.32210540771485
5110.7  -59.2554817199707
5113.3  -77.02209472656249
5115.9  -106.8576431274414
5118.5  -169.77880859375
5121.1  -408.5028381347657
5123.7  939.4948730468749
5126.3  216.8945770263672
5128.9  124.6297225952148
5131.5  89.67747497558594
5134.1  71.1208038330078
5136.7  58.58327102661132
5139.3  48.72917175292969
5141.9  40.83331680297851
5144.5  34.89114761352539
5147.1  30.70051765441895
5149.7  27.75337791442871
5152.3  25.55592727661133
5154.9  23.86264801025391
5157.5  22.46437454223633
5160.1  20.83787155151367
5162.7  18.32343292236328
5165.3  14.7675724029541
5167.9  10.84817123413086
5170.5  7.56742525100708
5173.1  5.491617679595947
5175.7  4.529738903045654
5178.3  4.262938976287842
5180.9  4.30670976638794
5183.5  4.426498889923096
5186.1  4.507098197937012
5188.7  4.529463768005371
5191.3  4.556753158569336
5193.9  4.664544582366944
5196.5  4.826274394989014
5199.1  4.879997730255127
5201.7  4.660255432128906
5204.3  4.178171634674072
5206.9  3.644628047943115
5209.5  3.291867971420288
5212.1  3.187924385070801
5214.7  3.231671094894409
5217.3  3.29677963256836
5219.9  3.347928524017334
5222.5  3.433771371841431
5225.1  3.602428436279297
5227.7  3.835643529891968
5230.3  4.058635234832764
5232.9  4.200853824615479
5235.5  4.228631496429444
5238.1  4.124712467193604
5240.7  3.877364158630371
5243.3  3.516148805618286
5245.9  3.143395662307739
5248.5  2.897987127304077
5251.1  2.857258081436157
5253.7  2.971046686172486
5256.3  3.106304883956909
5258.9  3.157050848007202
5261.5  3.113248825073242
5264.1  3.045680046081543
5266.7  3.039677143096924
5269.3  3.134073257446289
5271.9  3.308898448944092
5274.5  3.514403820037842
5277.1  3.699912548065186
5279.7  3.823876142501831
5282.3  3.860500335693359
5284.9  3.81029486656189
5287.5  3.704706192016601
5290.1  3.594731092453003
5292.7  3.523048162460327
5295.3  3.498644351959229
5297.9  3.496783971786499
5300.5  3.480022192001343
5303.1  3.421773672103882
5305.7  3.320907115936279
5308.3  3.201572179794311
5310.9  3.097778558731079
5313.5  3.032641649246216
5316.1  3.005361080169678
5318.7  2.987919092178345
5321.3  2.936478137969971
5323.9  2.827744245529175
5326.5  2.691105365753174
5329.1  2.586590051651001
5331.7  2.542405128479004
5334.3  2.533370018005371
5336.9  2.529314279556275
5339.5  2.539940357208252
5342.1  2.59650444984436
5344.7  2.704848289489746
5347.3  2.830959796905518
5349.9  2.924415111541748
5352.5  2.947818040847778
5355.1  2.892207145690918
5357.7  2.780024290084839
5360.3  2.654717922210693
5362.9  2.556513786315918
5365.5  2.501911163330078
5368.1  2.484645128250122
5370.7  2.489764213562012
5373.3  2.503424167633057
5375.9  2.518187522888183
5378.5  2.535566329956055
5381.1  2.558056831359863
5383.7  2.574613332748413
5386.3  2.563042879104615
5388.9  2.516817331314087
5391.5  2.464578866958618
5394.1  2.449254512786865
5396.7  2.484289407730103
5399.3  2.537337064743042
5401.9  2.559145212173462
5404.5  2.524507761001587
5407.1  2.448255062103271
5409.7  2.368645429611206
5412.3  2.318158388137817
5414.9  2.304513692855835
5417.5  2.313008069992066
5420.1  2.31830906867981
5422.7  2.293542146682739
5425.3  2.221811056137085
5427.9  2.117230415344238
5430.5  2.033133745193481
5433.1  2.027683973312378
5435.7  2.111160755157471
5438.3  2.232015132904053
5440.9  2.310249328613281
5443.5  2.277464628219605
5446.1  2.101309299468994
5448.7  1.802759885787964
5451.3  1.45723032951355
5453.9  1.159601211547852
5456.5  0.9711862802505493
5459.1  0.8957440853118896
5461.7  0.8983087539672851
5464.3  0.9383800029754638
5466.9  0.9877305626869201
5469.5  1.030725121498108
5472.1  1.059371590614319
5474.7  1.071741104125977
5477.3  1.073285698890686
5479.9  1.075971364974976
5482.5  1.092572331428528
5485.1  1.129571437835693
5487.7  1.181511640548706
5490.3  1.228928923606873
5492.9  1.24550211429596
5495.5  1.216028690338135
5498.1  1.150957107543945
5500.7  1.080586433410645
5503.3  1.033442735671997
5505.9  1.021363735198975
5508.5  1.041632294654846
5511.1  1.084816455841065
5513.7  1.137122988700867
5516.3  1.181234836578369
5518.9  1.203474283218384
5521.5  1.203905463218689
5524.1  1.196876525878906
5526.7  1.199571490287781
5529.3  1.218621611595154
5531.9  1.245143890380859
5534.5  1.261963844299316
5537.1  1.258336067199707
5539.7  1.238639831542969
5542.3  1.216407537460327
5544.9  1.202330112457275
5547.5  1.19871711730957
5550.1  1.20103394985199
5552.7  1.201223611831665
5555.3  1.191518187522888
5557.9  1.169179916381836
5560.5  1.139071345329285
5563.1  1.110066533088684
5565.7  1.087898015975952
5568.3  1.072238326072693
5570.9  1.060026288032532
5573.5  1.049112319946289
5576.1  1.038747429847717
5578.7  1.029889583587647
5581.3  1.026318311691284
5583.9  1.031996369361878
5586.5  1.044384241104126
5589.1  1.05108368396759
5591.7  1.03549075126648
5594.3  0.9882758855819702
5596.9  0.9160787463188171
5599.5  0.8398007154464721
5602.1  0.782159686088562
5604.7  0.7547104358673095
5607.3  0.7545694708824157
5609.9  0.7696730494499206
5612.5  0.7856486439704895
5615.1  0.791325569152832
5617.7  0.782470166683197
5620.3  0.762251079082489
5622.9  0.7379236817359924
5625.5  0.7164639234542846
5628.1  0.7021890878677368
5630.7  0.6965486407279968
5633.3  0.6982356309890747
5635.9  0.7033616304397583
5638.5  0.7079747915267944
5641.1  0.7120187282562255
5643.7  0.7198046445846557
5646.3  0.7356764674186706
5648.9  0.7596673965454101
5651.5  0.7872059345245361
5654.1  0.8118838667869567
5656.7  0.8280632495880126
5659.3  0.8320239186286926
5661.9  0.8228028416633605
5664.5  0.8035337924957275
5667.1  0.7815527319908142
5669.7  0.7654504776000976
5672.3  0.7608457803726196
5674.9  0.7686446905136108
5677.5  0.7862520217895507
5680.1  0.8089471459388732
5682.7  0.8303857445716857
5685.3  0.8443123698234558
5687.9  0.848324179649353
5690.5  0.8458032011985778
5693.1  0.8427231311798095
5695.7  0.8424924612045288
5698.3  0.8449223041534423
5700.9  0.8499605655670166
5703.5  0.8593184351921081
5706.1  0.8719954490661621
5708.7  0.8809572458267211
5711.3  0.8786385655403137
5713.9  0.865276277065277
5716.5  0.8492538332939147
5719.1  0.8397997021675109
5721.7  0.8399023413658142
5724.3  0.8447621464729309
5726.9  0.8471563458442687
5729.5  0.8454546928405761
5732.1  0.8451564311981201
5734.7  0.8521138429641723
5737.3  0.8666605949401855
5739.9  0.8845022320747375
5742.5  0.9003584384918212
5745.1  0.9098384976387023
5747.7  0.9099454879760742
5750.3  0.8988620042800903
5752.9  0.8752632141113281
5755.5  0.8380739092826843
5758.1  0.7871033549308776
5760.7  0.7221282124519348
5763.3  0.6395062208175659
5765.9  0.5326170921325683
5768.5  0.4018202424049377
5771.1  0.2640831172466278
5773.7  0.1463639289140701
5776.3  0.06680226325988769
5778.9  0.02469998970627785
5781.5  0.007313565351068973
5784.1  0.001719340914860368
5786.7  3.161886124871671E-4
5789.3  4.138160147704184E-5
5791.9  0.
5794.5  0.
5797.1  0.
5799.7  0.
5802.3  0.
5804.9  0.
5807.5  0.
5810.1  0.
5812.7  0.
5815.3  0.
5817.9  0.
5820.5  6.531617691507562E-5
5823.1  5.019077216275036E-4
5825.7  0.002728766528889537
5828.3  0.01155470963567495
5830.9  0.03887493163347244
5833.5  0.1046846583485603
5836.1  0.2275450676679611
5838.7  0.4036417007446289
5841.3  0.5932013988494873
5843.9  0.7380731105804443
5846.5  0.8029127120971679
5849.1  0.7992386221885681
5851.7  0.7676180005073547
5854.3  0.7407773733139038
5856.9  0.7259336113929748
5859.5  0.7147433161735534
5862.1  0.7003260850906372
5864.7  0.6834596395492553
5867.3  0.6678842902183532
5869.9  0.6542632579803466
5872.5  0.6401060819625854
5875.1  0.6241430640220642
5877.7  0.6083288192749023
5880.3  0.5937197804450988
5882.9  0.5762672424316406
5885.5  0.5509098768234252
5888.1  0.521114706993103
5890.7  0.4997013509273529
5893.3  0.4961782395839691
5895.9  0.5064325928688049
5898.5  0.5183079838752746
5901.1  0.5238107442855834
5903.7  0.5232195258140563
5906.3  0.5210450887680053
5908.9  0.5213255286216735
5911.5  0.5257034301757812
5914.1  0.5336834192276
5916.7  0.5434108972549438
5919.3  0.5522885918617248
5921.9  0.5580610036849975
5924.5  0.5606023669242858
5927.1  0.5621720552444458
5929.7  0.5651000142097473
5932.3  0.5695249438285827
5934.9  0.573989450931549
5937.5  0.5777637958526611
5940.1  0.5815146565437316
5942.7  0.5853949785232543
5945.3  0.5877577066421508
5947.9  0.5872433185577392
5950.5  0.5856347680091857
5953.1  0.5869109630584716
5955.7  0.5933532118797302
5958.3  0.6034790277481079
5960.9  0.6133568882942199
5963.5  0.6194682717323303
5966.1  0.6212276816368103
5968.7  0.6215192079544067
5971.3  0.6245772242546081
5973.9  0.6328426003456115
5976.5  0.6455422639846801
5979.1  0.6603308916091918
5981.7  0.6763132810592651
5984.3  0.6945813298225402
5986.9  0.7153409123420715
5989.5  0.7356536388397216
5992.1  0.7506855726242065
5994.7  0.7566896677017211
5997.3  0.752942144870758
5999.9  0.7421197295188903
6002.5  0.7291370034217834
6005.1  0.719018816947937
6007.7  0.7152862548828125
6010.3  0.7193524241447448
6012.9  0.7303584814071655
6015.5  0.7456580996513366
6018.1  0.7619272470474243
6020.7  0.776219367980957
6023.3  0.7870703935623168
6025.9  0.7951968908309936
6028.5  0.80237478017807
6031.1  0.8091386556625366
6033.7  0.8144341707229614
6036.3  0.8181761503219604
6038.9  0.8230699896812438
6041.5  0.8322536945343017
6044.1  0.8452414870262145
6046.7  0.8578763008117675
6049.3  0.8663859963417053
6051.9  0.8698362708091735
6054.5  0.8688846826553344
6057.1  0.8646768927574157
6059.7  0.8597099781036376
6062.3  0.8575225472450256
6064.9  0.8600308299064636
6067.5  0.86592698097229
6070.1  0.8714643716812133
6072.7  0.8720191717147827
6075.3  0.8648838400840759
6077.9  0.8532646298408508
6080.5  0.8461095094680786
6083.1  0.8506445884704589
6085.7  0.8654592633247375
6088.3  0.8829701542854309
6090.9  0.8973968029022216
6093.5  0.9076842665672302
6096.1  0.9135457277297973
6098.7  0.9125447869300842
6101.3  0.9031019806861877
6103.9  0.888614535331726
6106.5  0.8759507536888122
6109.1  0.8701512217521667
6111.7  0.8720346689224243
6114.3  0.8803550004959106
6116.9  0.8937585949897766
6119.5  0.9098240137100219
6122.1  0.9246759414672851
6124.7  0.9357799887657165
6127.3  0.9437687993049621
6129.9  0.9500827193260192
6132.5  0.9551151990890502
6135.1  0.9603587985038757
6137.7  0.9689428210258483
6140.3  0.9801653027534484
6142.9  0.9852234125137329
6145.5  0.9716657400131225
6148.1  0.9328851103782653
6150.7  0.872458279132843
6153.3  0.7989764213562011
6155.9  0.7193661928176879
6158.5  0.6394885182380676
6161.1  0.5678425431251525
6163.7  0.5139641165733337
6166.3  0.4828945696353912
6168.9  0.4723621010780335
6171.5  0.4746589660644531
6174.1  0.4806793332099915
6176.7  0.4836972653865814
6179.3  0.4807723164558411
6181.9  0.4715539813041687
6184.5  0.4570972919464111
6187.1  0.4397918879985809
6189.7  0.4230658710002899
6192.3  0.4101506471633911
6194.9  0.403102457523346
6197.5  0.4029937982559204
6200.1  0.4103724956512451
6202.7  0.4243477582931519
6205.3  0.441139280796051
6207.9  0.4546422958374023
6210.5  0.4593420326709747
6213.1  0.4530538618564606
6215.7  0.4374244213104248
6218.3  0.4165321886539459
6220.9  0.3952690362930298
6223.5  0.3783261775970459
6226.1  0.3691590428352356
6228.7  0.368783175945282
6231.3  0.3752729892730713
6233.9  0.3844849467277527
6236.5  0.3921482861042023
6239.1  0.3966406583786011
6241.7  0.4002158641815186
6244.3  0.4068403542041779
6246.9  0.4184320569038391
6249.5  0.4332471489906311
6252.1  0.4478011131286621
6254.7  0.4601003229618073
6257.3  0.4707794785499573
6259.9  0.4810025691986084
6262.5  0.4901130497455597
6265.1  0.4965437650680542
6267.7  0.5003609061241149
6270.3  0.5031360983848571
6272.9  0.5055466294288635
6275.5  0.5069544315338134
6278.1  0.5075774788856506
6280.7  0.5096454620361328
6283.3  0.515443205833435
6285.9  0.5241281986236572
6288.5  0.5310180187225341
6291.1  0.5314130187034606
6293.7  0.5259725451469421
6296.3  0.520922839641571
6298.9  0.5218355059623718
6301.5  0.5287833213806152
6304.1  0.5390745401382446
6306.7  0.5524988174438476
6309.3  0.5707947611808776
6311.9  0.5928382873535156
6314.5  0.6133895516395568
6317.1  0.6273604035377502
6319.7  0.6343460083007812
6322.3  0.6385733485221862
6324.9  0.6450608968734741
6327.5  0.6566147208213806
6330.1  0.673686146736145
6332.7  0.6948193907737731
6335.3  0.7164698839187622
6337.9  0.7338792085647583
6340.5  0.743864893913269
6343.1  0.7469025254249572
6345.7  0.7453261017799377
6348.3  0.7388032674789428
6350.9  0.7234356999397277
6353.5  0.6971192359924316
6356.1  0.6648850440979003
6358.7  0.6375479102134704
6361.3  0.6256060004234313
6363.9  0.634357213973999
6366.5  0.6621440649032592
6369.1  0.7003752589225769
6371.7  0.7361308336257934
6374.3  0.7587811350822448
6376.9  0.7664533257484436
6379.5  0.7652932405471801
6382.1  0.7626648545265197
6384.7  0.7634581923484802
6387.3  0.7717229127883911
6389.9  0.7901269793510437
6392.5  0.8160171508789062
6395.1  0.8416750431060791
6397.7  0.8599880933761596
6400.3  0.8678043484687805
6402.9  0.8650497198104858
6405.5  0.8538538813591003
6408.1  0.8381247520446777
6410.7  0.8220218420028686
6413.3  0.808699607849121
6415.9  0.7993330955505371
6418.5  0.7921819686889648
6421.1  0.7845804691314697
6423.7  0.7769264578819274
6426.3  0.7727584242820739
6428.9  0.7749317288398742
6431.5  0.7840598821640014
6434.1  0.8002814054489135
6436.7  0.8243897557258605
6439.3  0.8565554618835449
6441.9  0.89345383644104
6444.5  0.9268388748168945
6447.1  0.9469695091247558
6449.7  0.9492172598838806
6452.3  0.936598777770996
6454.9  0.9170650243759155
6457.5  0.9009850025177001
6460.1  0.8989356160163879
6462.7  0.9164317846298217
6465.3  0.9496081471443176
6467.9  0.9872164726257324
6470.5  1.015389084815979
6473.1  1.020915746688843
6475.7  0.9955229759216308
6478.3  0.9422040581703186
6480.9  0.8773087263107299
6483.5  0.8230583667755126
6486.1  0.7946131229400634
6488.7  0.792617917060852
6491.3  0.806700050830841
6493.9  0.8243204951286315
6496.5  0.836707055568695
6499.1  0.8398429155349731
6501.7  0.833750307559967
6504.3  0.8219320178031921
6506.9  0.8095402717590332
6509.5  0.80048668384552
6512.1  0.7963532209396362
6514.7  0.7980271577835083
6517.3  0.8069381713867187
6519.9  0.8235567212104797
6522.5  0.8453150391578674
6525.1  0.8676943778991699
6527.7  0.8880396485328674
6530.3  0.9077648520469665
6532.9  0.929772675037384
6535.5  0.9528252482414245
6538.1  0.968589425086975
6540.7  0.9662983417510986
6543.3  0.9419508576393127
6545.9  0.9024295210838317
6548.5  0.8599984049797058
6551.1  0.8231981396675109
6553.7  0.7917302846908569
6556.3  0.7588232159614562
6558.9  0.7206825017929077
6561.5  0.6858644485473632
6564.1  0.6723730564117431
6566.7  0.6907641291618347
6569.3  0.730808138847351
6571.9  0.7681832909584045
6574.5  0.7840760946273803
6577.1  0.7774617075920104
6579.7  0.7612542510032653
6582.3  0.7492834329605102
6584.9  0.7457179427146911
6587.5  0.744433045387268
6590.1  0.7372220754623413
6592.7  0.7224765419960021
6595.3  0.705803632736206
6597.9  0.6933902502059936
6600.5  0.6866534352302551
6603.1  0.683713674545288
6605.7  0.6838564872741699
6608.3  0.6884083151817321
6610.9  0.6973174810409545
6613.5  0.7062852978706359
6616.1  0.7086089253425598
6618.7  0.7004203796386718
6621.3  0.6840738654136657
6623.9  0.6659988760948181
6626.5  0.6509981751441955
6629.1  0.6390749812126159
6631.7  0.6278569102287292
6634.3  0.6168345212936401
6636.9  0.6077622771263122
6639.5  0.6013275384902954
6642.1  0.5947248935699462
6644.7  0.5829650163650512
6647.3  0.5626547932624816
6649.9  0.5357763171195983
6652.5  0.5099574923515319
6655.1  0.4930458962917328
6657.7  0.4867538809776306
6660.3  0.4869169294834137
6662.9  0.4894257783889771
6665.5  0.493815541267395
6668.1  0.5011315941810607
6670.7  0.5101761817932128
6673.3  0.5167897343635559
6675.9  0.5164775252342224
6678.5  0.5076625347137451
6681.1  0.4930678009986877
6683.7  0.4783029854297638
6686.3  0.4686542451381683
6688.9  0.4666610658168793
6691.5  0.4721899628639221
6694.1  0.483348160982132
6696.7  0.4966800212860107
6699.3  0.5080235600471496
6701.9  0.5146178603172302
6704.5  0.5158979296684265
6707.1  0.5118537545204162
6709.7  0.5018644332885742
6712.3  0.4861434400081635
6714.9  0.4674250483512878
6717.5  0.45011305809021
6720.1  0.437919020652771
6722.7  0.432287335395813
6725.3  0.4321251213550568
6727.9  0.4346603751182556
6730.5  0.4374902546405792
6733.1  0.4406355321407318
6735.7  0.4463888704776764
6738.3  0.4563998878002167
6740.9  0.4684832692146301
6743.5  0.4769771993160248
6746.1  0.4777238070964813
6748.7  0.4727061688899994
6751.3  0.4681396186351776
6753.9  0.4682205021381378
6756.5  0.4728134572505951
6759.1  0.4809477925300598
6761.7  0.493322104215622
6764.3  0.5098949670791625
6766.9  0.5271544456481933
6769.5  0.5400089621543884
6772.1  0.5458276867866516
6774.7  0.5451356768608093
6777.3  0.5391900539398193
6779.9  0.5289186835289001
6782.5  0.515856921672821
6785.1  0.5022196769714355
6787.7  0.4902454316616058
6790.3  0.4824644327163696
6792.9  0.4816785156726837
6795.5  0.4891063868999481
6798.1  0.5024375319480895
6800.7  0.516403317451477
6803.3  0.5257870554924011
6805.9  0.5285082459449768
6808.5  0.5267108678817749
6811.1  0.5255157351493835
6813.7  0.5300727486610412
6816.3  0.5421866178512573
6818.9  0.5590888857841491
6821.5  0.5757932066917419
6824.1  0.5884423851966857
6826.7  0.5956034064292907
6829.3  0.5985273718833923
6831.9  0.6012360453605651
6834.5  0.6085637807846069
6837.1  0.6222931742668151
6839.7  0.6390964388847351
6842.3  0.6522918939590454
6844.9  0.6558068990707397
6847.5  0.6476662158966064
6850.1  0.6312232613563537
6852.7  0.6133162379264831
6855.3  0.5998964309692382
6857.9  0.5911003947257995
6860.5  0.5795060396194458
6863.1  0.5544039011001586
6865.7  0.5114150047302246
6868.3  0.4606254100799561
6870.9  0.4235820174217224
6873.5  0.4182394444942474
6876.1  0.4459164142608643
6878.7  0.4925879836082459
6881.3  0.5398875474929809
6883.9  0.5757054090499877
6886.5  0.5996255278587341
6889.1  0.6185110807418823
6891.7  0.6351200938224792
6894.3  0.643666386604309
6896.9  0.6386960744857788
6899.5  0.6256043314933776
6902.1  0.6201192140579223
6904.7  0.6364083290100097
6907.3  0.6741552948951721
6909.9  0.7168986201286315
6912.5  0.7442246079444885
6915.1  0.746356189250946
6917.7  0.7293177247047424
6920.3  0.7091106176376342
6922.9  0.7006258368492126
6925.5  0.7089619636535644
6928.1  0.7292784452438354
6930.7  0.7538195252418518
6933.3  0.7780686616897583
6935.9  0.8002555966377258
6938.5  0.818876564502716
6941.1  0.8345568180084228
6943.7  0.8529266715049743
6946.3  0.8812492489814758
6948.9  0.9213247299194335
6951.5  0.9683287143707275
6954.1  1.016230583190918
6956.7  1.061223387718201
6959.3  1.099609732627869
6961.9  1.125832319259644
6964.5  1.134609699249268
6967.1  1.125234246253967
6969.7  1.103970289230347
6972.3  1.081395983695984
6974.9  1.066135048866272
6977.5  1.060782670974732
6980.1  1.063248515129089
6982.7  1.070234298706055
6985.3  1.079387187957764
6987.9  1.089586615562439
6990.5  1.099131584167481
6993.1  1.104679942131042
6995.7  1.104514122009277
6998.3  1.102733492851257
7000.9  1.107353210449219
7003.5  1.123371362686157
7006.1  1.147459626197815
7008.7  1.167668223381043
7011.3  1.169879198074341
7013.9  1.150374889373779
7016.5  1.122613549232483
7019.1  1.106727480888367
7021.7  1.111675381660462
7024.3  1.129611968994141
7026.9  1.145829319953919
7029.5  1.150768518447876
7032.1  1.143249034881592
7034.7  1.127624988555908
7037.3  1.112195014953613
7039.9  1.106438755989075
7042.5  1.111530065536499
7045.1  1.111521244049072
7047.7  1.079258561134338
7050.3  0.9960001111030578
7052.9  0.8685777783393859
7055.5  0.7289439439773559
7058.1  0.614680528640747
7060.7  0.5461249947547912
7063.3  0.5199701786041259
7065.9  0.520451545715332
7068.5  0.5322407484054565
7071.1  0.5446425080299377
7073.7  0.5511642098426818
7076.3  0.5500299930572509
7078.9  0.5429663062095642
7081.5  0.5298443436622619
7084.1  0.5067189335823059
7086.7  0.4724454283714294
7089.3  0.4349994659423828
7091.9  0.4070108234882355
7094.5  0.3957468271255493
7097.1  0.399306058883667
7099.7  0.4111319482326508
7102.3  0.4258268773555756
7104.9  0.4410381615161896
7107.5  0.4561789929866791
7110.1  0.4713709950447083
7112.7  0.487219512462616
7115.3  0.5033678412437438
7117.9  0.5159757137298583
7120.5  0.5176282525062561
7123.1  0.5014853477478027
7125.7  0.4672907590866089
7128.3  0.4241491556167603
7130.9  0.3859275281429291
7133.5  0.3620454370975494
7136.1  0.3524335026741028
7138.7  0.3508124649524689
7141.3  0.3515458106994629
7143.9  0.3530060350894928
7146.5  0.3558476269245148
7149.1  0.3601064682006836
7151.7  0.3648649752140045
7154.3  0.3696818649768829
7156.9  0.3749401867389679
7159.5  0.3809145092964172
7162.1  0.3872137665748596
7164.7  0.3929865956306458
7167.3  0.3979737758636475
7169.9  0.4038754105567932
7172.5  0.4137789607048035
7175.1  0.4289900660514832
7177.7  0.4471052587032318
7180.3  0.4643440842628479
7182.9  0.478713870048523
7185.5  0.4896260201931
7188.1  0.4956209659576416
7190.7  0.4944881796836853
7193.3  0.4859864413738251
7195.9  0.4736600518226624
7198.5  0.4632736146450043
7201.1  0.4586927592754364
7203.7  0.459519237279892
7206.3  0.4636714160442352
7208.9  0.4710779190063477
7211.5  0.4825367331504822
7214.1  0.4958298802375794
7216.7  0.505492091178894
7219.3  0.5068321824073791
7221.9  0.4997388422489166
7224.5  0.4890029430389404
7227.1  0.4810666143894196
7229.7  0.4796176254749298
7232.3  0.4840441048145294
7234.9  0.491856187582016
7237.5  0.5014619827270507
7240.1  0.5121415257453918
7242.7  0.5229913592338562
7245.3  0.5341771245002746
7247.9  0.5495045781135559
7250.5  0.5755905508995056
7253.1  0.61626398563385
7255.7  0.667642056941986
7258.3  0.7203184366226196
7260.9  0.7656113505363464
7263.5  0.797570526599884
7266.1  0.8107962012290954
7268.7  0.8026123046875
7271.3  0.7799969911575317
7273.9  0.7598889470100402
7276.5  0.7572762370109558
7279.1  0.7724431157112121
7281.7  0.7916042804718017
7284.3  0.8002281188964843
7286.9  0.7959489226341247
7289.5  0.7899773716926574
7292.1  0.7961145043373107
7294.7  0.8172391653060913
7297.3  0.8429013490676879
7299.9  0.8613694906234741
7302.5  0.8725993633270263
7305.1  0.8882313966751098
7307.7  0.9204974174499511
7310.3  0.9722482562065124
7312.9  1.034616708755493
7315.5  1.091774940490723
7318.1  1.130162000656128
7320.7  1.147058725357056
7323.3  1.150957942008972
7325.9  1.151776194572449
7328.5  1.151621818542481
7331.1  1.147864699363708
7333.7  1.142877578735352
7336.3  1.145398378372192
7338.9  1.16148054599762
7341.5  1.187411546707153
7344.1  1.212293744087219
7346.7  1.224255800247192
7349.3  1.214788198471069
7351.9  1.184948563575745
7354.5  1.150793671607971
7357.1  1.135460376739502
7359.7  1.149948954582214
7362.3  1.185201764106751
7364.9  1.225496530532837
7367.5  1.264023780822754
7370.1  1.301762938499451
7372.7  1.337080597877502
7375.3  1.363497853279114
7377.9  1.377439379692078
7380.5  1.383556842803955
7383.1  1.390563249588013
7385.7  1.402860760688782
7388.3  1.416759848594666
7390.9  1.422812581062317
7393.5  1.411372542381287
7396.1  1.380903840065003
7398.7  1.344959855079651
7401.3  1.326223254203796
7403.9  1.337098836898804
7406.5  1.368659734725952
7409.1  1.402080774307251
7411.7  1.425883293151856
7414.3  1.439518690109253
7416.9  1.446958780288696
7419.5  1.451752781867981
7422.1  1.455850720405579
7424.7  1.459927320480347
7427.3  1.464080452919006
7429.9  1.469158053398132
7432.5  1.477423191070557
7435.1  1.490659594535828
7437.7  1.507999777793884
7440.3  1.527204632759094
7442.9  1.546496868133545
7445.5  1.563020706176758
7448.1  1.571804523468018
7450.7  1.56902539730072
7453.3  1.555719375610352
7455.9  1.537757754325867
7458.5  1.523541331291199
7461.1  1.520666837692261
7463.7  1.530990600585938
7466.3  1.547716021537781
7468.9  1.560265898704529
7471.5  1.563914179801941
7474.1  1.562717914581299
7476.7  1.562307238578796
7479.3  1.563373804092407
7481.9  1.564033269882202
7484.5  1.564767360687256
7487.1  1.567241787910461
7489.7  1.57073974609375
7492.3  1.573562979698181
7494.9  1.576542615890503
7497.5  1.582314610481262
7500.1  1.592013001441956
7502.7  1.604353547096253
7505.3  1.617373466491699
7507.9  1.629634261131287
7510.5  1.639846563339233
7513.1  1.646899819374084
7515.7  1.651011466979981
7518.3  1.65395987033844
7520.9  1.657435655593872
7523.5  1.661630392074585
7526.1  1.66570520401001
7528.7  1.668551206588745
7531.3  1.668057799339295
7533.9  1.660710334777832
7536.5  1.644424915313721
7539.1  1.622820496559143
7541.7  1.60509204864502
7544.3  1.59981095790863
7546.9  1.60863447189331
7549.5  1.626200556755066
7552.1  1.644963502883911
7554.7  1.659289002418518
7557.3  1.66627311706543
7559.9  1.665099382400513
7562.5  1.656774640083313
7565.1  1.644169807434082
7567.7  1.631653547286987
7570.3  1.623512625694275
7572.9  1.621071696281433
7575.5  1.620420932769776
7578.1  1.612321615219116
7580.7  1.582524180412293
7583.3  1.512147665023804
7585.9  1.384163618087769
7588.5  1.198837161064148
7591.1  0.983187198638916
7593.7  0.7763623595237731
7596.3  0.6029275059700012
7598.9  0.4665517508983612
7601.5  0.3674826622009277
7604.1  0.3133929073810577
7606.7  0.3111259639263153
7609.3  0.3590760827064514
7611.9  0.4487650990486145
7614.5  0.5620328783988952
7617.1  0.6658205389976501
7619.7  0.723779022693634
7622.3  0.7202631831169128
7624.9  0.6693726181983947
7627.5  0.6008226871490478
7630.1  0.5401692986488342
7632.7  0.499985545873642
7635.3  0.4836160838603973
7637.9  0.4922818243503571
7640.5  0.5252127051353454
7643.1  0.5739966034889221
7645.7  0.6238971948623657
7648.3  0.6654708981513977
7650.9  0.7020519971847534
7653.5  0.742716372013092
7656.1  0.7891420125961303
7658.7  0.8300690054893493
7661.3  0.8480979800224304
7663.9  0.8330962061882019
7666.5  0.7905725240707397
7669.1  0.7379801869392395
7671.7  0.6932921409606933
7674.3  0.6656024456024169
7676.9  0.6531299948692321
7679.5  0.6483610868453979
7682.1  0.6460096836090087
7684.7  0.6477095484733581
7687.3  0.6599214076995849
7689.9  0.6862301230430603
7692.5  0.7203595042228698
7695.1  0.748220145702362
7697.7  0.7593412399291992
7700.3  0.7550553083419799
7702.9  0.7441892623901367
7705.5  0.7341717481613159
7708.1  0.7283916473388671
7710.7  0.7274016737937927
7713.3  0.7288963794708251
7715.9  0.7287683486938476
7718.5  0.7243536114692687
7721.1  0.7162806987762451
7723.7  0.7089054584503173
7726.3  0.7098965048789978
7728.9  0.726474106311798
7731.5  0.758075475692749
7734.1  0.792471170425415
7736.7  0.8120516538619995
7739.3  0.8064743280410766
7741.9  0.7803652882575988
7744.5  0.7489618062973022
7747.1  0.7264613509178161
7749.7  0.7189031839370727
7752.3  0.7250574827194213
7754.9  0.7379976511001586
7757.5  0.7460551857948303
7760.1  0.7396885752677917
7762.7  0.7205454111099243
7765.3  0.7011593580245971
7767.9  0.6950587630271911
7770.5  0.7083004713058471
7773.1  0.7379459142684936
7775.7  0.7739104032516479
7778.3  0.8018884658813476
7780.9  0.8098594546318054
7783.5  0.7964577674865722
7786.1  0.7727568745613098
7788.7  0.7539950013160705
7791.3  0.7492226958274841
7793.9  0.7582377791404724
7796.5  0.7756369709968566
7799.1  0.7959687709808349
7801.7  0.8163518905639648
7804.3  0.8362331986427307
7806.9  0.8557922840118408
7809.5  0.8742554187774658
7812.1  0.888415515422821
7814.7  0.8937346339225769
7817.3  0.8894574046134948
7819.9  0.8809216618537902
7822.5  0.8730787634849548
7825.1  0.8639857172966003
7827.7  0.8492228388786315
7830.3  0.8302146792411804
7832.9  0.8131099343299865
7835.5  0.8014477491378784
7838.1  0.7946817874908447
7840.7  0.7926087379455566
7843.3  0.7970762252807617
7845.9  0.8094606399536132
7848.5  0.8289713859558105
7851.1  0.8533520698547363
7853.7  0.8791027069091796
7856.3  0.9004328250885009
7858.9  0.9102632999420166
7861.5  0.9052891731262207
7864.1  0.8908988237380981
7866.7  0.878248393535614
7869.3  0.8741222023963928
7871.9  0.8756854534149169
7874.5  0.8777453303337097
7877.1  0.8824675679206848
7879.7  0.8972833752632141
7882.3  0.9236683249473571
7884.9  0.9522499442100524
7887.5  0.9705675840377807
7890.1  0.9743061661720275
7892.7  0.9703935980796813
7895.3  0.9698437452316284
7897.9  0.9776517748832702
7900.5  0.988695740699768
7903.1  0.9922806024551391
7905.7  0.9806050658226013
7908.3  0.9545366168022155
7910.9  0.9231000542640686
7913.5  0.8972935676574707
7916.1  0.8833323121070861
7918.7  0.8804627060890197
7921.3  0.8834308981895446
7923.9  0.8866480588912963
7926.5  0.8878195285797119
7929.1  0.8890226483345031
7931.7  0.8937645554542541
7934.3  0.9020179510116577
7936.9  0.9087904095649719
7939.5  0.9092965126037597
7942.1  0.9058953523635864
7944.7  0.9080684781074523
7947.3  0.9241436123847961
7949.9  0.9532820582389831
7952.5  0.9858322739601135
7955.1  1.011740565299988
7957.7  1.029062747955322
7960.3  1.044193506240845
7962.9  1.063564300537109
7965.5  1.085825562477112
7968.1  1.103063702583313
7970.7  1.109122633934021
7973.3  1.105066061019897
7975.9  1.096666693687439
7978.5  1.088854193687439
7981.1  1.084159374237061
7983.7  1.084952116012573
7986.3  1.093643069267273
7988.9  1.108784079551697
7991.5  1.123053073883057
7994.1  1.128455519676209
7996.7  1.123448252677917
7999.3  1.113156914710999
8001.9  1.104826092720032
8004.5  1.105851411819458
8007.1  1.122620224952698
8009.7  1.155318260192871
8012.3  1.193598508834839
8014.9  1.22128427028656
8017.5  1.228249311447144
8020.1  1.218813538551331
8022.7  1.208704948425293
8025.3  1.212404251098633
8027.9  1.231941699981689
8030.5  1.2575364112854
8033.1  1.277724266052246
8035.7  1.287023305892944
8038.3  1.284698486328125
8040.9  1.270545601844788
8043.5  1.246357679367065
8046.1  1.221042513847351
8048.7  1.208080768585205
8051.3  1.213625550270081
8053.9  1.22941529750824
8056.5  1.240686058998108
8059.1  1.238762021064758
8061.7  1.225193500518799
8064.3  1.209231495857239
8066.9  1.204641461372376
8069.5  1.224232792854309
8072.1  1.270671844482422
8074.7  1.331602692604065
8077.3  1.387590765953064
8079.9  1.42620599269867
8082.5  1.446965336799622
8085.1  1.454647183418274
8087.7  1.452316999435425
8090.3  1.441620826721191
8092.9  1.426358103752136
8095.5  1.412843704223633
8098.1  1.406312823295593
8100.7  1.406434893608093
8103.3  1.407029509544373
8105.9  1.402147054672241
8108.5  1.393496990203857
8111.1  1.390862822532654
8113.7  1.403878211975098
8116.3  1.432926535606384
8118.9  1.467837929725647
8121.5  1.494897842407227
8124.1  1.504810810089111
8126.7  1.496671676635742
8129.3  1.478802561759949
8131.9  1.466463923454285
8134.5  1.473566770553589
8137.1  1.502240896224976
8139.7  1.541178822517395
8142.3  1.575130939483643
8144.9  1.594843745231628
8147.5  1.599279284477234
8150.1  1.592708349227905
8152.7  1.580913424491882
8155.3  1.568086624145508
8157.9  1.556079864501953
8160.5  1.54598069190979
8163.1  1.538535594940186
8165.7  1.532675504684448
8168.3  1.525307774543762
8170.9  1.513044118881226
8173.5  1.494837403297424
8176.1  1.475525379180908
8178.7  1.465906262397766
8181.3  1.474336862564087
8183.9  1.497283935546875
8186.5  1.521232008934021
8189.1  1.53337574005127
8191.7  1.528716325759888
8194.3  1.509811043739319
8196.9  1.482737421989441
8199.5  1.451918244361878
8202.1  1.417709827423096
8204.7  1.379694938659668
8207.3  1.340573668479919
8209.9  1.304746270179749
8212.5  1.276115775108337
8215.1  1.260273814201355
8217.7  1.263697743415833
8220.3  1.284860730171204
8222.9  1.310925245285034
8225.5  1.330310106277466
8228.1  1.345471858978272
8230.7  1.367547988891602
8233.3  1.400896430015564
8235.9  1.437744855880737
8238.5  1.466245412826538
8241.1  1.479849219322205
8243.7  1.479597806930542
8246.3  1.470497250556946
8248.9  1.455971240997314
8251.5  1.435277581214905
8254.1  1.407460927963257
8256.7  1.377978920936585
8259.3  1.357681274414063
8261.9  1.351694226264954
8264.5  1.351853132247925
8267.1  1.344898104667664
8269.7  1.327545881271362
8272.3  1.309487104415893
8274.9  1.30126690864563
8277.5  1.302371144294739
8280.1  1.301843166351318
8282.7  1.288899302482605
8285.3  1.263858318328857
8287.9  1.240542888641358
8290.5  1.235368490219116
8293.1  1.250205755233765
8295.7  1.267303109169006
8298.3  1.263757705688477
8300.9  1.23030436038971
8303.5  1.177448034286499
8306.1  1.129406929016113
8308.7  1.110909342765808
8311.3  1.129527449607849
8313.9  1.167634725570679
8316.5  1.198610901832581
8319.1  1.212578058242798
8321.7  1.221545696258545
8324.3  1.241021633148193
8326.9  1.272473931312561
8329.5  1.303036570549011
8332.1  1.318106412887573
8334.7  1.313335537910461
8337.3  1.294763326644897
8339.9  1.267387747764587
8342.5  1.228833675384522
8345.1  1.180276036262512
8347.7  1.139421463012695
8350.3  1.130085706710815
8352.9  1.155358076095581
8355.5  1.190913200378418
8358.1  1.210465669631958
8360.7  1.211574792861939
8363.3  1.212036013603211
8365.9  1.226163983345032
8368.5  1.249359369277954
8371.1  1.263184070587158
8373.7  1.250227332115173
8376.3  1.20507824420929
8378.9  1.137296199798584
8381.5  1.068422198295593
8384.1  1.023992538452148
8386.7  1.021024942398071
8389.3  1.057721138000488
8391.9  1.113787770271301
8394.5  1.162145733833313
8397.1  1.184978485107422
8399.7  1.183196544647217
8402.3  1.171480536460876
8404.9  1.163596987724304
8407.5  1.162763833999634
8410.1  1.164929866790772
8412.7  1.167935729026794
8415.3  1.17330014705658
8417.9  1.179837465286255
8420.5  1.181204676628113
8423.1  1.173767566680908
8425.7  1.161330342292786
8428.3  1.146114230155945
8430.9  1.121256947517395
8433.5  1.080950379371643
8436.1  1.032392621040344
8438.7  0.9877444505691528
8441.3  0.9496862292289733
8443.9  0.9139333367347717
8446.5  0.8803402185440063
8449.1  0.8536609411239624
8451.7  0.8371537923812866
8454.3  0.8301736116409301
8456.9  0.8294847011566162
8459.5  0.8303918242454528
8462.1  0.8287227749824523
8464.7  0.8249062895774841
8467.3  0.8257735967636108
8469.9  0.8393959403038024
8472.5  0.8661553859710693
8475.1  0.8961729407310485
8477.7  0.9169881343841552
8480.3  0.9234653711318969
8482.9  0.920605182647705
8485.5  0.917515218257904
8488.1  0.9179602265357971
8490.7  0.9165363907814025
8493.3  0.9052862524986267
8495.9  0.88379567861557
8498.5  0.8613494634628295
8501.1  0.8490914106369018
8503.7  0.8512978553771972
8506.3  0.8631579875946044
8508.9  0.87427818775177
8511.5  0.8751934766769409
8514.1  0.8648603558540344
8516.7  0.8534312844276428
8519.3  0.8543418049812316
8521.9  0.8714269995689392
8524.5  0.8946970701217651
8527.1  0.907547116279602
8529.7  0.8931821584701538
8532.3  0.8346376419067382
8534.9  0.7190266251564025
8537.5  0.551822006702423
8540.1  0.3651894330978394
8542.7  0.2028898596763611
8545.3  0.0927232801914215
8547.9  0.0343434251844883
8550.5  0.01019666623324156
8553.1  0.002404898405075073
8555.7  4.427053208928555E-4
8558.3  5.843545659445226E-5
8560.9  0.
8563.5  0.
8566.1  0.
8568.7  0.
8571.3  0.
8573.9  0.
8576.5  0.
8579.1  0.
8581.7  0.
8584.3  0.
8586.9  0.
8589.5  0.
8592.1  0.
8594.7  0.
8597.3  0.
8599.9  0.
8602.5  0.
8605.1  0.
8607.7  0.
8610.3  0.
8612.9  0.
8615.5  0.
8618.1  0.
8620.7  0.
8623.3  0.
8625.9  0.
8628.5  0.
8631.1  0.
8633.7  0.
8636.3  0.
8638.9  0.
8641.5  4.247389006195590E-5
8644.1  3.203617816325277E-4
8646.7  0.001743292319588363
8649.3  0.007407488767057657
8651.9  0.02503248862922192
8654.5  0.06801190972328186
8657.1  0.1504983305931091
8659.7  0.2759312391281128
8662.3  0.4287432432174683
8664.9  0.5804716944694519
8667.5  0.7063508629798889
8670.1  0.7963871359825134
8672.7  0.8535047769546508
8675.3  0.885522186756134
8677.9  0.8992850184440612
8680.5  0.8991391062736511
8683.1  0.8878350257873535
8685.7  0.8682774901390075
8688.3  0.8457103967666625
8690.9  0.8287305235862731
8693.5  0.8259777426719665
8696.1  0.839271605014801
8698.7  0.8610522747039794
8701.3  0.8804454207420349
8703.9  0.891199767589569
8706.5  0.8938493728637695
8709.1  0.8935473561286926
8711.7  0.8970635533332824
8714.3  0.9085854887962341
8716.9  0.9260528683662414
8719.5  0.9427362084388732
8722.1  0.9528074860572814
8724.7  0.9545903205871582
8727.3  0.9498299956321716
8729.9  0.9420495629310607
8732.5  0.9354119300842285
8735.1  0.93308025598526
8737.7  0.9354408383369445
8740.3  0.9397469162940979
8742.9  0.9412051439285278
8745.5  0.9351590871810913
8748.1  0.9198598265647888
8750.7  0.8982251286506652
8753.3  0.8772534132003784
8755.9  0.8658997416496276
8758.5  0.87123304605484
8761.1  0.8929430842399597
8763.7  0.9213481545448303
8766.3  0.9436041712760925
8768.9  0.9531187415122985
8771.5  0.9535248279571533
8774.1  0.9545310139656066
8776.7  0.9637860655784606
8779.3  0.98179292678833
8781.9  1.003532767295838
8784.5  1.023027062416077
8787.1  1.035932779312134
8789.7  1.040271282196045
8792.3  1.03701663017273
8794.9  1.029159784317017
8797.5  1.01810622215271
8800.1  1.001765727996826
8802.7  0.9794456958770751
8805.3  0.9586658477783203
8807.9  0.9520611763000488
8810.5  0.9638317823410034
8813.1  0.9829136133193969
8815.7  0.9941261410713195
8818.3  0.9939584732055664
8820.9  0.9916576743125915
8823.5  0.9970185756683349
8826.1  1.011173367500305
8828.7  1.028340935707092
8831.3  1.042557716369629
8833.9  1.051639556884766
8836.5  1.056923270225525
8839.1  1.06095552444458
8841.7  1.065268993377686
8844.3  1.069337129592896
8846.9  1.071102261543274
8849.5  1.068284153938293
8852.1  1.058430314064026
8854.7  1.037935495376587
8857.3  1.003490209579468
8859.9  0.9569581151008605
8862.5  0.9075070023536682
8865.1  0.8657379150390625
8867.7  0.8360702991485595
8870.3  0.8174842596054077
8872.9  0.8096349835395812
8875.5  0.8135195970535278
8878.1  0.8266839981079101
8880.7  0.8423011898994445
8883.3  0.8541362285614013
8885.9  0.8607629537582397
8888.5  0.8652619123458862
8891.1  0.8715111017227172
8893.7  0.8797917366027832
8896.3  0.8865609765052795
8898.9  0.8893158435821533
8901.5  0.8892220258712768
8904.1  0.8879152536392211
8906.7  0.8850460648536682
8909.3  0.8807993531227111
8911.9  0.8779388666152954
8914.5  0.8789713978767395
8917.1  0.8832241296768188
8919.7  0.8892749547958374
8922.3  0.8994306325912475
8924.9  0.9179524183273315
8927.5  0.9428626894950866
8930.1  0.9625973105430603
8932.7  0.9643405675888061
8935.3  0.9453625679016113
8937.9  0.915084958076477
8940.5  0.8874205946922302
8943.1  0.8720839023590087
8945.7  0.8713926672935485
8948.3  0.8820464015007019
8950.9  0.8980233669281005
8953.5  0.91257905960083
8956.1  0.920264720916748
8958.7  0.9193302392959594
8961.3  0.9119749665260314
8963.9  0.9003316760063171
8966.5  0.8824663758277893
8969.1  0.8556830883026123
8971.7  0.8251104354858398
8974.3  0.8051272630691528
8976.9  0.8073739409446716
8979.5  0.8276976943016052
8982.1  0.8494220376014709
8984.7  0.8609448075294494
8987.3  0.8662511706352233
8989.9  0.8754521608352661
8992.5  0.8891777396202087
8995.1  0.8980301022529602
8997.7  0.8964249491691589
9000.3  0.8911306858062744
9002.9  0.8932954668998718
9005.5  0.9049789309501647
9008.1  0.9168398976325988
9010.7  0.9184788465499877
9013.3  0.9092110395431518
9015.9  0.8985966444015502
9018.5  0.8964112997055053
9021.1  0.9027577638626098
9023.7  0.9098882675170898
9026.3  0.9137394428253173
9028.9  0.9195677638053894
9031.5  0.9338288307189941
9034.1  0.9546153545379638
9036.7  0.9739303588867187
9039.3  0.9868020415306091
9041.9  0.9947260618209838
9044.5  1.001670837402344
9047.1  1.009644031524658
9049.7  1.017486095428467
9052.3  1.022141814231873
9054.9  1.021519303321838
9057.5  1.017349004745483
9060.1  1.014147758483887
9062.7  1.014372110366821
9065.3  1.015574097633362
9067.9  1.012864708900452
9070.5  1.001665949821472
9073.1  0.9779503941535949
9075.7  0.9407513737678527
9078.3  0.8983516693115234
9080.9  0.8686164617538452
9083.5  0.8676652312278747
9086.1  0.8971023559570312
9088.7  0.942494511604309
9091.3  0.983133316040039
9093.9  1.004958391189575
9096.5  1.00739860534668
9099.1  0.9993194937705993
9101.7  0.9899139404296875
9104.3  0.9851499795913696
9106.9  0.9894273281097412
9109.5  1.004242897033691
9112.1  1.025138258934021
9114.7  1.044753551483154
9117.3  1.058663010597229
9119.9  1.065032601356506
9122.5  1.060303211212158
9125.1  1.0399409532547
9127.7  1.004594087600708
9130.3  0.9636371731758117
9132.9  0.9317848086357116
9135.5  0.9213790893554687
9138.1  0.934872031211853
9140.7  0.9629649519920349
9143.3  0.9913787841796875
9145.9  1.010850191116333
9148.5  1.021277904510498
9151.1  1.027987837791443
9153.7  1.035555601119995
9156.3  1.044347286224365
9158.9  1.050554871559143
9161.5  1.048388600349426
9164.1  1.033406615257263
9166.7  1.005067706108093
9169.3  0.9674947261810302
9171.9  0.9268710613250732
9174.5  0.8867494463920593
9177.1  0.8491374254226684
9179.7  0.8240770101547241
9182.3  0.8311030864715576
9184.9  0.8799762725830078
9187.5  0.9531916975975036
9190.1  1.017652750015259
9192.7  1.051668643951416
9195.3  1.055698037147522
9197.9  1.043057203292847
9200.5  1.027292251586914
9203.1  1.016001701354981
9205.7  1.01084578037262
9208.3  1.010668754577637
9210.9  1.013698816299438
9213.5  1.017377138137817
9216.1  1.018959403038025
9218.7  1.017136216163635
9221.3  1.011431217193604
9223.9  0.9999984502792358
9226.5  0.9808295965194702
9229.1  0.9565959572792053
9231.7  0.9362502098083496
9234.3  0.9293626546859741
9236.9  0.9383860826492309
9239.5  0.9567679166793823
9242.1  0.9743798375129699
9244.7  0.9847277402877807
9247.3  0.9878889322280883
9249.9  0.987787127494812
9252.5  0.9875335097312927
9255.1  0.987432062625885
9257.7  0.9866279363632202
9260.3  0.985446810722351
9262.9  0.9853768348693847
9265.5  0.9870295524597167
9268.1  0.9880681633949279
9270.7  0.9832569956779479
9273.3  0.9684608578681945
9275.9  0.9462767243385314
9278.5  0.9260458350181579
9281.1  0.9160405397415161
9283.7  0.9166386127471923
9286.3  0.9219834804534912
9288.9  0.9258009195327758
9291.5  0.9248718619346618
9294.1  0.9200236201286315
9296.7  0.9150725603103637
9299.3  0.9133393168449401
9301.9  0.914139449596405
9304.5  0.9125195741653442
9307.1  0.9016444087028503
9309.7  0.8752129673957824
9312.3  0.8287785053253173
9314.9  0.7614938616752624
9317.5  0.6802370548248291
9320.1  0.6032821536064147
9322.7  0.5531271696090698
9325.3  0.5374253392219543
9327.9  0.540901243686676
9330.5  0.5453600883483886
9333.1  0.5515728592872619
9335.7  0.5700367093086242
9338.3  0.598106026649475
9340.9  0.6218509674072265
9343.5  0.6344749331474304
9346.1  0.6379985213279724
9348.7  0.6324580907821655
9351.3  0.6183294653892517
9353.9  0.6037138700485229
9356.5  0.5952990651130676
9359.1  0.5872049927711486
9361.7  0.5704421997070312
9364.3  0.5478084683418273
9366.9  0.5291367173194885
9369.5  0.5174348354339599
9372.1  0.5108749866485595
9374.7  0.5158659815788269
9377.3  0.5464692711830139
9379.9  0.606866717338562
9382.5  0.6819343566894531
9385.1  0.7497726678848266
9387.7  0.798576533794403
9390.3  0.8280263543128967
9392.9  0.840222954750061
9395.5  0.8348855972290039
9398.1  0.8120539784431457
9400.7  0.7761682868003845
9403.3  0.7373338341712951
9405.9  0.7082311511039733
9408.5  0.6972723603248596
9411.1  0.702530562877655
9413.7  0.7131298780441284
9416.3  0.717808187007904
9418.9  0.7125428915023803
9421.5  0.7016383409500122
9424.1  0.6935968995094299
9426.7  0.6935197114944458
9429.3  0.6961492896080017
9431.9  0.6898228526115417
9434.5  0.6728726625442504
9437.1  0.6625676751136779
9439.7  0.6796629428863525
9442.3  0.725475788116455
9444.9  0.7798360586166381
9447.5  0.8194348812103271
9450.1  0.832779586315155
9452.7  0.8195133209228515
9455.3  0.7820864915847778
9457.9  0.7209494709968566
9460.5  0.6393983960151672
9463.1  0.5550677776336669
9465.7  0.5020616650581359
9468.3  0.5092635750770568
9470.9  0.5707707405090332
9473.5  0.6458838582038879
9476.1  0.6954355835914611
9478.7  0.7154136896133422
9481.3  0.7313191890716552
9483.9  0.7627079486846923
9486.5  0.7992039322853088
9489.1  0.8130579590797424
9491.7  0.7915669679641723
9494.3  0.755030333995819
9496.9  0.741219162940979
9499.5  0.7703186273574829
9502.1  0.8277260065078735
9504.7  0.8829108476638793
9507.3  0.9187287092208862
9509.9  0.9385038614273071
9512.5  0.9517553448677062
9515.1  0.96123468875885
9517.7  0.9619548916816711
9520.3  0.9475331306457519
9522.9  0.917743444442749
9525.5  0.883046269416809
9528.1  0.8596247434616088
9530.7  0.8554859161376953
9533.3  0.8612452149391174
9535.9  0.8579856157302856
9538.5  0.8354060053825378
9541.1  0.8027966618537902
9543.7  0.7810862064361572
9546.3  0.7808647155761718
9548.9  0.7905479669570922
9551.5  0.7910336852073669
9554.1  0.7771776914596557
9556.7  0.7586877942085266
9559.3  0.7469556927680969
9561.9  0.7509033679962158
9564.5  0.779009997844696
9567.1  0.8324506282806396
9569.7  0.8980386853218078
9572.3  0.9558565020561218
9574.9  0.9923518300056457
9577.5  1.004199385643005
9580.1  0.9949538707733154
9582.7  0.9727412462234497
9585.3  0.9487607479095458
9587.9  0.9312800765037536
9590.5  0.917277455329895
9593.1  0.8946878910064697
9595.7  0.8600128293037414
9598.3  0.8304452300071716
9600.9  0.8275554180145263
9603.5  0.8466863632202148
9606.1  0.8514503240585327
9608.7  0.8071531057357788
9611.3  0.721884548664093
9613.9  0.650785744190216
9616.5  0.6519696116447448
9619.1  0.7355535626411437
9621.7  0.8592495322227478
9624.3  0.9683655500411987
9626.9  1.030646443367004
9629.5  1.038433313369751
9632.1  0.9966218471527099
9634.7  0.919195532798767
9637.3  0.8323076963424682
9639.9  0.7693413496017456
9642.5  0.7555667757987976
9645.1  0.7947025895118713
9647.7  0.8678722977638244
9650.3  0.9451381564140319
9652.9  1.002236962318421
9655.5  1.031156897544861
9658.1  1.038437008857727
9660.7  1.036709070205689
9663.3  1.03737473487854
9665.9  1.046637654304505
9668.5  1.064662933349609
9671.1  1.087218523025513
9673.7  1.108959555625916
9676.3  1.126051306724548
9678.9  1.136724710464478
9681.5  1.140292406082153
9684.1  1.136860132217407
9686.7  1.128327488899231
9689.3  1.118884205818176
9691.9  1.112895011901856
9694.5  1.111076474189758
9697.1  1.108950257301331
9699.7  1.100466012954712
9702.3  1.08469569683075
9704.9  1.069114208221436
9707.5  1.063498139381409
9710.1  1.067436933517456
9712.7  1.066838979721069
9715.3  1.048792481422424
9717.9  1.01957905292511
9720.5  1.001386404037476
9723.1  1.008295178413391
9725.7  1.029810547828674
9728.3  1.041712641716004
9730.9  1.030670285224915
9733.5  1.006038784980774
9736.1  0.9892780780792236
9738.7  0.9930188059806823
9741.3  1.011027693748474
9743.9  1.027818560600281
9746.5  1.034067273139954
9749.1  1.029998421669006
9751.7  1.016352891921997
9754.3  0.9846348166465759
9756.9  0.9156374335289001
9759.5  0.7915624380111694
9762.1  0.6192567348480224
9764.7  0.4453159272670746
9767.3  0.3402082026004791
9769.9  0.3562729358673096
9772.5  0.4917709827423096
9775.1  0.6900364160537719
9777.7  0.8757564425468444
9780.3  1.000019073486328
9782.9  1.058494806289673
9785.5  1.075106382369995
9788.1  1.07526695728302
9790.7  1.071685910224915
9793.3  1.066006422042847
9795.9  1.057880163192749
9798.5  1.052350997924805
9801.1  1.058377981185913
9803.7  1.079177856445313
9806.3  1.10649585723877
9808.9  1.127262711524963
9811.5  1.13437283039093
9814.1  1.129466652870178
9816.7  1.118507981300354
9819.3  1.107745289802551
9821.9  1.102002859115601
9824.5  1.103329181671143
9827.1  1.110278725624085
9829.7  1.119489789009094
9832.3  1.128395557403565
9834.9  1.136056423187256
9837.5  1.141477346420288
9840.1  1.142687320709229
9842.7  1.138423442840576
9845.3  1.129786491394043
9847.9  1.119765281677246
9850.5  1.111890912055969
9853.1  1.108873009681702
9855.7  1.111237049102783
9858.3  1.117303848266602
9860.9  1.125125885009766
9863.5  1.133987069129944
9866.1  1.143699288368225
9868.7  1.153393507003784
9871.3  1.16199517250061
9873.9  1.169255018234253
9876.5  1.175329804420471
9879.1  1.179880976676941
9881.7  1.182446360588074
9884.3  1.1832515001297
9886.9  1.182589411735535
9889.5  1.179053902626038
9892.1  1.168677449226379
9894.7  1.146975517272949
9897.3  1.113741636276245
9899.9  1.076748490333557
9902.5  1.049268364906311
9905.1  1.041358947753906
9907.7  1.051050782203674
9910.3  1.062286853790283
9912.9  1.050115942955017
9915.5  0.9893072843551635
9918.1  0.8659484386444091
9920.7  0.694088339805603
9923.3  0.5253138542175292
9925.9  0.4290744662284851
9928.5  0.4488166570663452
9931.1  0.5736973881721496
9933.7  0.7514941692352294
9936.3  0.923965573310852
9938.9  1.053083777427673
9941.5  1.12822413444519
9944.1  1.160494327545166
9946.7  1.170783042907715
9949.3  1.176968574523926
9951.9  1.186633586883545
9954.5  1.198219656944275
9957.1  1.207641363143921
9959.7  1.213428616523743
9962.3  1.216500639915466
9964.9  1.21703827381134
9967.5  1.213674306869507
9970.1  1.205867052078247
9972.7  1.195929408073425
9975.3  1.188420653343201
9977.9  1.187183737754822
9980.5  1.192157745361328
9983.1  1.198216080665588
9985.7  1.195633292198181
9988.3  1.168341755867004
9990.9  1.092235803604126
9993.5  0.9449819326400756
9996.1  0.7290735244750976
