3501.3  0.3281473517417908
3503.9  0.4256976544857025
3506.5  0.4883691072463989
3509.1  0.5133695006370544
3511.7  0.512596309185028
3514.3  0.500895619392395
3516.9  0.4870253205299377
3519.5  0.4731425642967224
3522.1  0.4611026644706726
3524.7  0.4568395912647247
3527.3  0.4667754769325256
3529.9  0.491447240114212
3532.5  0.5242631435394287
3535.1  0.5552996397018432
3537.7  0.5762239098548889
3540.3  0.5846095085144042
3542.9  0.5851752161979675
3545.5  0.5853686928749084
3548.1  0.5892093777656555
3550.7  0.5957063436508178
3553.3  0.6015856266021728
3555.9  0.6036461591720581
3558.5  0.5996875166893005
3561.1  0.5897018909454345
3563.7  0.5762064456939697
3566.3  0.5618115067481994
3568.9  0.5458378791809082
3571.5  0.5246569514274597
3574.1  0.496917337179184
3576.7  0.4681830108165741
3579.3  0.4490214586257935
3581.9  0.4476535320281982
3584.5  0.4642526805400848
3587.1  0.4922003448009491
3589.7  0.5233060121536254
3592.3  0.5501835942268371
3594.9  0.5663692951202392
3597.5  0.5692041516304016
3600.1  0.5634558796882629
3602.7  0.5584766268730163
3605.3  0.5597593784332275
3607.9  0.5647947192192077
3610.5  0.56788170337677
3613.1  0.5669743418693542
3615.7  0.5650797486305236
3618.3  0.5664511919021606
3620.9  0.5717243552207946
3623.5  0.576289415359497
3626.1  0.574648380279541
3628.7  0.5672662854194641
3631.3  0.5611701607704162
3633.9  0.5620124340057373
3636.5  0.5675774812698364
3639.1  0.5713934898376464
3641.7  0.5705882310867309
3644.3  0.5674518942832946
3646.9  0.5655186772346496
3649.5  0.5674773454666137
3652.1  0.5748437643051147
3654.7  0.5854869484901428
3657.3  0.5927130579948425
3659.9  0.590808629989624
3662.5  0.5814232230186462
3665.1  0.572093904018402
3667.7  0.5680707097053527
3670.3  0.5666702985763549
3672.9  0.560573935508728
3675.5  0.5467440485954284
3678.1  0.5307727456092834
3680.7  0.5216225981712341
3683.3  0.5241996645927429
3685.9  0.538098931312561
3688.5  0.5598049163818359
3691.1  0.583117663860321
3693.7  0.5996045470237731
3696.3  0.6017115712165832
3698.9  0.5873498916625976
3701.5  0.5631428956985473
3704.1  0.5433054566383361
3706.7  0.5417515039443969
3709.3  0.5617467761039733
3711.9  0.592319905757904
3714.5  0.6152443885803222
3717.1  0.6176803708076477
3719.7  0.601965308189392
3722.3  0.5835617184638977
3724.9  0.5758099555969238
3727.5  0.5761332511901855
3730.1  0.5713741779327392
3732.7  0.5577278733253479
3735.3  0.5495080947875976
3737.9  0.5631369948387145
3740.5  0.5958580374717712
3743.1  0.6263238191604614
3745.7  0.6363837122917175
3748.3  0.6280177235603332
3750.9  0.6180402040481567
3753.5  0.6200187802314758
3756.1  0.634937584400177
3758.7  0.6558804512023925
3761.3  0.6741208434104919
3763.9  0.6813585758209228
3766.5  0.6746813654899597
3769.1  0.6625134944915771
3771.7  0.660973846912384
3774.3  0.6811572909355163
3776.9  0.7199498414993286
3779.5  0.7618083357810974
3782.1  0.7880228757858276
3784.7  0.7871092557907104
3787.3  0.7604449391365051
3789.9  0.7188649177551269
3792.5  0.6749218702316284
3795.1  0.6403085589408874
3797.7  0.6270560026168823
3800.3  0.6433954834938049
3802.9  0.6862947344779968
3805.5  0.7413156628608703
3808.1  0.790400207042694
3810.7  0.8188541531562805
3813.3  0.8190588355064392
3815.9  0.793095588684082
3818.5  0.7521831393241882
3821.1  0.7102474570274353
3823.7  0.6755563616752624
3826.3  0.6475468277931213
3828.9  0.6209082007408142
3831.5  0.5929217934608459
3834.1  0.5688236951828002
3836.7  0.5605887174606323
3839.3  0.5785983800888061
3841.9  0.6237982511520385
3844.5  0.6873728036880493
3847.1  0.755836546421051
3849.7  0.8157987594604492
3852.3  0.8579019308090209
3854.9  0.8810377120971679
3857.5  0.8921597599983215
3860.1  0.8987711668014526
3862.7  0.9006130695343017
3865.3  0.8912118077278137
3867.9  0.8686506152153015
3870.5  0.8417319655418395
3873.1  0.8220247626304626
3875.7  0.81058931350708
3878.3  0.7957911491394042
3880.9  0.7654772400856018
3883.5  0.7201926708221435
3886.1  0.6742491126060485
3888.7  0.6458884477615356
3891.3  0.6466896533966064
3893.9  0.6765764951705932
3896.5  0.7239255905151367
3899.1  0.7705801129341125
3901.7  0.8023673295974731
3904.3  0.8180849552154541
3906.9  0.8264521360397338
3909.5  0.8337711691856384
3912.1  0.8383136987686157
3914.7  0.8365911245346069
3917.3  0.8283523321151733
3919.9  0.8114649653434753
3922.5  0.7762614488601684
3925.1  0.7114298939704895
3927.7  0.6184523105621337
3930.3  0.5202181935310363
3932.9  0.4525039494037628
3935.5  0.4416185915470123
3938.1  0.4861294031143189
3940.7  0.5595880150794982
3943.3  0.6311545968055725
3945.9  0.6837966442108154
3948.5  0.715951383113861
3951.1  0.7321146130561828
3953.7  0.7345989942550659
3956.3  0.7204779982566833
3958.9  0.6830461025238037
3961.5  0.6188604831695556
3964.1  0.537779152393341
3966.7  0.4657019078731537
3969.3  0.4326967895030975
3971.9  0.4538380205631256
3974.5  0.5194907784461975
3977.1  0.602995216846466
3979.7  0.6782452464103698
3982.3  0.7338281869888305
3984.9  0.7746505737304687
3987.5  0.8112549781799316
3990.1  0.8474134802818298
3992.7  0.8782120943069458
3995.3  0.8977144360542297
3997.9  0.9048097133636474
4000.5  0.9030538201332092
4003.1  0.9002832770347595
4005.7  0.9069708585739135
4008.3  0.927415907382965
4010.9  0.9527322053909301
4013.5  0.9689778685569763
4016.1  0.972124695777893
4018.7  0.9700210094451904
4021.3  0.970649242401123
4023.9  0.9740114212036132
4026.5  0.9765368700027465
4029.1  0.9782594442367553
4031.7  0.9815528392791748
4034.3  0.9847043752670288
4036.9  0.9820181727409362
4039.5  0.9720004200935363
4042.1  0.9612325429916381
4044.7  0.9569544792175292
4047.3  0.9584454894065856
4049.9  0.9590528607368469
4052.5  0.9547995924949645
4055.1  0.9477846026420593
4057.7  0.9422952532768249
4060.3  0.9406055808067321
4062.9  0.9422675371170043
4065.5  0.9450839757919311
4068.1  0.9453650116920471
4070.7  0.9384964108467102
4073.3  0.922435700893402
4075.9  0.9023904204368591
4078.5  0.8894830346107482
4081.1  0.8913225531578063
4083.7  0.904416799545288
4086.3  0.9165260791778564
4088.9  0.9142364859580993
4091.5  0.8884593248367309
4094.1  0.8382447361946105
4096.7  0.7743923068046569
4099.3  0.7183989882469177
4101.9  0.6925453543663024
4104.5  0.7062289714813232
4107.1  0.750841736793518
4109.7  0.8078417778015136
4112.3  0.8609126210212707
4114.9  0.9015345573425292
4117.5  0.9276732206344604
4120.1  0.9408109784126281
4122.7  0.9435571432113647
4125.3  0.9384976029396057
4127.9  0.929228663444519
4130.5  0.9219580292701721
4133.1  0.9235620498657226
4135.7  0.9366518855094909
4138.3  0.9577667117118835
4140.9  0.9811182618141174
4143.5  1.002681374549866
4146.1  1.020226120948792
4148.7  1.031542539596558
4151.3  1.034259915351868
4153.9  1.027200818061829
4156.5  1.012142062187195
4159.1  0.9947502613067626
4161.7  0.9822505116462707
4164.3  0.9773297309875488
4166.9  0.974260926246643
4169.5  0.9634840488433837
4172.1  0.9405907988548278
4174.7  0.9098967313766479
4177.3  0.880837857723236
4179.9  0.8633263707160949
4182.5  0.8648364543914794
4185.1  0.8876136541366577
4187.7  0.926476240158081
4190.3  0.9697849750518798
4192.9  1.004254937171936
4195.5  1.020947337150574
4198.1  1.019003391265869
4200.7  1.005162954330444
4203.3  0.9894437193870544
4205.9  0.9785677790641784
4208.5  0.9721916317939758
4211.1  0.9668604731559753
4213.7  0.9635314345359802
4216.3  0.9677203297615051
4218.9  0.9810020923614501
4221.5  0.9969605803489685
4224.1  1.008347392082214
4226.7  1.013993978500366
4229.3  1.015899181365967
4231.9  1.014590382575989
4234.5  1.011056423187256
4237.1  1.008677363395691
4239.7  1.009159684181213
4242.3  1.009479641914368
4244.9  1.006517052650452
4247.5  1.002340316772461
4250.1  1.001416563987732
4252.7  1.004512429237366
4255.3  1.008629441261292
4257.9  1.01123857498169
4260.5  1.011964440345764
4263.1  1.011244416236878
4265.7  1.009220838546753
4268.3  1.005577325820923
4270.9  0.9994484186172485
4273.5  0.9902271628379821
4276.1  0.9790325164794921
4278.7  0.9682968854904174
4281.3  0.9594650864601135
4283.9  0.9519609808921813
4286.5  0.9443356394767761
4289.1  0.9352005720138549
4291.7  0.9230177402496337
4294.3  0.9069226384162902
4296.9  0.8891972303390502
4299.5  0.8749738931655883
4302.1  0.8671645522117614
4304.7  0.8635885119438171
4307.3  0.8618514537811279
4309.9  0.8648676872253417
4312.5  0.8781696557998657
4315.1  0.9020667076110839
4317.7  0.9280654788017272
4320.3  0.9440165758132934
4322.9  0.9436067938804626
4325.5  0.9298533201217651
4328.1  0.9075613021850585
4330.7  0.874180793762207
4333.3  0.8230548501014709
4335.9  0.7580410242080688
4338.5  0.7018936276435852
4341.1  0.6833802461624145
4343.7  0.7126466631889343
4346.3  0.7723979353904724
4348.9  0.8349212408065795
4351.5  0.8834556341171264
4354.1  0.9168519973754882
4356.7  0.9414855241775512
4359.3  0.9632567167282104
4361.9  0.983361542224884
4364.5  0.9977034926414489
4367.1  1.00100040435791
4369.7  0.9926674365997314
4372.3  0.9786087870597839
4374.9  0.9665005207061767
4377.5  0.9590263366699218
4380.1  0.9529716372489929
4382.7  0.9456485509872436
4385.3  0.939213216304779
4387.9  0.9364694952964782
4390.5  0.9359111785888671
4393.1  0.9349828362464904
4395.7  0.9356986880302429
4398.3  0.9425662755966186
4400.9  0.9559814929962158
4403.5  0.9711658358573913
4406.1  0.9835211038589477
4408.7  0.9925509691238403
4411.3  0.9999960064888
4413.9  1.006878614425659
4416.5  1.014104247093201
4419.1  1.023484468460083
4421.7  1.03530216217041
4424.3  1.046051740646362
4426.9  1.050501465797424
4429.5  1.046267867088318
4432.1  1.035842418670654
4434.7  1.023879766464233
4437.3  1.012772917747498
4439.9  1.001996159553528
4442.5  0.9915553927421569
4445.1  0.9828634858131408
4447.7  0.9748448133468627
4450.3  0.9631881713867187
4452.9  0.9473066926002502
4455.5  0.9352158904075622
4458.1  0.9365941882133483
4460.7  0.9517231583595275
4463.3  0.9706409573554992
4465.9  0.9824801087379455
4468.5  0.9838643670082092
4471.1  0.979408323764801
4473.7  0.9757741689682006
4476.3  0.9758112430572509
4478.9  0.9782095551490783
4481.5  0.980548620223999
4484.1  0.980633795261383
4486.7  0.9768697619438171
4489.3  0.9702377319335937
4491.9  0.9646406173706054
4494.5  0.9636762142181396
4497.1  0.9683979153633117
4499.7  0.978491723537445
4502.3  0.992952823638916
4504.9  1.008554697036743
4507.5  1.019912004470825
4510.1  1.02261483669281
4512.7  1.015464663505554
4515.3  0.9997315406799316
4517.9  0.9782682657241821
4520.5  0.9565279483795166
4523.1  0.9423422813415527
4525.7  0.9410685896873474
4528.3  0.9504291415214538
4530.9  0.9627645015716552
4533.5  0.9730122089385986
4536.1  0.9820500612258911
4538.7  0.9920973181724548
4541.3  1.001936554908753
4543.9  1.007582306861878
4546.5  1.00550377368927
4549.1  0.9945752024650573
4551.7  0.9769940376281738
4554.3  0.9585480690002441
4556.9  0.9462482929229736
4559.5  0.9435323476791381
4562.1  0.9478026628494262
4564.7  0.9534355998039245
4567.3  0.9570080637931823
4569.9  0.9599362015724182
4572.5  0.9665058255195617
4575.1  0.9785595536231994
4577.7  0.9920645952224731
4580.3  0.9999158382415771
4582.9  0.997290015220642
4585.5  0.9837727546691894
4588.1  0.9626853466033935
4590.7  0.9400503039360046
4593.3  0.9224316477775573
4595.9  0.9138798713684082
4598.5  0.9152389168739318
4601.1  0.9257947206497192
4603.7  0.9431006908416748
4606.3  0.9611894488334655
4608.9  0.9724059104919433
4611.5  0.9736605286598205
4614.1  0.9699552655220031
4616.7  0.9696496129035949
4619.3  0.9760124683380126
4621.9  0.9845932126045227
4624.5  0.9889488220214843
4627.1  0.9874761700630187
4629.7  0.9837419390678405
4632.3  0.9816989302635192
4634.9  0.982361614704132
4637.5  0.9840694069862365
4640.1  0.9840483665466308
4642.7  0.9801682233810424
4645.3  0.9728224873542785
4647.9  0.965243637561798
4650.5  0.9612150192260742
4653.1  0.9623215794563293
4655.7  0.9670687913894653
4658.3  0.9713784456253051
4660.9  0.9700556993484497
4663.5  0.9600753784179687
4666.1  0.9441655278205871
4668.7  0.9303833246231079
4671.3  0.9263381958007812
4673.9  0.93332040309906
4676.5  0.9463070034980773
4679.1  0.9588876962661743
4681.7  0.9671580791473388
4684.3  0.9700395464897155
4686.9  0.9685983061790466
4689.5  0.9658566713333129
4692.1  0.9653538465499877
4694.7  0.9682322740554809
4697.3  0.9723095893859863
4699.9  0.974665880203247
4702.5  0.9744750261306762
4705.1  0.9731786251068115
4707.7  0.9731324315071105
4710.3  0.9763528704643249
4712.9  0.9836882352828979
4715.5  0.9944477081298828
4718.1  1.0063796043396
4720.7  1.016172766685486
4723.3  1.021107316017151
4725.9  1.021209120750427
4728.5  1.019653558731079
4731.1  1.020179033279419
4733.7  1.023841977119446
4736.3  1.02865743637085
4738.9  1.032102465629578
4741.5  1.033060669898987
4744.1  1.031423687934876
4746.7  1.026869535446167
4749.3  1.018859386444092
4751.9  1.007979035377502
4754.5  0.9967371821403503
4757.1  0.988038957118988
4759.7  0.9831344485282897
4762.3  0.982389748096466
4764.9  0.9872865676879882
4767.5  0.9992046356201171
4770.1  1.016197443008423
4772.7  1.032991766929627
4775.3  1.044910073280335
4777.9  1.051286458969116
4780.5  1.054898142814636
4783.1  1.058182239532471
4785.7  1.060701012611389
4788.3  1.060753226280213
4790.9  1.058181643486023
4793.5  1.054287672042847
4796.1  1.05003023147583
4798.7  1.045820832252502
4801.3  1.042411088943482
4803.9  1.04054594039917
4806.5  1.040235280990601
4809.1  1.041230440139771
4811.7  1.043326139450073
4814.3  1.045075297355652
4816.9  1.043126583099365
4819.5  1.03461754322052
4822.1  1.020813822746277
4824.7  1.007359147071838
4827.3  1.000073790550232
4829.9  1.000557065010071
4832.5  1.005693674087524
4835.1  1.010688781738281
4837.7  1.012540936470032
4840.3  1.010875940322876
4842.9  1.005570888519287
4845.5  0.9941320419311523
4848.1  0.972158670425415
4850.7  0.9365037083625793
4853.3  0.8886277079582214
4855.9  0.8362671732902526
4858.5  0.7922693490982055
4861.1  0.7695303559303283
4863.7  0.7736758589744567
4866.3  0.7992258667945861
4868.9  0.8338052630424499
4871.5  0.8666911125183105
4874.1  0.8933542966842651
4876.7  0.9132890105247497
4879.3  0.925906479358673
4881.9  0.9297235608100891
4884.5  0.9254554510116577
4887.1  0.9190693497657775
4889.7  0.9201964735984802
4892.3  0.9354366064071655
4894.9  0.9622635841369628
4897.5  0.9903134703636169
4900.1  1.009381532669067
4902.7  1.016165018081665
4905.3  1.014311194419861
4907.9  1.009802579879761
4910.5  1.006241917610169
4913.1  1.003017783164978
4915.7  0.9975627660751342
4918.3  0.9897257089614868
4920.9  0.9829325675964355
4923.5  0.9802786111831665
4926.1  0.981114387512207
4928.7  0.9826003313064575
4931.3  0.983396291732788
4933.9  0.9850274324417114
4936.5  0.990226924419403
4939.1  1.000110864639282
4941.7  1.012810587882996
4944.3  1.025390863418579
4946.9  1.036749005317688
4949.5  1.047392129898071
4952.1  1.056968688964844
4954.7  1.063930749893189
4957.3  1.067500233650208
4959.9  1.068543791770935
4962.5  1.068453073501587
4965.1  1.067965626716614
4967.7  1.066950917243958
4970.3  1.064136266708374
4972.9  1.056498289108276
4975.5  1.040463209152222
4978.1  1.016307234764099
4980.7  0.9918630719184875
4983.3  0.9791635274887084
4985.9  0.9847027659416198
4988.5  1.003252148628235
4991.1  1.022291421890259
4993.7  1.031698346138001
4996.3  1.028603315353394
4998.9  1.015732288360596
5001.5  0.9985362291336059
5004.1  0.9834259152412414
5006.7  0.9750207066535949
5009.3  0.9729952216148376
5011.9  0.973250925540924
5014.5  0.9734579920768737
5017.1  0.9757540225982666
5019.7  0.9833061099052429
5022.3  0.9961462616920471
5024.9  1.011267900466919
5027.5  1.025355219841004
5030.1  1.036093950271606
5032.7  1.041534185409546
5035.3  1.040402173995972
5037.9  1.034101009368897
5040.5  1.027040123939514
5043.1  1.023245334625244
5045.7  1.023195385932922
5048.3  1.025230884552002
5050.9  1.028874754905701
5053.5  1.034883499145508
5056.1  1.042818069458008
5058.7  1.050352692604065
5061.3  1.054895639419556
5063.9  1.055225968360901
5066.5  1.051780700683594
5069.1  1.045317053794861
5071.7  1.035357117652893
5074.3  1.021171808242798
5076.9  1.005027055740357
5079.5  0.9930709600448608
5082.1  0.991303265094757
5084.7  1.000236630439758
5087.3  1.013460397720337
5089.9  1.021566152572632
5092.5  1.018728971481323
5095.1  1.007070302963257
5097.7  0.9945771098136901
5100.3  0.9875319004058837
5102.9  0.9855003356933593
5105.5  0.9850164651870727
5108.1  0.9861906170845031
5110.7  0.9921339750289916
5113.3  1.002857565879822
5115.9  1.013456702232361
5118.5  1.01879632472992
5121.1  1.018137574195862
5123.7  1.014977335929871
5126.3  1.013396501541138
5128.9  1.015063405036926
5131.5  1.019436240196228
5134.1  1.025438547134399
5136.7  1.031466722488403
5139.3  1.034604787826538
5141.9  1.032055497169495
5144.5  1.023807883262634
5147.1  1.012818813323975
5149.7  1.002538919448853
5152.3  0.9947893023490905
5154.9  0.9891578555107116
5157.5  0.9825225472450256
5160.1  0.96997731924057
5162.7  0.9489820599555969
5165.3  0.9238808155059814
5167.9  0.9052713513374328
5170.5  0.9032257795333862
5173.1  0.9196847677230834
5175.7  0.9466776847839355
5178.3  0.9722389578819274
5180.9  0.9890225529670715
5183.5  0.9974608421325683
5186.1  1.001248598098755
5188.7  1.001972436904907
5191.3  0.9992145895957946
5193.9  0.9939354658126831
5196.5  0.9885716438293457
5199.1  0.982928991317749
5201.7  0.9731338620185852
5204.3  0.9577621817588806
5206.9  0.9434583187103271
5209.5  0.9402946233749389
5212.1  0.9512127041816711
5214.7  0.9686868786811828
5217.3  0.9809334874153137
5219.9  0.9791215062141418
5222.5  0.9617937803268432
5225.1  0.9370964765548706
5227.7  0.9187103509902954
5230.3  0.9150394201278686
5232.9  0.9232199788093566
5235.5  0.9354397654533386
5238.1  0.9476829767227172
5240.7  0.9599678516387939
5243.3  0.9717293977737426
5245.9  0.9808107018470764
5248.5  0.9863175153732299
5251.1  0.9898143410682678
5253.7  0.9924402236938476
5256.3  0.9918365478515625
5258.9  0.9836394786834716
5261.5  0.9670643806457519
5264.1  0.9483587741851806
5266.7  0.9367311596870422
5269.3  0.9361314177513122
5271.9  0.9424319267272949
5274.5  0.9488133192062377
5277.1  0.9521651864051818
5279.7  0.9545559883117675
5282.3  0.9608553051948547
5284.9  0.9746487140655517
5287.5  0.9939209818840026
5290.1  1.010935068130493
5292.7  1.018110156059265
5295.3  1.014167189598084
5297.9  1.004362225532532
5300.5  0.9958717226982116
5303.1  0.9933793544769287
5305.7  0.9975664615631103
5308.3  1.006016612052918
5310.9  1.015132427215576
5313.5  1.021641254425049
5316.1  1.022859573364258
5318.7  1.016011238098145
5321.3  0.9989137649536132
5323.9  0.9738758206367492
5326.5  0.9508736729621887
5329.1  0.9426079392433166
5331.7  0.9531209468841552
5334.3  0.9731983542442321
5336.9  0.9893867969512939
5339.5  0.9958107471466064
5342.1  0.9960941672325134
5344.7  0.9967511892318725
5347.3  1.001438498497009
5349.9  1.009976267814636
5352.5  1.019415497779846
5355.1  1.025009989738464
5357.7  1.021938681602478
5360.3  1.008016228675842
5362.9  0.9862574338912963
5365.5  0.9651572108268737
5368.1  0.9547162055969238
5370.7  0.9594679474830627
5373.3  0.9745841026306152
5375.9  0.9901682138442993
5378.5  0.9999026656150817
5381.1  1.004617691040039
5383.7  1.007700562477112
5386.3  1.009444832801819
5388.9  1.007432818412781
5391.5  1.000921010971069
5394.1  0.9922192692756652
5396.7  0.9836427569389343
5399.3  0.9755187034606933
5401.9  0.9681538939476013
5404.5  0.9637831449508666
5407.1  0.9649016261100769
5409.7  0.9714887738227844
5412.3  0.9809526205062866
5414.9  0.989846646785736
5417.5  0.9948603510856628
5420.1  0.9933213591575622
5422.7  0.9845932722091674
5425.3  0.971470296382904
5427.9  0.9598908424377441
5430.5  0.9563141465187072
5433.1  0.9637695550918579
5435.7  0.9793803095817565
5438.3  0.9960792064666748
5440.9  1.007371783256531
5443.5  1.01101815700531
5446.1  1.00840950012207
5448.7  1.001157999038696
5451.3  0.9900859594345092
5453.9  0.9778545498847961
5456.5  0.9694517850875854
5459.1  0.9680117964744567
5461.7  0.9720488190650939
5464.3  0.9778909087181091
5466.9  0.9819684028625488
5469.5  0.9806906580924987
5472.1  0.9726525545120239
5474.7  0.962629497051239
5477.3  0.9595892429351806
5479.9  0.9683657884597778
5482.5  0.9849944710731506
5485.1  1.001055240631104
5487.7  1.010444045066834
5490.3  1.011728644371033
5492.9  1.006993412971497
5495.5  1.000418424606323
5498.1  0.9964208602905273
5500.7  0.9967907071113586
5503.3  0.9993066191673278
5505.9  1.000108361244202
5508.5  0.9978995323181152
5511.1  0.9956858158111572
5513.7  0.9976370930671691
5516.3  1.004017472267151
5518.9  1.009833812713623
5521.5  1.009111881256104
5524.1  1.000784993171692
5526.7  0.9907251596450805
5529.3  0.98731130361557
5531.9  0.9938012361526489
5534.5  1.005324602127075
5537.1  1.013900279998779
5539.7  1.015377521514893
5542.3  1.011347889900208
5544.9  1.006189227104187
5547.5  1.003240942955017
5550.1  1.002988576889038
5552.7  1.003976225852966
5555.3  1.004816889762878
5557.9  1.004866003990173
5560.5  1.003421187400818
5563.1  0.9993234276771545
5565.7  0.9920670986175537
5568.3  0.9837170243263244
5570.9  0.9792148470878601
5573.5  0.9830673336982727
5576.1  0.9947628378868103
5578.7  1.008251905441284
5581.3  1.016651272773743
5583.9  1.017171144485474
5586.5  1.011809825897217
5589.1  1.004129767417908
5591.7  0.9955589771270751
5594.3  0.9851863980293273
5596.9  0.9736908674240112
5599.5  0.9660564661026
5602.1  0.9679799675941467
5604.7  0.9795319437980651
5607.3  0.9943928122520446
5609.9  1.005495429039001
5612.5  1.010012865066528
5615.1  1.00911545753479
5617.7  1.005024313926697
5620.3  0.9996413588523864
5622.9  0.9953735470771789
5625.5  0.9951149821281433
5628.1  0.999750792980194
5630.7  1.006301283836365
5633.3  1.01024866104126
5635.9  1.009789228439331
5638.5  1.006877303123474
5641.1  1.004351139068604
5643.7  1.002969622612
5646.3  1.001073956489563
5648.9  0.9959356784820556
5651.5  0.9854634404182434
5654.1  0.9703730940818786
5656.7  0.9557271003723144
5659.3  0.9487065076828002
5661.9  0.9528594017028808
5664.5  0.9651066064834594
5667.1  0.9793636202812194
5669.7  0.9915533661842346
5672.3  1.000031113624573
5674.9  1.003411650657654
5677.5  1.000732898712158
5680.1  0.9936926364898681
5682.7  0.9870230555534362
5685.3  0.9854687452316284
5687.9  0.9900810122489929
5690.5  0.9976329207420349
5693.1  1.003740072250366
5695.7  1.006056070327759
5698.3  1.004567861557007
5700.9  1.000218152999878
5703.5  0.9944047927856445
5706.1  0.9891837239265441
5708.7  0.9865448474884033
5711.3  0.9870103597640991
5713.9  0.9895252585411071
5716.5  0.9929854273796081
5719.1  0.9973384737968444
5721.7  1.002822995185852
5724.3  1.008811235427856
5726.9  1.014127016067505
5729.5  1.018249750137329
5732.1  1.021522402763367
5734.7  1.024223804473877
5737.3  1.026042461395264
5739.9  1.02653181552887
5742.5  1.025469183921814
5745.1  1.022520780563355
5747.7  1.017212510108948
5750.3  1.009867072105408
5752.9  1.002139329910278
5755.5  0.9950267076492309
5758.1  0.9847813844680786
5760.7  0.959104835987091
5763.3  0.8972747921943664
5765.9  0.779494285583496
5768.5  0.6054564714431762
5771.1  0.4059255123138428
5773.7  0.2282979488372803
5776.3  0.1054451689124107
5778.9  0.03939546272158623
5781.5  0.0117772975936532
5784.1  0.002792412647977471
5786.7  5.178455612622201E-4
5789.3  6.886727351229637E-5
5791.9  0.
5794.5  0.
5797.1  0.
5799.7  0.
5802.3  0.
5804.9  0.
5807.5  0.
5810.1  0.
5812.7  0.
5815.3  0.
5817.9  0.
5820.5  7.048049883451312E-5
5823.1  5.301339551806449E-4
5825.7  0.002865036018192768
5828.3  0.01210038736462593
5830.9  0.04054943472146988
5833.5  0.1087790802121162
5836.1  0.2361605018377304
5838.7  0.4211710393428803
5841.3  0.6299273371696472
5843.9  0.8122669458389282
5846.5  0.9343986511230468
5849.1  0.9956278204917907
5851.7  1.017428398132324
5854.3  1.023069739341736
5856.9  1.026177287101746
5859.5  1.030404686927795
5862.1  1.034424304962158
5864.7  1.036818385124207
5867.3  1.037912249565125
5869.9  1.038656711578369
5872.5  1.039261937141418
5875.1  1.038966178894043
5877.7  1.036333084106445
5880.3  1.028977632522583
5882.9  1.014012694358826
5885.5  0.9913892745971679
5888.1  0.9680727124214172
5890.7  0.9560636281967163
5893.3  0.9626924991607666
5895.9  0.9835030436515808
5898.5  1.006755113601685
5901.1  1.02366030216217
5903.7  1.032922267913818
5906.3  1.037664651870728
5908.9  1.040712952613831
5911.5  1.042814254760742
5914.1  1.043768167495728
5916.7  1.04383659362793
5919.3  1.043700098991394
5921.9  1.043566942214966
5924.5  1.042983412742615
5927.1  1.041481614112854
5929.7  1.039234399795532
5932.3  1.03709352016449
5934.9  1.035995960235596
5937.5  1.036196351051331
5940.1  1.037045001983643
5942.7  1.037505030632019
5945.3  1.036934614181519
5947.9  1.035568118095398
5950.5  1.034408926963806
5953.1  1.034466743469238
5955.7  1.035891056060791
5958.3  1.037921547889709
5960.9  1.039652585983276
5963.5  1.040659189224243
5966.1  1.040902495384216
5968.7  1.040267825126648
5971.3  1.038430690765381
5973.9  1.035234570503235
5976.5  1.031018257141113
5979.1  1.026439785957336
5981.7  1.022146582603455
5984.3  1.018672108650208
5986.9  1.016412496566772
5989.5  1.015641331672668
5992.1  1.016517281532288
5994.7  1.018812656402588
5997.3  1.021754264831543
5999.9  1.024497032165527
6002.5  1.026621818542481
6005.1  1.027936935424805
6007.7  1.028004050254822
6010.3  1.026078462600708
6012.9  1.021641612052918
6015.5  1.015338063240051
6018.1  1.009513735771179
6020.7  1.007121801376343
6023.3  1.009349703788757
6025.9  1.01461386680603
6028.5  1.020262718200684
6031.1  1.024721741676331
6033.7  1.027699589729309
6036.3  1.029204368591309
6038.9  1.029123544692993
6041.5  1.027531027793884
6044.1  1.024868369102478
6046.7  1.021565437316895
6049.3  1.017682671546936
6051.9  1.013423442840576
6054.5  1.010038495063782
6057.1  1.009295344352722
6059.7  1.011559367179871
6062.3  1.015186309814453
6064.9  1.018340229988098
6067.5  1.020641446113586
6070.1  1.022501468658447
6072.7  1.023725986480713
6075.3  1.023632764816284
6077.9  1.022119522094727
6080.5  1.019924640655518
6083.1  1.017946839332581
6085.7  1.016702651977539
6088.3  1.016240835189819
6090.9  1.016019821166992
6093.5  1.014534473419189
6096.1  1.009682893753052
6098.7  1.000697016716003
6101.3  0.9901313185691833
6103.9  0.982801616191864
6106.5  0.9817114472389221
6109.1  0.9856213927268981
6111.7  0.9912174344062805
6114.3  0.9966293573379516
6116.9  1.001927375793457
6119.5  1.007126569747925
6122.1  1.010970115661621
6124.7  1.011711359024048
6127.3  1.008282542228699
6129.9  1.000663876533508
6132.5  0.9899161458015441
6135.1  0.9783823490142822
6137.7  0.9694344997406005
6140.3  0.9660204052925109
6142.9  0.9688544273376464
6145.5  0.9757441878318786
6148.1  0.9826664328575134
6150.7  0.9861494898796081
6153.3  0.9854471087455749
6155.9  0.9826806783676147
6158.5  0.9807606935501098
6161.1  0.9811044931411743
6163.7  0.98307865858078
6166.3  0.9850804805755615
6168.9  0.9861465096473693
6171.5  0.9871054291725158
6174.1  0.9898940920829772
6176.7  0.9951851963996887
6179.3  1.001011252403259
6181.9  1.004088282585144
6184.5  1.002360939979553
6187.1  0.9966742992401123
6189.7  0.990829586982727
6192.3  0.9895376563072204
6194.9  0.9948481321334838
6197.5  1.004383206367493
6200.1  1.013671159744263
6202.7  1.019772410392761
6205.3  1.022223234176636
6207.9  1.021603107452393
6210.5  1.018555164337158
6213.1  1.014155983924866
6215.7  1.010127425193787
6218.3  1.007773518562317
6220.9  1.006589770317078
6223.5  1.004227042198181
6226.1  0.9984784126281738
6228.7  0.989758014678955
6231.3  0.9811975359916687
6233.9  0.9756392836570739
6236.5  0.972990334033966
6239.1  0.9712072014808654
6241.7  0.9692093133926391
6244.3  0.9678918123245239
6246.9  0.9683632254600524
6249.5  0.9700272679328918
6252.1  0.9713883996009826
6254.7  0.9727757573127746
6257.3  0.9767655134201049
6259.9  0.9850982427597045
6262.5  0.9961863160133361
6265.1  1.006334662437439
6267.7  1.0126713514328
6270.3  1.014466524124146
6272.9  1.012536287307739
6275.5  1.008524417877197
6278.1  1.004762411117554
6280.7  1.003637313842773
6283.3  1.005989909172058
6285.9  1.010238170623779
6288.5  1.013557076454163
6291.1  1.013900876045227
6293.7  1.011066198348999
6296.3  1.006604552268982
6298.9  1.002938151359558
6301.5  1.00180184841156
6304.1  1.002994775772095
6306.7  1.004698872566223
6309.3  1.004944920539856
6311.9  1.002839922904968
6314.5  0.9991193413734436
6317.1  0.9960430264472961
6319.7  0.996116816997528
6322.3  0.9999276995658874
6324.9  1.00522243976593
6327.5  1.008488178253174
6330.1  1.007406115531921
6332.7  1.002073526382446
6335.3  0.9946646690368652
6337.9  0.9879706501960754
6340.5  0.9835470914840698
6343.1  0.9811770915985107
6345.7  0.9802560210227966
6348.3  0.9808664917945861
6350.9  0.982941448688507
6353.5  0.9854549169540405
6356.1  0.9873152375221252
6358.7  0.9884941577911376
6361.3  0.9898064136505126
6363.9  0.9919123649597167
6366.5  0.9946997165679931
6369.1  0.9974926114082336
6371.7  0.9997011423110961
6374.3  1.001110076904297
6376.9  1.001840114593506
6379.5  1.002416133880615
6382.1  1.003591537475586
6384.7  1.005508184432983
6387.3  1.007160902023316
6389.9  1.007213830947876
6392.5  1.005477070808411
6395.1  1.003264784812927
6397.7  1.002099394798279
6400.3  1.002243041992188
6402.9  1.002642631530762
6405.5  1.002033233642578
6408.1  0.9997923374176025
6410.7  0.9959668517112731
6413.3  0.9912977814674377
6415.9  0.987450361251831
6418.5  0.986323058605194
6421.1  0.9882332682609558
6423.7  0.9909581542015075
6426.3  0.9914276003837585
6428.9  0.9888557195663452
6431.5  0.9857688546180725
6434.1  0.9854830503463745
6436.7  0.9889580011367797
6439.3  0.9944307208061218
6441.9  0.9993035793304443
6444.5  1.001710653305054
6447.1  1.000786662101746
6449.7  0.9964616894721984
6452.3  0.9897665381431579
6454.9  0.983463704586029
6457.5  0.9811448454856872
6460.1  0.984282910823822
6462.7  0.9904579520225524
6465.3  0.9955133199691772
6467.9  0.9973253011703491
6470.5  0.9970399141311645
6473.1  0.99700927734375
6475.7  0.9981138110160827
6478.3  0.999354064464569
6480.9  0.9996647834777832
6483.5  0.999142050743103
6486.1  0.9981005191802978
6488.7  0.9959614276885986
6491.3  0.9922714233398437
6493.9  0.9884408712387084
6496.5  0.9871840476989746
6499.1  0.9898123145103454
6501.7  0.9947292208671569
6504.3  0.9988753199577331
6506.9  1.000007510185242
6509.5  0.9974570274353027
6512.1  0.9918574094772338
6514.7  0.9851045608520507
6517.3  0.9799091815948486
6519.9  0.9780905842781066
6522.5  0.9792110919952392
6525.1  0.9815311431884765
6527.7  0.9839535951614379
6530.3  0.9863351583480834
6532.9  0.9884296655654907
6535.5  0.9894739389419555
6538.1  0.9886530041694641
6540.7  0.9854040145874023
6543.3  0.9792974591255187
6545.9  0.9697651267051696
6548.5  0.9554753303527832
6551.1  0.9336692690849304
6553.7  0.9005009531974792
6556.3  0.854066252708435
6558.9  0.800156831741333
6561.5  0.7555098533630371
6564.1  0.7404690384864807
6566.7  0.7632895112037658
6569.3  0.8124976754188537
6571.9  0.8668494224548339
6574.5  0.9108370542526245
6577.1  0.940167486667633
6579.7  0.9575015306472778
6582.3  0.9672411084175109
6584.9  0.9731143712997436
6587.5  0.9774311780929565
6590.1  0.9811319112777709
6592.7  0.984573483467102
6595.3  0.9880775213241577
6597.9  0.9916344881057739
6600.5  0.9946423172950744
6603.1  0.9967303872108459
6605.7  0.9986097812652587
6608.3  1.001424789428711
6610.9  1.005371689796448
6613.5  1.009482502937317
6616.1  1.012677311897278
6618.7  1.014554977416992
6621.3  1.015164256095886
6623.9  1.014393091201782
6626.5  1.011914849281311
6629.1  1.00783908367157
6631.7  1.003325819969177
6634.3  1.000116348266602
6636.9  0.9990953803062438
6639.5  0.9996869564056396
6642.1  1.001089572906494
6644.7  1.003480434417725
6647.3  1.007279753684998
6649.9  1.0118488073349
6652.5  1.01581883430481
6655.1  1.01839292049408
6657.7  1.019724249839783
6660.3  1.020341038703918
6662.9  1.020671248435974
6665.5  1.020864248275757
6668.1  1.020600557327271
6670.7  1.019152283668518
6673.3  1.016219019889832
6675.9  1.012970447540283
6678.5  1.011766910552979
6681.1  1.014167308807373
6683.7  1.01928460597992
6686.3  1.024473667144776
6688.9  1.02745258808136
6691.5  1.027622580528259
6694.1  1.025895595550537
6696.7  1.023752927780151
6699.3  1.022271037101746
6701.9  1.021645665168762
6704.5  1.021428823471069
6707.1  1.021060347557068
6709.7  1.020161747932434
6712.3  1.018568158149719
6714.9  1.01633083820343
6717.5  1.013800024986267
6720.1  1.011680364608765
6722.7  1.010807156562805
6725.3  1.011642694473267
6727.9  1.013925313949585
6730.5  1.01679539680481
6733.1  1.019277334213257
6735.7  1.020761132240295
6738.3  1.021145462989807
6740.9  1.020514011383057
6743.5  1.018805146217346
6746.1  1.016072392463684
6748.7  1.013119339942932
6751.3  1.011462569236755
6753.9  1.012176990509033
6756.5  1.014831066131592
6759.1  1.017824053764343
6761.7  1.019699811935425
6764.3  1.020048022270203
6766.9  1.019466638565064
6769.5  1.018905162811279
6772.1  1.018865704536438
6774.7  1.01899528503418
6777.3  1.018445730209351
6779.9  1.01674211025238
6782.5  1.014406800270081
6785.1  1.012697339057922
6787.7  1.012547612190247
6790.3  1.013728618621826
6792.9  1.015184044837952
6795.5  1.016115069389343
6798.1  1.016457438468933
6800.7  1.016334295272827
6803.3  1.015523552894592
6805.9  1.013813018798828
6808.5  1.01172149181366
6811.1  1.010400533676148
6813.7  1.010558605194092
6816.3  1.01170814037323
6818.9  1.012655735015869
6821.5  1.01257050037384
6824.1  1.011488318443298
6826.7  1.01007080078125
6829.3  1.008871912956238
6831.9  1.007488489151001
6834.5  1.004659414291382
6837.1  0.9998669624328613
6839.7  0.9947884678840637
6842.3  0.9924111366271972
6844.9  0.9942885637283325
6847.5  0.9988678097724914
6850.1  1.002814054489136
6852.7  1.003259539604187
6855.3  0.9977760910987854
6857.9  0.9814368486404418
6860.5  0.9458361864089965
6863.1  0.8855126500129699
6865.7  0.8089944124221801
6868.3  0.7414078116416931
6870.9  0.7099156975746154
6873.5  0.7228524684906005
6876.1  0.7621094584465026
6878.7  0.7964088320732116
6881.3  0.8057537078857421
6883.9  0.7976531982421875
6886.5  0.7984611988067626
6889.1  0.8253397941589355
6891.7  0.8691902160644531
6894.3  0.9070228934288024
6896.9  0.925027847290039
6899.5  0.9261575937271118
6902.1  0.9226159453392028
6904.7  0.9258617162704467
6907.3  0.939670979976654
6909.9  0.9587294459342956
6912.5  0.9747505187988281
6915.1  0.9841988086700439
6917.7  0.9892140626907348
6920.3  0.9930951595306396
6922.9  0.9970676302909851
6925.5  1.000746965408325
6928.1  1.003607392311096
6930.7  1.005380988121033
6933.3  1.005762457847595
6935.9  1.004149675369263
6938.5  0.999949038028717
6941.1  0.9934776425361633
6943.7  0.9866697192192077
6946.3  0.9823781847953796
6948.9  0.98233163356781
6951.5  0.9857836961746215
6954.1  0.9904544949531555
6956.7  0.9945798516273498
6959.3  0.9977635741233825
6961.9  1.000266194343567
6964.5  1.002096891403198
6967.1  1.002757668495178
6969.7  1.001458764076233
6972.3  0.9977695941925048
6974.9  0.9926925301551818
6977.5  0.9889876842498779
6980.1  0.9894660115242004
6982.7  0.994438886642456
6985.3  1.001208186149597
6987.9  1.006269454956055
6990.5  1.007716417312622
6993.1  1.005790948867798
6995.7  1.001916527748108
6998.3  0.9975483417510986
7000.9  0.9936341643333435
7003.5  0.9905816316604614
7006.1  0.9883049130439758
7008.7  0.9862823486328125
7011.3  0.9839944243431091
7013.9  0.9815565347671508
7016.5  0.9797460436820983
7019.1  0.9793245196342468
7021.7  0.9805054068565368
7024.3  0.9829425811767578
7026.9  0.9857550263404846
7029.5  0.9875984191894531
7032.1  0.9874378442764282
7034.7  0.9857267141342163
7037.3  0.9844537377357482
7039.9  0.9854644536972045
7042.5  0.9887425899505615
7045.1  0.9926053285598754
7047.7  0.995402455329895
7050.3  0.9966852068901062
7052.9  0.9969951510429382
7055.5  0.9970713257789611
7058.1  0.9973822236061096
7060.7  0.9981036186218261
7063.3  0.9992738366127014
7065.9  1.000885009765625
7068.5  1.002779126167297
7071.1  1.00448203086853
7073.7  1.005275726318359
7076.3  1.004559516906738
7078.9  1.002190709114075
7081.5  0.9985478520393371
7084.1  0.9943439364433288
7086.7  0.9903910756111145
7089.3  0.9874857664108276
7091.9  0.9862754344940185
7094.5  0.9869198203086853
7097.1  0.9887923002243041
7099.7  0.9906456470489501
7102.3  0.9911219477653503
7104.9  0.9892597198486328
7107.5  0.9848565459251403
7110.1  0.9785708785057067
7112.7  0.9715888500213623
7115.3  0.965175449848175
7117.9  0.9606136679649353
7120.5  0.9592000842094421
7123.1  0.9615674614906311
7125.7  0.9668493866920471
7128.3  0.9731181263923645
7130.9  0.9789479970932006
7133.5  0.9840087890625
7136.1  0.9879161119461059
7138.7  0.9892132878303527
7141.3  0.9863515496253967
7143.9  0.9798943400382995
7146.5  0.9733398556709289
7149.1  0.9708894491195678
7151.7  0.9738333225250244
7154.3  0.9794448614120483
7156.9  0.9835831522941589
7159.5  0.983724296092987
7162.1  0.9795176982879638
7164.7  0.9718729853630065
7167.3  0.9626228809356689
7169.9  0.9546224474906921
7172.5  0.9506040811538696
7175.1  0.9508489370346069
7177.7  0.9523163437843322
7180.3  0.950826346874237
7182.9  0.9439600706100463
7185.5  0.9320931434631347
7188.1  0.9182150959968566
7190.7  0.9073787927627563
7193.3  0.9042121767997741
7195.9  0.9088940620422363
7198.5  0.9165397882461547
7201.1  0.9222633838653564
7203.7  0.9260733723640441
7206.3  0.9316709637641906
7208.9  0.9413015842437744
7211.5  0.9529628753662109
7214.1  0.9623315334320068
7216.7  0.9665404558181762
7219.3  0.9659969210624694
7221.9  0.9635175466537475
7224.5  0.9623730182647705
7227.1  0.9646110534667968
7229.7  0.9700252413749694
7232.3  0.9763671159744262
7234.9  0.9809297323226928
7237.5  0.982290506362915
7240.1  0.9808464050292968
7242.7  0.978039264678955
7245.3  0.9751505255699157
7247.9  0.97273850440979
7250.5  0.9710926413536071
7253.1  0.9707670807838439
7255.7  0.9721091389656066
7258.3  0.974498689174652
7260.9  0.9766844511032104
7263.5  0.9777540564537048
7266.1  0.9773129224777221
7268.7  0.9750393033027648
7271.3  0.9708942174911499
7273.9  0.9658039808273315
7276.5  0.9612380266189575
7279.1  0.9576261043548583
7281.7  0.9538611769676208
7284.3  0.9489573240280151
7286.9  0.9438211917877197
7289.5  0.9409709572792053
7292.1  0.9425512552261352
7294.7  0.9484680294990539
7297.3  0.9562297463417053
7299.9  0.9627882242202758
7302.5  0.9666576981544494
7305.1  0.9682692289352416
7307.7  0.9687620401382446
7310.3  0.9690918326377868
7312.9  0.9701053500175476
7315.5  0.9726394414901733
7318.1  0.9770156145095825
7320.7  0.9823745489120483
7323.3  0.9868775606155395
7325.9  0.9890186786651611
7328.5  0.9888453483581542
7331.1  0.9877097606658935
7333.7  0.9868445992469787
7336.3  0.9863249063491821
7338.9  0.9852734804153442
7341.5  0.9827992916107177
7344.1  0.9787233471870422
7346.7  0.9736906886100769
7349.3  0.968820035457611
7351.9  0.965219497680664
7354.5  0.9636119604110717
7357.1  0.9641299247741699
7359.7  0.9662919044494628
7362.3  0.9693159461021423
7364.9  0.97260582447052
7367.5  0.9757765531539916
7370.1  0.9782810807228088
7372.7  0.9793855547904968
7375.3  0.9785592555999755
7377.9  0.9755998253822326
7380.5  0.9704642295837402
7383.1  0.963630199432373
7385.7  0.9569076299667358
7388.3  0.9532212018966674
7390.9  0.9545305967330932
7393.5  0.9597703218460083
7396.1  0.9655019044876098
7398.7  0.9688800573348999
7401.3  0.9696225523948669
7403.9  0.9692093729972839
7406.5  0.9687654376029968
7409.1  0.967940866947174
7411.7  0.9657412767410278
7414.3  0.9622463583946228
7416.9  0.9591060876846313
7419.5  0.9581548571586608
7422.1  0.9600728154182434
7424.7  0.9644844532012939
7427.3  0.9704397320747375
7429.9  0.976557970046997
7432.5  0.981497585773468
7435.1  0.9845800399780273
7437.7  0.9857378005981445
7440.3  0.9851135611534118
7442.9  0.9829906225204467
7445.5  0.9800066351890563
7448.1  0.9771219491958618
7450.7  0.9751003980636596
7453.3  0.973777949810028
7455.9  0.9720349907875061
7458.5  0.969028890132904
7461.1  0.9655825495719909
7463.7  0.9638062119483947
7466.3  0.9649544358253479
7468.9  0.9681297540664672
7471.5  0.9714829325675964
7474.1  0.9740929007530212
7476.7  0.9761767387390136
7479.3  0.9780755043029785
7481.9  0.9797483682632446
7484.5  0.9810921549797058
7487.1  0.9822684526443481
7489.7  0.9837053418159484
7492.3  0.9858790636062622
7494.9  0.9888480305671691
7497.5  0.9918904900550842
7500.1  0.993864357471466
7502.7  0.994148313999176
7505.3  0.9931763410568237
7507.9  0.9919577836990356
7510.5  0.9910825490951538
7513.1  0.9902003407478332
7515.7  0.9883432388305664
7518.3  0.9848175644874572
7520.9  0.9801740050315856
7523.5  0.9763282537460327
7526.1  0.9752160310745239
7528.7  0.9771382808685302
7531.3  0.9807010293006896
7533.9  0.9841493368148803
7536.5  0.9863141179084777
7539.1  0.9866865277290344
7541.7  0.9854535460472106
7544.3  0.983561098575592
7546.9  0.9821438789367675
7549.5  0.9815843701362609
7552.1  0.9813846349716186
7554.7  0.9810267090797424
7557.3  0.9805642962455749
7559.9  0.9801359176635742
7562.5  0.9793716073036193
7565.1  0.9778365492820739
7567.7  0.9759433269500732
7570.3  0.9749524593353271
7572.9  0.9758949875831604
7575.5  0.9786191582679748
7578.1  0.9813131690025329
7580.7  0.979677677154541
7583.3  0.9652451276779174
7585.9  0.9251512885093688
7588.5  0.8479508757591247
7591.1  0.7342607975006103
7593.7  0.6006210446357727
7596.3  0.4691635072231293
7598.9  0.35594442486763
7601.5  0.2721737027168274
7604.1  0.2299543023109436
7606.7  0.2396483868360519
7609.3  0.3040042519569397
7611.9  0.4151777029037476
7614.5  0.5513785481452941
7617.1  0.6781057715415954
7619.7  0.7630716562271118
7622.3  0.7951951026916503
7624.9  0.7873960137367248
7627.5  0.7614988684654235
7630.1  0.7316652536392211
7632.7  0.7010068297386169
7635.3  0.6715472936630249
7637.9  0.6541786789894104
7640.5  0.6645547747611999
7643.1  0.7069069147109985
7645.7  0.7661120891571044
7648.3  0.8199066519737243
7650.9  0.856406807899475
7653.5  0.877896249294281
7656.1  0.8923837542533874
7658.7  0.9054706692695617
7661.3  0.9184755682945251
7663.9  0.9307892322540283
7666.5  0.9422785639762878
7669.1  0.9535688161849975
7671.7  0.9647107124328613
7674.3  0.9744811654090881
7676.9  0.9806561470031738
7679.5  0.9803702235221862
7682.1  0.9710234403610229
7684.7  0.9530363082885742
7687.3  0.933032751083374
7689.9  0.9217939376831054
7692.5  0.9257035255432128
7695.1  0.9410182237625122
7697.7  0.9587282538414001
7700.3  0.973004400730133
7702.9  0.9825866818428039
7705.5  0.9870678186416625
7708.1  0.9860179424285888
7710.7  0.9812380671501159
7713.3  0.9768809080123901
7715.9  0.9762018322944641
7718.5  0.9788635373115539
7721.1  0.9819297790527343
7723.7  0.9832326769828796
7726.3  0.983294129371643
7728.9  0.9841343164443969
7731.5  0.986744225025177
7734.1  0.9899477958679199
7736.7  0.9914330244064331
7739.3  0.9895022511482238
7741.9  0.984060525894165
7744.5  0.976806104183197
7747.1  0.9708885550498962
7749.7  0.9695594310760498
7752.3  0.9739267826080322
7754.9  0.9818639755249023
7757.5  0.9896133542060852
7760.1  0.994264006614685
7762.7  0.9942868947982788
7765.3  0.9885808229446411
7767.9  0.9770246148109436
7770.5  0.9629424214363098
7773.1  0.9535130858421325
7775.7  0.9551922678947448
7778.3  0.9681570529937744
7780.9  0.9862772226333618
7783.5  1.002372264862061
7786.1  1.012606739997864
7788.7  1.016718626022339
7791.3  1.016054034233093
7793.9  1.012270092964172
7796.5  1.007288336753845
7799.1  1.003185987472534
7801.7  1.001135945320129
7804.3  1.000550150871277
7806.9  1.000071048736572
7809.5  0.999455988407135
7812.1  0.9997504949569702
7814.7  1.001616954803467
7817.3  1.004265189170837
7819.9  1.006200075149536
7822.5  1.006334900856018
7825.1  1.004276633262634
7827.7  1.000366091728211
7830.3  0.9959846138954162
7832.9  0.9932107925415039
7835.5  0.9932824373245239
7838.1  0.9953863024711608
7840.7  0.9973121285438537
7843.3  0.99722820520401
7845.9  0.994882583618164
7848.5  0.9916282892227172
7851.1  0.9894845485687255
7853.7  0.9897189736366271
7856.3  0.9920081496238708
7858.9  0.9950025081634521
7861.5  0.9976388812065124
7864.1  0.9997867941856384
7866.7  1.001861810684204
7869.3  1.004203319549561
7871.9  1.00687575340271
7874.5  1.009809851646423
7877.1  1.012959241867066
7879.7  1.016311883926392
7882.3  1.019665598869324
7884.9  1.022339582443237
7887.5  1.02325439453125
7890.1  1.021592974662781
7892.7  1.017637133598328
7895.3  1.013041973114014
7897.9  1.009989023208618
7900.5  1.009576797485352
7903.1  1.010925173759461
7905.7  1.012025952339172
7908.3  1.011449813842773
7910.9  1.009238123893738
7913.5  1.006446361541748
7916.1  1.004079580307007
7918.7  1.002273440361023
7921.3  1.00020706653595
7923.9  0.9968640804290771
7926.5  0.9921882152557373
7929.1  0.9875745177268981
7931.7  0.9848692417144775
7934.3  0.9844385385513305
7936.9  0.9843096733093261
7939.5  0.9819506406784057
7942.1  0.977350115776062
7944.7  0.9738004207611083
7947.3  0.9749200940132141
7949.9  0.9810144305229187
7952.5  0.9888464212417602
7955.1  0.994742214679718
7957.7  0.9974156618118286
7960.3  0.9981216788291931
7962.9  0.9988901019096374
7965.5  1.000846266746521
7968.1  1.003827810287476
7970.7  1.007106781005859
7973.3  1.010231971740723
7975.9  1.013305306434631
7978.5  1.016664743423462
7981.1  1.020378470420837
7983.7  1.023998737335205
7986.3  1.026726961135864
7988.9  1.027743935585022
7991.5  1.026543378829956
7994.1  1.023324847221375
7996.7  1.019135117530823
7999.3  1.015316367149353
8001.9  1.012647151947022
8004.5  1.01117205619812
8007.1  1.010732531547546
8009.7  1.011210799217224
8012.3  1.012281775474548
8014.9  1.013325929641724
8017.5  1.013669610023499
8020.1  1.012888550758362
8022.7  1.011149168014526
8025.3  1.009361863136292
8027.9  1.008718490600586
8030.5  1.009719371795654
8033.1  1.011588931083679
8035.7  1.012698888778687
8038.3  1.011610269546509
8040.9  1.007898926734924
8043.5  1.002406597137451
8046.1  0.9969722032546997
8048.7  0.9936510920524597
8051.3  0.9935827255249023
8053.9  0.996295690536499
8056.5  1.000173211097717
8059.1  1.003595471382141
8061.7  1.005643963813782
8064.3  1.006094813346863
8066.9  1.005302786827087
8069.5  1.004153847694397
8072.1  1.00367546081543
8074.7  1.004295706748963
8077.3  1.005590558052063
8079.9  1.006993055343628
8082.5  1.008617043495178
8085.1  1.011064767837524
8087.7  1.014398694038391
8090.3  1.017624974250793
8092.9  1.019470095634461
8095.5  1.019670844078064
8098.1  1.019275546073914
8100.7  1.01950478553772
8103.3  1.020367503166199
8105.9  1.020656585693359
8108.5  1.019396424293518
8111.1  1.017121195793152
8113.7  1.015504240989685
8116.3  1.015687108039856
8118.9  1.017177820205689
8121.5  1.018442869186401
8124.1  1.018296837806702
8126.7  1.016612648963928
8129.3  1.014109373092651
8131.9  1.011800527572632
8134.5  1.010425806045532
8137.1  1.010018348693848
8139.7  1.009936451911926
8142.3  1.00938093662262
8144.9  1.007868885993958
8147.5  1.005285024642944
8150.1  1.001780152320862
8152.7  0.9979193210601806
8155.3  0.9948753118515014
8157.9  0.993939995765686
8160.5  0.9953804612159729
8163.1  0.9977912902832031
8165.7  0.9987512230873107
8168.3  0.9958444833755493
8170.9  0.9873819947242736
8173.5  0.9735000729560852
8176.1  0.9574024081230163
8178.7  0.9442283511161804
8181.3  0.9373369812965393
8183.9  0.9364449381828308
8186.5  0.9400299787521362
8189.1  0.9477267265319824
8191.7  0.9591233134269714
8194.3  0.9722124338150024
8196.9  0.9848852157592773
8199.5  0.9966194033622741
8202.1  1.007238984107971
8204.7  1.01504647731781
8207.3  1.017489552497864
8209.9  1.013497710227966
8212.5  1.004818439483643
8215.1  0.9948833584785461
8217.7  0.9855801463127136
8220.3  0.9749974608421325
8222.9  0.9603062868118286
8225.5  0.9439142346382141
8228.1  0.9342741966247558
8230.7  0.9382256269454956
8233.3  0.9540047049522399
8235.9  0.9732796549797058
8238.5  0.9882672429084777
8241.1  0.9959349632263183
8243.7  0.9975495338439941
8246.3  0.9961108565330505
8248.9  0.9937063455581665
8251.5  0.9904259443283081
8254.1  0.9858269691467285
8256.7  0.9813687205314636
8259.3  0.9802780151367187
8261.9  0.9844005703926086
8264.5  0.9919854998588562
8267.1  0.9993126988410949
8269.7  1.003907561302185
8272.3  1.005789518356323
8274.9  1.006363034248352
8277.5  1.00671124458313
8280.1  1.006805181503296
8282.7  1.006139159202576
8285.3  1.004960775375366
8287.9  1.004503130912781
8290.5  1.005774140357971
8293.1  1.008530974388123
8295.7  1.011619091033936
8298.3  1.013934016227722
8300.9  1.01494038105011
8303.5  1.014828324317932
8306.1  1.014561653137207
8308.7  1.015511989593506
8311.3  1.018508195877075
8313.9  1.022931694984436
8316.5  1.026948213577271
8319.1  1.028856635093689
8321.7  1.028128981590271
8324.3  1.02528989315033
8326.9  1.021359205245972
8329.5  1.017401814460754
8332.1  1.013996720314026
8334.7  1.011071801185608
8337.3  1.008411765098572
8339.9  1.005987882614136
8342.5  1.003820896148682
8345.1  1.002303123474121
8347.7  1.002517580986023
8350.3  1.005214214324951
8352.9  1.009485483169556
8355.5  1.013298034667969
8358.1  1.015273451805115
8360.7  1.015408635139465
8363.3  1.014404058456421
8365.9  1.012924790382385
8368.5  1.011405110359192
8371.1  1.010097622871399
8373.7  1.009089469909668
8376.3  1.008273959159851
8378.9  1.007206320762634
8381.5  1.005167722702026
8384.1  1.00193989276886
8386.7  0.9987294077873229
8389.3  0.9976757764816284
8391.9  0.9998382329940795
8394.5  1.004048109054565
8397.1  1.008196592330933
8399.7  1.011166095733643
8402.3  1.013148665428162
8404.9  1.014652729034424
8407.5  1.015752673149109
8410.1  1.016160368919373
8412.7  1.015747547149658
8415.3  1.014972686767578
8417.9  1.014837741851807
8420.5  1.016265511512756
8423.1  1.019369006156921
8425.7  1.023090362548828
8428.3  1.025509119033814
8430.9  1.024921774864197
8433.5  1.021365284919739
8436.1  1.017178177833557
8438.7  1.015397906303406
8441.3  1.017307996749878
8443.9  1.021710634231567
8446.5  1.026340365409851
8449.1  1.029539704322815
8451.7  1.030773997306824
8454.3  1.030175089836121
8456.9  1.027909159660339
8459.5  1.023816585540772
8462.1  1.017617464065552
8464.7  1.009840369224548
8467.3  1.002690076828003
8469.9  0.9992812275886535
8472.5  1.001148819923401
8475.1  1.006738305091858
8477.7  1.012847781181336
8480.3  1.017222881317139
8482.9  1.019147872924805
8485.5  1.017846584320068
8488.1  1.010971903800964
8490.7  0.9954570531845092
8493.3  0.9712175726890563
8495.9  0.9448325037956237
8498.5  0.9278120398521423
8501.1  0.9284113049507141
8503.7  0.9447916746139526
8506.3  0.9671496152877807
8508.9  0.9858126640319824
8511.5  0.9967536330223083
8514.1  1.001368045806885
8516.7  1.003236055374146
8519.3  1.004962563514709
8521.9  1.006677627563477
8524.5  1.005886673927307
8527.1  0.9966893196105957
8529.7  0.9668568968772888
8532.3  0.8971283435821533
8534.9  0.7705944776535034
8537.5  0.5908930301666259
8540.1  0.3911472260951996
8542.7  0.2174926996231079
8545.3  0.09950309991836547
8547.9  0.03689447790384293
8550.5  0.01096524111926556
8553.1  0.002587796654552221
8555.7  4.772893444169313E-4
8558.3  6.289299199124798E-5
8560.9  0.
8563.5  0.
8566.1  0.
8568.7  0.
8571.3  0.
8573.9  0.
8576.5  0.
8579.1  0.
8581.7  0.
8584.3  0.
8586.9  0.
8589.5  0.
8592.1  0.
8594.7  0.
8597.3  0.
8599.9  0.
8602.5  0.
8605.1  0.
8607.7  0.
8610.3  0.
8612.9  0.
8615.5  0.
8618.1  0.
8620.7  0.
8623.3  0.
8625.9  0.
8628.5  0.
8631.1  0.
8633.7  0.
8636.3  0.
8638.9  0.
8641.5  4.694476956501603E-5
8644.1  3.579769108910114E-4
8646.7  0.001957781380042434
8649.3  0.008359131403267383
8651.9  0.02840058133006096
8654.5  0.07763335108757019
8657.1  0.1729098707437515
8659.7  0.3190470635890961
8662.3  0.4983331263065338
8664.9  0.676582396030426
8667.5  0.8228031992912292
8670.1  0.924170970916748
8672.7  0.985574722290039
8675.3  1.019808411598206
8677.9  1.038820266723633
8680.5  1.05007815361023
8683.1  1.056845188140869
8685.7  1.060132026672363
8688.3  1.06067419052124
8690.9  1.059698343276978
8693.5  1.058619856834412
8696.1  1.058488249778748
8698.7  1.05957305431366
8701.3  1.061052322387695
8703.9  1.0611732006073
8706.5  1.058295607566833
8709.1  1.052402973175049
8711.7  1.045669794082642
8714.3  1.041047215461731
8716.9  1.040047526359558
8719.5  1.041859865188599
8722.1  1.044202923774719
8724.7  1.044893980026245
8727.3  1.043086647987366
8729.9  1.039318084716797
8732.5  1.03448748588562
8735.1  1.029341459274292
8737.7  1.024653077125549
8740.3  1.020630598068237
8742.9  1.015977740287781
8745.5  1.008888959884644
8748.1  0.999774158000946
8750.7  0.9924496412277221
8753.3  0.99177086353302
8755.9  0.9997481703758239
8758.5  1.014039754867554
8761.1  1.029874324798584
8763.7  1.042970061302185
8766.3  1.051177859306336
8768.9  1.054674744606018
8771.5  1.055323958396912
8774.1  1.055310606956482
8776.7  1.055622816085815
8779.3  1.055864572525024
8781.9  1.055615186691284
8784.5  1.055251717567444
8787.1  1.055284976959229
8789.7  1.055919170379639
8792.3  1.057602405548096
8794.9  1.060663819313049
8797.5  1.063426494598389
8800.1  1.061993837356567
8802.7  1.054076790809631
8805.3  1.043270707130432
8807.9  1.037523627281189
8810.5  1.041804313659668
8813.1  1.053264498710632
8815.7  1.064528465270996
8818.3  1.070412516593933
8820.9  1.070713043212891
8823.5  1.068341493606567
8826.1  1.066323757171631
8828.7  1.065810322761536
8831.3  1.065828561782837
8833.9  1.06485378742218
8836.5  1.062652230262756
8839.1  1.060310006141663
8841.7  1.05862557888031
8844.3  1.056997418403625
8846.9  1.053966164588928
8849.5  1.048306107521057
8852.1  1.039335489273071
8854.7  1.026763558387756
8857.3  1.011120438575745
8859.9  0.9948254227638244
8862.5  0.9824748039245605
8865.1  0.9789187312126159
8867.7  0.9859227538108825
8870.3  1.000563740730286
8872.9  1.017350077629089
8875.5  1.031909108161926
8878.1  1.042666435241699
8880.7  1.049981713294983
8883.3  1.054735898971558
8885.9  1.057599902153015
8888.5  1.058990478515625
8891.1  1.059574604034424
8893.7  1.060552477836609
8896.3  1.062904238700867
8898.9  1.066371202468872
8901.5  1.06958544254303
8904.1  1.07106363773346
8906.7  1.069860100746155
8909.3  1.065913796424866
8911.9  1.060586810112
8914.5  1.05649471282959
8917.1  1.055683970451355
8919.7  1.057781457901001
8922.3  1.060732841491699
8924.9  1.063385367393494
8927.5  1.0664963722229
8930.1  1.071109414100647
8932.7  1.076737761497498
8935.3  1.081361532211304
8937.9  1.082668304443359
8940.5  1.07931661605835
8943.1  1.07201886177063
8945.7  1.063979506492615
8948.3  1.059416294097901
8950.9  1.060448288917542
8953.5  1.065400242805481
8956.1  1.070566892623901
8958.7  1.073251605033875
8961.3  1.072791337966919
8963.9  1.06945013999939
8966.5  1.063445329666138
8969.1  1.055389523506165
8971.7  1.046753287315369
8974.3  1.038467526435852
8976.9  1.027825355529785
8979.5  1.008342146873474
8982.1  0.9770606160163879
8984.7  0.9435541629791259
8987.3  0.9264283776283264
8989.9  0.9355344772338867
8992.5  0.9606086611747741
8995.1  0.9821880459785461
8997.7  0.9907819032669067
9000.3  0.9909530282020568
9002.9  0.989671766757965
9005.5  0.9867405891418457
9008.1  0.9777102470397949
9010.7  0.9624730944633483
9013.3  0.9482032656669616
9015.9  0.9440628886222839
9018.5  0.9536600708961486
9021.1  0.9729413986206054
9023.7  0.9947652220726013
9026.3  1.014339447021484
9028.9  1.030248284339905
9031.5  1.042075634002686
9034.1  1.048879623413086
9036.7  1.049860000610352
9039.3  1.045651435852051
9041.9  1.038708806037903
9044.5  1.032551169395447
9047.1  1.029940724372864
9049.7  1.030310988426209
9052.3  1.028691530227661
9054.9  1.019513010978699
9057.5  1.003919959068298
9060.1  0.9921584725379943
9062.7  0.9953246712684631
9065.3  1.014050722122192
9067.9  1.037229776382446
9070.5  1.051084637641907
9073.1  1.047960877418518
9075.7  1.02956759929657
9078.3  1.006229043006897
9080.9  0.9914274215698242
9083.5  0.9921711087226867
9086.1  1.003643989562988
9088.7  1.014742493629456
9091.3  1.018632054328919
9093.9  1.017635822296143
9096.5  1.01870334148407
9099.1  1.025225520133972
9101.7  1.034328937530518
9104.3  1.041621208190918
9106.9  1.045937061309814
9109.5  1.048604726791382
9112.1  1.050472617149353
9114.7  1.051227450370789
9117.3  1.049957633018494
9119.9  1.04425036907196
9122.5  1.029876232147217
9125.1  1.005158424377441
9127.7  0.9771865010261535
9130.3  0.9601460695266723
9132.9  0.9637788534164428
9135.5  0.9847693443298339
9138.1  1.011107444763184
9140.7  1.032580018043518
9143.3  1.045839190483093
9145.9  1.05258584022522
9148.5  1.055879831314087
9151.1  1.057946920394897
9153.7  1.059872627258301
9156.3  1.062086820602417
9158.9  1.064565181732178
9161.5  1.06656014919281
9164.1  1.066642045974731
9166.7  1.062552213668823
9169.3  1.050688743591309
9171.9  1.025368571281433
9174.5  0.9806750416755676
9177.1  0.918711245059967
9179.7  0.8591921329498291
9182.3  0.833333134651184
9184.9  0.8580911755561828
9187.5  0.918511688709259
9190.1  0.9819469451904296
9192.7  1.026013374328613
9195.3  1.048588871955872
9197.9  1.05757749080658
9200.5  1.059261083602905
9203.1  1.055613160133362
9205.7  1.047197341918945
9208.3  1.035674333572388
9210.9  1.024075627326965
9213.5  1.015202641487122
9216.1  1.009628772735596
9218.7  1.004515647888184
9221.3  0.9948570728302001
9223.9  0.9775359630584716
9226.5  0.9555808901786804
9229.1  0.9378100633621215
9231.7  0.9325347542762756
9234.3  0.9413310289382934
9236.9  0.9593259096145629
9239.5  0.9802169203758239
9242.1  0.9997573494911193
9244.7  1.015655040740967
9247.3  1.026276350021362
9249.9  1.030277371406555
9252.5  1.027732849121094
9255.1  1.021656751632691
9257.7  1.017497301101685
9260.3  1.01975154876709
9262.9  1.028345584869385
9265.5  1.03823184967041
9268.1  1.042111158370972
9270.7  1.034205913543701
9273.3  1.014429569244385
9275.9  0.9911420345306396
9278.5  0.9772320985794067
9281.1  0.9795449376106262
9283.7  0.9924434423446655
9286.3  1.00361168384552
9288.9  1.005554795265198
9291.5  1.001234889030457
9294.1  0.9998157620429992
9296.7  1.007083415985108
9299.3  1.019517540931702
9301.9  1.027429223060608
9304.5  1.022329926490784
9307.1  1.000820517539978
9309.7  0.9638505578041076
9312.3  0.9135539531707763
9314.9  0.8493525385856628
9317.5  0.769802987575531
9320.1  0.6846525073051452
9322.7  0.6201928257942199
9325.3  0.5982208847999572
9327.9  0.6109042167663574
9330.5  0.6321974396705627
9333.1  0.6517766118049621
9335.7  0.6803963184356689
9338.3  0.7243653535842895
9340.9  0.7731277346611022
9343.5  0.8111141920089721
9346.1  0.827910840511322
9348.7  0.8207549452781677
9351.3  0.8009155988693237
9353.9  0.7924093008041381
9356.5  0.8102992177009582
9359.1  0.8433929681777954
9361.7  0.8678123354911804
9364.3  0.8720194697380065
9366.9  0.8597981333732604
9369.5  0.8361904025077819
9372.1  0.8045607805252075
9374.7  0.778019368648529
9377.3  0.7798113226890563
9379.9  0.8220407366752624
9382.5  0.8899157643318176
9385.1  0.9549145698547363
9387.7  0.9990831613540649
9390.3  1.021384596824646
9392.9  1.027401089668274
9395.5  1.021000981330872
9398.1  1.004763245582581
9400.7  0.9829365015029907
9403.3  0.9611588716506958
9405.9  0.9427722692489624
9408.5  0.9260460138320922
9411.1  0.9052413702011108
9413.7  0.8741989731788635
9416.3  0.8304136395454406
9418.9  0.7796153426170349
9421.5  0.7375560402870178
9424.1  0.7232008576393127
9426.7  0.7448000311851501
9429.3  0.7905738353729248
9431.9  0.835988700389862
9434.5  0.8642821311950683
9437.1  0.8791812062263488
9439.7  0.8950839638710021
9442.3  0.9183263182640075
9444.9  0.9421175718307495
9447.5  0.956608772277832
9450.1  0.9570545554161071
9452.7  0.940757930278778
9455.3  0.9015096426010131
9457.9  0.8320613503456115
9460.5  0.7355102896690368
9463.1  0.6367247104644775
9465.7  0.5783905982971191
9468.3  0.5922332406044006
9470.9  0.6661323308944702
9473.5  0.7483521103858947
9476.1  0.7933918833732604
9478.7  0.8009552955627441
9481.3  0.805687129497528
9483.9  0.8328673839569091
9486.5  0.8715737462043762
9489.1  0.8918593525886535
9491.7  0.8804900050163269
9494.3  0.855327546596527
9496.9  0.8471727967262268
9499.5  0.871263563632965
9502.1  0.9171305894851684
9504.7  0.9625343084335327
9507.3  0.9920286536216735
9509.9  1.002759695053101
9512.5  0.9989172220230102
9515.1  0.9853863716125488
9517.7  0.9641167521476745
9520.3  0.9335066080093383
9522.9  0.8933938741683959
9525.5  0.8528226613998413
9528.1  0.8277984261512756
9530.7  0.8256577253341674
9533.3  0.8343034386634826
9535.9  0.8317748308181762
9538.5  0.8060548901557922
9541.1  0.766115128993988
9543.7  0.7348396182060241
9546.3  0.7283703088760375
9548.9  0.7426629066467285
9551.5  0.7638567686080932
9554.1  0.7867259383201599
9556.7  0.8152901530265808
9559.3  0.8502259850502014
9561.9  0.8859819173812866
9564.5  0.9184769988059997
9567.1  0.9476971626281738
9569.7  0.9732012152671813
9572.3  0.9923723936080932
9574.9  1.0030677318573
9577.5  1.005512952804566
9580.1  1.001826047897339
9582.7  0.9952098727226257
9585.3  0.9894018173217773
9587.9  0.9872133731842041
9590.5  0.9883226752281188
9593.1  0.9893673658370971
9595.7  0.9876604676246643
9598.3  0.983589231967926
9600.9  0.9764962792396545
9603.5  0.9565097093582153
9606.1  0.9025794863700866
9608.7  0.7959998846054077
9611.3  0.6458612084388732
9613.9  0.5025116801261901
9616.5  0.4338630139827728
9619.1  0.4759348630905151
9621.7  0.6045390963554382
9624.3  0.7564184665679931
9626.9  0.875052273273468
9629.5  0.9375165700912475
9632.1  0.9506444334983825
9634.7  0.9350359439849853
9637.3  0.9123329520225524
9639.9  0.8977187871932983
9642.5  0.8980458974838256
9645.1  0.9139975309371948
9647.7  0.9409170150756835
9650.3  0.9685935378074645
9652.9  0.9862303733825683
9655.5  0.9903628230094909
9658.1  0.9869464635848999
9660.7  0.98542982339859
9663.3  0.9909901618957519
9665.9  1.001798868179321
9668.5  1.012534618377686
9671.1  1.019356489181519
9673.7  1.021682024002075
9676.3  1.020963668823242
9678.9  1.019102811813355
9681.5  1.017199158668518
9684.1  1.014793395996094
9686.7  1.010571837425232
9689.3  1.004344701766968
9691.9  0.997963547706604
9694.5  0.994028627872467
9697.1  0.9940323829650878
9699.7  0.9977892041206359
9702.3  1.003944754600525
9704.9  1.010621786117554
9707.5  1.016067504882812
9710.1  1.019384384155273
9712.7  1.020865440368652
9715.3  1.021416187286377
9717.9  1.021472096443176
9720.5  1.02059018611908
9723.1  1.017970323562622
9725.7  1.012754797935486
9728.3  1.004069089889526
9730.9  0.9921735525131225
9733.5  0.980085551738739
9736.1  0.9723986983299255
9738.7  0.970584213733673
9741.3  0.9704497456550598
9743.9  0.9665681719779968
9746.5  0.9590287208557128
9749.1  0.9527900218963623
9751.7  0.9482600688934326
9754.3  0.9324125051498413
9756.9  0.8803818225860595
9759.5  0.7707292437553405
9762.1  0.6083201766014099
9764.7  0.4372255504131317
9767.3  0.324764609336853
9769.9  0.3216263055801392
9772.5  0.4286452829837799
9775.1  0.5971016883850097
9777.7  0.7616820931434631
9780.3  0.8784267306327819
9782.9  0.9387909173965454
9785.5  0.9578615427017211
9788.1  0.9568514823913574
9790.7  0.9528141021728515
9793.3  0.9543476700782775
9795.9  0.9615261554718017
9798.5  0.970759093761444
9801.1  0.9801166057586669
9803.7  0.989650011062622
9806.3  0.9987388849258422
9808.9  1.005462408065796
9811.5  1.008367538452148
9814.1  1.00752592086792
9816.7  1.003914475440979
9819.3  0.998751938343048
9821.9  0.9936529397964477
9824.5  0.9905337691307067
9827.1  0.9903792738914489
9829.7  0.9922403693199157
9832.3  0.994183599948883
9834.9  0.995165467262268
9837.5  0.9953190088272094
9840.1  0.994712471961975
9842.7  0.9928387999534606
9845.3  0.9894244074821472
9847.9  0.9849608540534973
9850.5  0.9803171753883361
9853.1  0.9762737154960632
9855.7  0.9733356833457946
9858.3  0.9715499877929687
9860.9  0.9705859422683715
9863.5  0.970172643661499
9866.1  0.970249056816101
9868.7  0.9706885814666748
9871.3  0.9712523221969604
9873.9  0.9718445539474487
9876.5  0.9724367260932922
9879.1  0.9725829362869262
9881.7  0.9711188673973083
9884.3  0.9667232036590576
9886.9  0.9594507813453674
9889.5  0.9519867300987243
9892.1  0.9485138058662414
9894.7  0.9513785243034362
9897.3  0.9590696096420288
9899.9  0.9677484631538391
9902.5  0.9741237759590148
9905.1  0.9766565561294555
9907.7  0.97438246011734
9910.3  0.9640355706214904
9912.9  0.936034619808197
9915.5  0.8734138011932373
9918.1  0.7616009712219238
9920.7  0.6094557642936706
9923.3  0.461957573890686
9925.9  0.3810221254825592
9928.5  0.4028579890727997
9931.1  0.5119351744651794
9933.7  0.656323492527008
9936.3  0.7855347394943237
9938.9  0.8754358291625976
9941.5  0.9270942211151123
9944.1  0.9524866938591003
9946.7  0.9634236693382263
9949.3  0.9680520892143249
9951.9  0.9709445834159851
9954.5  0.973447561264038
9957.1  0.974737524986267
9959.7  0.9737861156463623
9962.3  0.9708822965621948
9964.9  0.9675114750862121
9967.5  0.9652193784713745
9970.1  0.9645664691925048
9972.7  0.9647436738014221
9975.3  0.9641904830932617
9977.9  0.9618818163871765
9980.5  0.9580053091049194
9983.1  0.9526799917221069
9985.7  0.9427157044410705
9988.3  0.917279303073883
9990.9  0.8567030429840087
9993.5  0.7418524622917175
9996.1  0.5733080506324768
