3501.3  0.2054419070482254
3503.9  0.2653821706771851
3506.5  0.3056890666484833
3509.1  0.3261352181434631
3511.7  0.3338243067264557
3514.3  0.3361225724220276
3516.9  0.3368204236030579
3519.5  0.3367147147655487
3522.1  0.3359923660755158
3524.7  0.3355874121189117
3527.3  0.3366541862487793
3529.9  0.3394030928611755
3532.5  0.3429683446884155
3535.1  0.3462999165058136
3537.7  0.3488862216472626
3540.3  0.3507427871227264
3542.9  0.3520887792110443
3545.5  0.3530628383159638
3548.1  0.3535498380661011
3550.7  0.3533090054988861
3553.3  0.3523995280265808
3555.9  0.3512501120567322
3558.5  0.3500240445137024
3561.1  0.3481383919715881
3563.7  0.3448943793773651
3566.3  0.3405525088310242
3568.9  0.3363611102104187
3571.5  0.3334511816501617
3574.1  0.3319218158721924
3576.7  0.3309594690799713
3579.3  0.3297233879566193
3581.9  0.3282744884490967
3584.5  0.3277636170387268
3587.1  0.3295357823371887
3589.7  0.3338022828102112
3592.3  0.3391496241092682
3594.9  0.3434439301490784
3597.5  0.3452374339103699
3600.1  0.3444713652133942
3602.7  0.3421889841556549
3605.3  0.3397679924964905
3607.9  0.3382208049297333
3610.5  0.3379269242286682
3613.1  0.3387859165668488
3615.7  0.3405328094959259
3618.3  0.3429465293884277
3620.9  0.3456646800041199
3623.5  0.3478458821773529
3626.1  0.3485512733459473
3628.7  0.347870945930481
3631.3  0.3472283184528351
3633.9  0.347922295331955
3636.5  0.3495953977108002
3639.1  0.3507444858551025
3641.7  0.3505751490592957
3644.3  0.3498150408267975
3646.9  0.3498331606388092
3649.5  0.3514030575752258
3652.1  0.3542432487010956
3654.7  0.3573802709579468
3657.3  0.3599205315113068
3659.9  0.3616615831851959
3662.5  0.3629827797412872
3665.1  0.3641866147518158
3667.7  0.3650175631046295
3670.3  0.3647575676441193
3672.9  0.362768292427063
3675.5  0.3591427206993103
3678.1  0.3549335300922394
3680.7  0.3516221046447754
3683.3  0.3503561615943909
3685.9  0.3516266942024231
3688.5  0.355218768119812
3691.1  0.3601642847061157
3693.7  0.364930272102356
3696.3  0.3678795397281647
3698.9  0.3678503632545471
3701.5  0.3648879826068878
3704.1  0.3607600629329681
3706.7  0.3583676517009735
3709.3  0.3600888252258301
3711.9  0.3660102486610413
3714.5  0.3733704686164856
3717.1  0.378736287355423
3719.7  0.3818637728691101
3722.3  0.3859634399414063
3724.9  0.3924363255500794
3727.5  0.3973998725414276
3730.1  0.3966253101825714
3732.7  0.3929135799407959
3735.3  0.394514262676239
3737.9  0.4048646688461304
3740.5  0.4167428910732269
3743.1  0.4193491339683533
3745.7  0.4107562005519867
3748.3  0.4015438258647919
3750.9  0.40544393658638
3753.5  0.4266407489776611
3756.1  0.4561941921710968
3758.7  0.4794237613677979
3761.3  0.4854871034622192
3763.9  0.4724531471729279
3766.5  0.4485912919044495
3769.1  0.4302741587162018
3771.7  0.4341548979282379
3774.3  0.4664588272571564
3776.9  0.5182722806930541
3779.5  0.5711433887481689
3782.1  0.6074410676956176
3784.7  0.6173580884933471
3787.3  0.5997653007507324
3789.9  0.5600115656852722
3792.5  0.5090689063072204
3795.1  0.463735818862915
3797.7  0.4425754249095917
3800.3  0.4563124477863312
3802.9  0.5008302330970764
3805.5  0.5604183673858642
3808.1  0.6179120540618896
3810.7  0.6624743342399597
3813.3  0.6906693577766418
3815.9  0.7028608322143554
3818.5  0.6992585062980651
3821.1  0.6788759231567382
3823.7  0.6412075757980346
3826.3  0.5884137749671936
3828.9  0.5271887779235839
3831.5  0.4700114727020264
3834.1  0.4333789944648743
3836.7  0.4310890734195709
3839.3  0.4661273658275604
3841.9  0.5285754799842834
3844.5  0.6019069552421569
3847.1  0.6716011762619018
3849.7  0.7292369604110717
3852.3  0.7718338370323181
3854.9  0.8003895282745361
3857.5  0.818871259689331
3860.1  0.8319117426872253
3862.7  0.8413259387016296
3865.3  0.8446260094642639
3867.9  0.8372365236282348
3870.5  0.8162128925323486
3873.1  0.7818385958671569
3875.7  0.7359747886657714
3878.3  0.6797258257865905
3880.9  0.6142252683639526
3883.5  0.5451959371566772
3886.1  0.4863705635070801
3888.7  0.4552960693836212
3891.3  0.46247398853302
3893.9  0.5039173364639282
3896.5  0.5647164583206176
3899.1  0.6293797492980957
3901.7  0.6892119646072387
3904.3  0.7423207163810729
3906.9  0.7890054583549499
3909.5  0.8278582692146301
3912.1  0.856299877166748
3914.7  0.8739221096038818
3917.3  0.8830044865608215
3919.9  0.8840935826301574
3922.5  0.871633768081665
3925.1  0.836586058139801
3927.7  0.7773233652114868
3930.3  0.7101168036460876
3932.9  0.665269911289215
3935.5  0.6660759449005126
3938.1  0.7091440558433532
3940.7  0.7675083875656127
3943.3  0.8127257227897644
3945.9  0.8320863842964172
3948.5  0.8279891610145568
3951.1  0.8076354265213012
3953.7  0.7754204869270324
3956.3  0.7314651608467102
3958.9  0.6737304925918579
3961.5  0.6021602749824523
3964.1  0.5240712761878967
3966.7  0.4568556249141693
3969.3  0.4223040342330933
3971.9  0.4336685240268707
3974.5  0.4864934980869293
3977.1  0.5624270439147949
3979.7  0.6416919827461242
3982.3  0.7125212550163269
3984.9  0.7720547914505004
3987.5  0.8218104839324951
3990.1  0.8632125854492187
3992.7  0.8963186144828796
3995.3  0.9212286472320556
3997.9  0.9393625259399414
4000.5  0.9530946612358093
4003.1  0.9649800062179565
4005.7  0.9772385954856872
4008.3  0.9908304214477539
4010.9  1.004964113235474
4013.5  1.018115162849426
4016.1  1.029098272323608
4018.7  1.036872148513794
4021.3  1.040229439735413
4023.9  1.038430690765381
4026.5  1.03227972984314
4029.1  1.024736523628235
4031.7  1.019971966743469
4034.3  1.020401477813721
4036.9  1.024207711219788
4039.5  1.026875495910645
4042.1  1.025557518005371
4044.7  1.021047472953796
4047.3  1.015291452407837
4049.9  1.008495211601257
4052.5  0.9997384548187255
4055.1  0.9892918467521667
4057.7  0.9786295890808105
4060.3  0.9684494137763977
4062.9  0.9579327702522277
4065.5  0.9458401799201965
4068.1  0.9314212799072265
4070.7  0.9144681692123413
4073.3  0.8953683972358703
4075.9  0.8751604557037353
4078.5  0.8547109961509704
4081.1  0.8332934379577636
4083.7  0.8082193136215209
4086.3  0.775899589061737
4088.9  0.7330310940742492
4091.5  0.6777005195617675
4094.1  0.6116814613342285
4096.7  0.5435975790023803
4099.3  0.4892877042293549
4101.9  0.4658092558383942
4104.5  0.481435090303421
4107.1  0.5302343964576721
4109.7  0.5965598225593566
4112.3  0.6646017432212829
4114.9  0.7246001362800598
4117.5  0.7732478976249694
4120.1  0.8112559914588928
4122.7  0.8408918976783752
4125.3  0.8646662235260009
4127.9  0.8851813673973083
4130.5  0.9050924181938171
4133.1  0.9259533286094665
4135.7  0.9467872977256774
4138.3  0.9645913839340209
4140.9  0.977080762386322
4143.5  0.9846218228340148
4146.1  0.9890443086624145
4148.7  0.9915294647216796
4151.3  0.9927076697349548
4153.9  0.9939636588096618
4156.5  0.9970106482505798
4159.1  1.002016305923462
4161.7  1.006912708282471
4164.3  1.008722543716431
4166.9  1.005546569824219
4169.5  0.9979703426361083
4172.1  0.9892133474349975
4174.7  0.98335462808609
4177.3  0.9826171398162841
4179.9  0.9863807559013366
4182.5  0.9927883744239807
4185.1  1.000586986541748
4187.7  1.008968830108643
4190.3  1.016354084014893
4192.9  1.020730018615723
4195.5  1.021758198738098
4198.1  1.021738171577454
4200.7  1.023715138435364
4203.3  1.0287926197052
4205.9  1.03533399105072
4208.5  1.040232181549072
4211.1  1.040881752967835
4213.7  1.036612749099732
4216.3  1.02863073348999
4218.9  1.018720865249634
4221.5  1.008691072463989
4224.1  1.001069188117981
4226.7  0.9984475374221801
4229.3  1.000779867172241
4231.9  1.004882454872131
4234.5  1.007859110832214
4237.1  1.00951623916626
4239.7  1.010543942451477
4242.3  1.010364055633545
4244.9  1.00835919380188
4247.5  1.00594162940979
4250.1  1.005485773086548
4252.7  1.007481575012207
4255.3  1.010292887687683
4257.9  1.01256537437439
4260.5  1.014216780662537
4263.1  1.014829158782959
4265.7  1.012995004653931
4268.3  1.008536338806152
4270.9  1.004173278808594
4273.5  1.003228425979614
4276.1  1.005745887756348
4278.7  1.007884979248047
4281.3  1.005305171012878
4283.9  0.9966750741004943
4286.5  0.9840595126152038
4289.1  0.9705116748809814
4291.7  0.9573034048080444
4294.3  0.9434703588485717
4296.9  0.9283446073532104
4299.5  0.9139485955238342
4302.1  0.9036361575126647
4304.7  0.8983457088470458
4307.3  0.8952577710151672
4309.9  0.8902103304862976
4312.5  0.8807846903800964
4315.1  0.8669556379318237
4317.7  0.8493231534957885
4320.3  0.8274112939834594
4322.9  0.7998842000961303
4325.5  0.7653810977935791
4328.1  0.7223222255706787
4330.7  0.6690301299095153
4333.3  0.6065952777862548
4335.9  0.5432287454605102
4338.5  0.494747132062912
4341.1  0.4773788750171661
4343.7  0.4971390664577484
4346.3  0.5458796024322509
4348.9  0.608174979686737
4351.5  0.671354055404663
4354.1  0.7293375134468078
4356.7  0.7801027297973632
4359.3  0.8225525021553039
4361.9  0.8558124899864196
4364.5  0.8799367547035217
4367.1  0.8964846730232238
4369.7  0.9082440733909606
4372.3  0.9180296063423156
4374.9  0.9271199703216552
4377.5  0.9346112012863159
4380.1  0.9390250444412231
4382.7  0.9411375522613525
4385.3  0.944212794303894
4387.9  0.9505999684333801
4390.5  0.9591434001922607
4393.1  0.9669057726860046
4395.7  0.9724738597869873
4398.3  0.9767294526100158
4400.9  0.9811564087867736
4403.5  0.9861789345741271
4406.1  0.9907084107398986
4408.7  0.9928647875785827
4411.3  0.9915764927864074
4413.9  0.9881661534309387
4416.5  0.9860520958900451
4419.1  0.987972617149353
4421.7  0.9934842586517333
4424.3  0.9996943473815917
4426.9  1.003966569900513
4429.5  1.005550026893616
4432.1  1.00529158115387
4434.7  1.004276990890503
4437.3  1.002610802650452
4439.9  0.9998267292976379
4442.5  0.996490478515625
4445.1  0.9941233992576599
4447.7  0.9930202364921569
4450.3  0.9914698004722595
4452.9  0.987869381904602
4455.5  0.9825987219810485
4458.1  0.9771223664283752
4460.7  0.9722266197204589
4463.3  0.9682192206382751
4465.9  0.9661316275596618
4468.5  0.9670562148094177
4471.1  0.9697381258010864
4473.7  0.970212697982788
4476.3  0.9656307697296142
4478.9  0.9584239721298217
4481.5  0.954885184764862
4484.1  0.95886892080307
4486.7  0.9683834314346313
4489.3  0.9790108799934387
4491.9  0.9883902668952941
4494.5  0.9961535334587097
4497.1  1.001785635948181
4499.7  1.004576802253723
4502.3  1.004869103431702
4504.9  1.00397002696991
4507.5  1.002905607223511
4510.1  1.001790881156921
4512.7  1.000138401985169
4515.3  0.9974554181098937
4517.9  0.9935978651046752
4520.5  0.9888617992401123
4523.1  0.9838958978652954
4525.7  0.9795506596565246
4528.3  0.9769331812858581
4530.9  0.9774515032768249
4533.5  0.9819644093513488
4536.1  0.9892725348472595
4538.7  0.9957286119461059
4541.3  0.9970972537994384
4543.9  0.9913845062255859
4546.5  0.980430781841278
4549.1  0.9690309762954711
4551.7  0.9620745778083801
4554.3  0.9619309306144714
4556.9  0.967880368232727
4559.5  0.9771921634674072
4562.1  0.9867036342620849
4564.7  0.9941546320915222
4567.3  0.9985829591751098
4569.9  0.9998719096183776
4572.5  0.9982008934020996
4575.1  0.9937158823013305
4577.7  0.9867694377899169
4580.3  0.9788494706153869
4582.9  0.9728245735168457
4585.5  0.9712318181991577
4588.1  0.9742452502250671
4590.7  0.9797707200050354
4593.3  0.9853489995002746
4595.9  0.9896146059036254
4598.5  0.9924062490463256
4601.1  0.9942272901535034
4603.7  0.9956109523773193
4606.3  0.9965667128562927
4608.9  0.9964274168014526
4611.5  0.9944173097610473
4614.1  0.9906131625175476
4616.7  0.9863781332969665
4619.3  0.9834195375442504
4621.9  0.9821443557739257
4624.5  0.9812987446784973
4627.1  0.9795261025428771
4629.7  0.9768176674842834
4632.3  0.9741456508636474
4634.9  0.9722020030021667
4637.5  0.9708166122436523
4640.1  0.9693228602409362
4642.7  0.9673780798912048
4645.3  0.9655522108078002
4647.9  0.9649044871330261
4650.5  0.9658626914024353
4653.1  0.9677850008010864
4655.7  0.9695672988891601
4658.3  0.9702044129371643
4660.9  0.9689699411392211
4663.5  0.96602463722229
4666.1  0.9630736708641052
4668.7  0.9625613689422607
4671.3  0.965615689754486
4673.9  0.9710410237312316
4676.5  0.9765548706054687
4679.1  0.9806512594223022
4681.7  0.983073353767395
4684.3  0.9840908646583557
4686.9  0.9840067028999328
4689.5  0.9831790328025817
4692.1  0.9818761348724365
4694.7  0.9800114035606384
4697.3  0.9774901866912841
4699.9  0.9750176668167114
4702.5  0.9741742610931396
4705.1  0.9762765765190124
4707.7  0.981269896030426
4710.3  0.9879083037376403
4712.9  0.9948368668556213
4715.5  1.00127637386322
4718.1  1.006761908531189
4720.7  1.010564684867859
4723.3  1.011768460273743
4725.9  1.010081171989441
4728.5  1.006441235542297
4731.1  1.002615809440613
4733.7  1.000176906585693
4736.3  0.9998552203178405
4738.9  1.001521825790405
4741.5  1.004426121711731
4744.1  1.00758695602417
4746.7  1.010266780853271
4749.3  1.012172102928162
4751.9  1.013237833976746
4754.5  1.013327836990357
4757.1  1.01221239566803
4759.7  1.009937524795532
4762.3  1.007236838340759
4764.9  1.00529420375824
4767.5  1.004876136779785
4770.1  1.005801200866699
4772.7  1.007194995880127
4775.3  1.007986903190613
4777.9  1.007339477539063
4780.5  1.005117893218994
4783.1  1.002100110054016
4785.7  0.9995635151863098
4788.3  0.998477280139923
4790.9  0.9988265633583068
4793.5  0.9995198249816894
4796.1  0.9991061091423034
4798.7  0.996849238872528
4801.3  0.9932237267494201
4803.9  0.989459216594696
4806.5  0.9866270422935485
4809.1  0.9849345088005065
4811.7  0.9835904836654663
4814.3  0.9811903238296508
4816.9  0.9763658642768859
4819.5  0.9685341119766235
4822.1  0.9583538770675659
4824.7  0.9471766948699951
4827.3  0.9356909394264221
4829.9  0.923293650150299
4832.5  0.9089389443397521
4835.1  0.8921490907669067
4837.7  0.8728843927383422
4840.3  0.8507389426231384
4842.9  0.8245659470558166
4845.5  0.7927080392837524
4848.1  0.7533581852912902
4850.7  0.7050519585609436
4853.3  0.6482976675033569
4855.9  0.5886148810386657
4858.5  0.5382502079010009
4861.1  0.5123111009597778
4863.7  0.5197594165802001
4866.3  0.5569533109664916
4868.9  0.6105586886405944
4871.5  0.6667020320892333
4874.1  0.7173282504081726
4876.7  0.7599642276763916
4879.3  0.7945238947868347
4881.9  0.8214730620384216
4884.5  0.8419625163078308
4887.1  0.8582422137260437
4889.7  0.8731042742729187
4892.3  0.8884559869766235
4894.9  0.9042118191719055
4897.5  0.9187573790550231
4900.1  0.9306404590606689
4902.7  0.9395744204521179
4905.3  0.9459862112998962
4907.9  0.9502549767494201
4910.5  0.9524149894714355
4913.1  0.9521119594573974
4915.7  0.9492043256759643
4918.3  0.9451487064361572
4920.9  0.9432461857795715
4923.5  0.9461795687675476
4926.1  0.9531941413879394
4928.7  0.960606575012207
4931.3  0.9653621315956115
4933.9  0.9675845503807067
4936.5  0.9696201682090759
4939.1  0.973322570323944
4941.7  0.9785386323928833
4944.3  0.9836890697479248
4946.9  0.9871515035629272
4949.5  0.9881365299224853
4952.1  0.9870422482490539
4954.7  0.9855730533599853
4957.3  0.9859429001808166
4959.9  0.9890502095222473
4962.5  0.9936369657516479
4965.1  0.9978145360946655
4967.7  1.000945925712586
4970.3  1.003345012664795
4972.9  1.004615545272827
4975.5  1.003316521644592
4978.1  0.9987450242042541
4980.7  0.9927454590797424
4983.3  0.9890012145042419
4985.9  0.990017294883728
4988.5  0.9950106143951416
4991.1  1.000853896141052
4993.7  1.004436850547791
4996.3  1.004055500030518
4998.9  0.9997897148132324
5001.5  0.9934297204017639
5004.1  0.9874387383460998
5006.7  0.983115017414093
5009.3  0.9796351194381713
5011.9  0.9753106236457824
5014.5  0.970080554485321
5017.1  0.9665529727935791
5019.7  0.967985987663269
5022.3  0.975023329257965
5024.9  0.9847686886787414
5027.5  0.9931035041809082
5030.1  0.9973958730697631
5032.7  0.9971778392791748
5035.3  0.9936338663101196
5037.9  0.9892173409461975
5040.5  0.9867263436317443
5043.1  0.9873315691947937
5045.7  0.9895763397216796
5048.3  0.9912580251693725
5050.9  0.9921456575393676
5053.5  0.9939709901809692
5056.1  0.9978415369987487
5058.7  1.002575635910034
5061.3  1.005837559700012
5063.9  1.006349444389343
5066.5  1.004660964012146
5069.1  1.002167582511902
5071.7  0.9999250769615173
5074.3  0.9983933568000793
5076.9  0.9978320598602294
5079.5  0.9985791444778442
5082.1  1.000820517539978
5084.7  1.004097104072571
5087.3  1.007162928581238
5089.9  1.008509874343872
5092.5  1.007297873497009
5095.1  1.004192709922791
5097.7  1.001344919204712
5100.3  1.000941872596741
5102.9  1.00341808795929
5105.5  1.007372975349426
5108.1  1.011230826377869
5110.7  1.014338254928589
5113.3  1.016443967819214
5115.9  1.016955494880676
5118.5  1.015193462371826
5121.1  1.0111403465271
5123.7  1.005655169487
5126.3  0.9999536871910095
5128.9  0.9948391914367675
5131.5  0.9903876781463623
5134.1  0.9864270091056823
5136.7  0.9833008646965026
5139.3  0.9819040894508361
5141.9  0.982783555984497
5144.5  0.9854260087013244
5147.1  0.9886617064476013
5149.7  0.9915857315063476
5152.3  0.993807315826416
5154.9  0.9948365688323974
5157.5  0.993327260017395
5160.1  0.9872989654541015
5162.7  0.9759018421173095
5165.3  0.9616035223007202
5167.9  0.9501938223838806
5170.5  0.9472030401229858
5173.1  0.9531688094139099
5175.7  0.9625636935234069
5178.3  0.9681973457336425
5180.9  0.9670807123184204
5183.5  0.9619330167770385
5186.1  0.9573949575424194
5188.7  0.955811321735382
5191.3  0.9567666053771972
5193.9  0.9591472744941711
5196.5  0.9623084068298339
5199.1  0.9656164050102233
5201.7  0.9682465195655822
5204.3  0.9700477719306945
5206.9  0.9719620943069458
5209.5  0.974890112876892
5212.1  0.9784858226776123
5214.7  0.9815006256103515
5217.3  0.9826645851135253
5219.9  0.9808087348937988
5222.5  0.9753250479698181
5225.1  0.9675714373588562
5227.7  0.9609389901161193
5230.3  0.9584968090057373
5232.9  0.9609612822532653
5235.5  0.9671102166175842
5238.1  0.9751212000846862
5240.7  0.9831586480140686
5243.3  0.9896518588066101
5245.9  0.9937376976013183
5248.5  0.9953950643539428
5251.1  0.9949569106101989
5253.7  0.9922823309898376
5256.3  0.9863763451576232
5258.9  0.9762107133865356
5261.5  0.9623903036117553
5264.1  0.9478927254676818
5266.7  0.9367184042930603
5269.3  0.9316333532333374
5271.9  0.9330711364746093
5274.5  0.9396026730537414
5277.1  0.948993980884552
5279.7  0.9592190980911254
5282.3  0.9692322611808776
5284.9  0.9788652658462524
5287.5  0.9877389669418334
5290.1  0.9946255087852478
5292.7  0.9982901811599731
5295.3  0.998683214187622
5297.9  0.9969806671142578
5300.5  0.9946170449256896
5303.1  0.9924060702323913
5305.7  0.9902241826057434
5308.3  0.987194538116455
5310.9  0.9825161695480346
5313.5  0.9766231775283813
5316.1  0.9712439179420471
5318.7  0.9676820039749145
5321.3  0.9654398560523986
5323.9  0.9634044170379638
5326.5  0.9619179368019104
5329.1  0.9624287486076354
5331.7  0.9652400016784667
5334.3  0.9689437747001647
5336.9  0.9723795652389526
5339.5  0.9759770035743713
5342.1  0.9806242585182189
5344.7  0.9861049652099609
5347.3  0.9912903904914855
5349.9  0.9952515959739685
5352.5  0.9974774122238159
5355.1  0.9972931742668151
5357.7  0.9938830137252807
5360.3  0.987239122390747
5362.9  0.9789096713066101
5365.5  0.9715734124183654
5368.1  0.9677826762199401
5370.7  0.9686932563781738
5373.3  0.9733077883720397
5375.9  0.9789757132530212
5378.5  0.9833567142486572
5381.1  0.9860722422599792
5383.7  0.9880704283714294
5386.3  0.9897024631500244
5388.9  0.9901239871978759
5391.5  0.9884093403816223
5394.1  0.9845460057258605
5396.7  0.979305624961853
5399.3  0.973648190498352
5401.9  0.9684606194496154
5404.5  0.9645708799362182
5407.1  0.96257746219635
5409.7  0.9625794887542724
5412.3  0.9642334580421447
5414.9  0.966955542564392
5417.5  0.9699445962905883
5420.1  0.9723826050758361
5422.7  0.9740130901336669
5425.3  0.9753349423408508
5427.9  0.9770612716674804
5430.5  0.9796248078346252
5433.1  0.983091652393341
5435.7  0.9869038462638854
5438.3  0.9896504282951354
5440.9  0.9898710250854492
5443.5  0.9875628352165222
5446.1  0.9844061732292175
5448.7  0.9820555448532104
5451.3  0.9806851744651794
5453.9  0.9796310067176818
5456.5  0.9787595868110656
5459.1  0.9785918593406677
5461.7  0.9796037077903747
5464.3  0.9818450808525085
5466.9  0.9847066402435302
5469.5  0.9868910908699035
5472.1  0.9873310923576354
5474.7  0.9864723086357116
5477.3  0.9861150383949279
5479.9  0.9876374006271362
5482.5  0.9906895160675048
5485.1  0.9938349723815917
5487.7  0.9959858655929565
5490.3  0.9968543052673339
5492.9  0.9964057207107543
5495.5  0.9944992065429687
5498.1  0.9911956787109375
5500.7  0.9871659874916076
5503.3  0.9835907816886901
5505.9  0.9816104769706726
5508.5  0.981835126876831
5511.1  0.9841969013214111
5513.7  0.9879319071769714
5516.3  0.9916141629219055
5518.9  0.9935216903686523
5521.5  0.9925235509872436
5524.1  0.9890510439872741
5526.7  0.9851869940757751
5529.3  0.9833530783653259
5531.9  0.9846011996269226
5534.5  0.9881635904312133
5537.1  0.9923750758171081
5539.7  0.9957408308982849
5542.3  0.997542917728424
5544.9  0.9979794025421142
5547.5  0.9977092742919921
5550.1  0.9971611499786376
5552.7  0.9963366389274597
5555.3  0.9951013922691345
5557.9  0.9934197068214416
5560.5  0.9914225935935974
5563.1  0.9894849061965942
5565.7  0.9881583452224731
5568.3  0.9879108071327209
5570.9  0.988908052444458
5573.5  0.9908780455589294
5576.1  0.9929552674293518
5578.7  0.993764579296112
5581.3  0.9921306371688842
5583.9  0.9880949854850769
5586.5  0.9831989407539367
5589.1  0.9793746471405029
5591.7  0.9773322939872741
5594.3  0.976287305355072
5596.9  0.9753885269165039
5599.5  0.9750013947486877
5602.1  0.9762371182441711
5604.7  0.9793329834938049
5607.3  0.9828777313232421
5609.9  0.9849494695663452
5612.5  0.9850102663040161
5615.1  0.9844073057174682
5617.7  0.9849175810813903
5620.3  0.9871115088462829
5622.9  0.9903182983398437
5625.5  0.9936367869377136
5628.1  0.9964241385459899
5630.7  0.9981328845024108
5633.3  0.9984169006347656
5635.9  0.9975202083587646
5638.5  0.9962158799171447
5641.1  0.9951615929603576
5643.7  0.9942736029624938
5646.3  0.9926776885986328
5648.9  0.9893183708190917
5651.5  0.9838676452636718
5654.1  0.9772775769233703
5656.7  0.9714278578758239
5659.3  0.9680284857749938
5661.9  0.967678427696228
5664.5  0.9698483943939208
5667.1  0.9735429286956787
5669.7  0.9777926802635192
5672.3  0.9816855192184448
5674.9  0.984376311302185
5677.5  0.9853349924087524
5680.1  0.9846253395080566
5682.7  0.9829825162887573
5685.3  0.9815673232078552
5687.9  0.9813488721847534
5690.5  0.9824175834655761
5693.1  0.9838543534278869
5695.7  0.9843645691871643
5698.3  0.9831106662750244
5700.9  0.9800412058830261
5703.5  0.9757446646690368
5706.1  0.9712743759155273
5708.7  0.9679277539253234
5711.3  0.966693639755249
5713.9  0.9677038192749023
5716.5  0.9703427553176879
5719.1  0.973880648612976
5721.7  0.9778494834899902
5724.3  0.981913685798645
5726.9  0.9857075810432434
5729.5  0.9889400601387023
5732.1  0.9915323853492736
5734.7  0.9935420155525207
5737.3  0.9949735403060913
5739.9  0.9957269430160522
5742.5  0.9956955313682556
5745.1  0.9948740005493164
5747.7  0.9934083819389343
5750.3  0.9915637969970703
5752.9  0.989479660987854
5755.5  0.9860614538192749
5758.1  0.9766289591789245
5760.7  0.9496136903762817
5763.3  0.8857892751693725
5765.9  0.7668452262878417
5768.5  0.593546986579895
5771.1  0.3966955542564392
5773.7  0.2225482165813446
5776.3  0.1026037037372589
5778.9  0.03828867897391319
5781.5  0.01143895741552115
5784.1  0.002711377339437604
5786.7  5.024002748541533E-4
5789.3  6.684425170533359E-5
5791.9  0.
5794.5  0.
5797.1  0.
5799.7  0.
5802.3  0.
5804.9  0.
5807.5  0.
5810.1  0.
5812.7  0.
5815.3  0.
5817.9  0.
5820.5  6.907750503160059E-5
5823.1  5.200210725888609E-4
5825.7  0.002812163205817342
5828.3  0.01188622042536736
5830.9  0.0398629754781723
5833.5  0.1070415005087853
5836.1  0.2326733022928238
5838.7  0.4156449139118195
5841.3  0.6231332421302795
5843.9  0.8061892986297607
5846.5  0.931458294391632
5849.1  0.9971932768821716
5851.7  1.022480845451355
5854.3  1.028263926506043
5856.9  1.027901768684387
5859.5  1.027395844459534
5862.1  1.028344869613647
5864.7  1.030257821083069
5867.3  1.032122492790222
5869.9  1.033225178718567
5872.5  1.033354043960571
5875.1  1.032528638839722
5877.7  1.030687570571899
5880.3  1.027503490447998
5882.9  1.022534847259522
5885.5  1.015886783599854
5888.1  1.0089430809021
5890.7  1.00413715839386
5893.3  1.003618001937866
5895.9  1.008018136024475
5898.5  1.016186594963074
5901.1  1.025728821754456
5903.7  1.034053921699524
5906.3  1.039462685585022
5908.9  1.041532039642334
5911.5  1.040771007537842
5914.1  1.038174867630005
5916.7  1.034911632537842
5919.3  1.031944036483765
5921.9  1.029610276222229
5924.5  1.027632832527161
5927.1  1.025711417198181
5929.7  1.024137020111084
5932.3  1.023601293563843
5934.9  1.024315118789673
5937.5  1.025603890419006
5940.1  1.026592969894409
5942.7  1.027064681053162
5945.3  1.027464270591736
5947.9  1.028293251991272
5950.5  1.029679179191589
5953.1  1.031396269798279
5955.7  1.033121824264526
5958.3  1.034652590751648
5960.9  1.035900115966797
5963.5  1.036739468574524
5966.1  1.036973834037781
5968.7  1.036408662796021
5971.3  1.034898042678833
5973.9  1.032386660575867
5976.5  1.029012441635132
5979.1  1.025137662887573
5981.7  1.021241784095764
5984.3  1.017849802970886
5986.9  1.015483140945435
5989.5  1.014419198036194
5992.1  1.014358878135681
5994.7  1.014478802680969
5997.3  1.014005422592163
5999.9  1.01280152797699
6002.5  1.011394262313843
6005.1  1.010455965995789
6007.7  1.010278463363648
6010.3  1.010694861412048
6012.9  1.01135778427124
6015.5  1.011992692947388
6018.1  1.012507557868958
6020.7  1.013057947158814
6023.3  1.013971090316772
6025.9  1.015419721603394
6028.5  1.017125725746155
6031.1  1.018470287322998
6033.7  1.018884062767029
6036.3  1.018139839172363
6038.9  1.016409754753113
6041.5  1.014156579971313
6044.1  1.011881113052368
6046.7  1.009860157966614
6049.3  1.008167386054993
6051.9  1.006908416748047
6054.5  1.006236076354981
6057.1  1.005982160568237
6059.7  1.005536079406738
6062.3  1.004509806632996
6064.9  1.003576636314392
6067.5  1.004138231277466
6070.1  1.006779432296753
6072.7  1.010407090187073
6075.3  1.01331639289856
6077.9  1.0147944688797
6080.5  1.01536762714386
6083.1  1.015856623649597
6085.7  1.016573429107666
6088.3  1.017236709594727
6090.9  1.017300128936768
6093.5  1.016292214393616
6096.1  1.014081001281738
6098.7  1.011110544204712
6101.3  1.008450508117676
6103.9  1.007264256477356
6106.5  1.007908940315247
6109.1  1.009612083435059
6111.7  1.011093020439148
6114.3  1.011416673660278
6116.9  1.010429263114929
6119.5  1.008829236030579
6122.1  1.007878065109253
6124.7  1.008542060852051
6127.3  1.010541796684265
6129.9  1.012403011322021
6132.5  1.012705326080322
6135.1  1.011365652084351
6137.7  1.009685158729553
6140.3  1.009119987487793
6142.9  1.010026574134827
6145.5  1.011537432670593
6148.1  1.012369155883789
6150.7  1.011601686477661
6153.3  1.009104371070862
6155.9  1.005778551101685
6158.5  1.003275036811829
6161.1  1.002938032150269
6163.7  1.00484573841095
6166.3  1.008001208305359
6168.9  1.011387228965759
6171.5  1.014631867408753
6174.1  1.017745137214661
6176.7  1.020634055137634
6179.3  1.023049712181091
6181.9  1.024798989295959
6184.5  1.025892734527588
6187.1  1.026629209518433
6189.7  1.027564287185669
6192.3  1.029212951660156
6194.9  1.031635522842407
6197.5  1.034368872642517
6200.1  1.036797881126404
6202.7  1.038527011871338
6205.3  1.039409518241882
6207.9  1.039402365684509
6210.5  1.038554787635803
6213.1  1.037119269371033
6215.7  1.035523056983948
6218.3  1.034086704254151
6220.9  1.032727837562561
6223.5  1.030985236167908
6226.1  1.028449654579163
6228.7  1.025221347808838
6231.3  1.021875500679016
6233.9  1.018932104110718
6236.5  1.016439557075501
6239.1  1.014090180397034
6241.7  1.011680960655212
6244.3  1.00956392288208
6246.9  1.008698582649231
6249.5  1.010026693344116
6252.1  1.013672232627869
6254.7  1.018813133239746
6257.3  1.024229288101196
6259.9  1.028876900672913
6262.5  1.032151937484741
6265.1  1.033852100372315
6267.7  1.033910155296326
6270.3  1.032133340835571
6272.9  1.028399348258972
6275.5  1.0234135389328
6278.1  1.019161105155945
6280.7  1.017879843711853
6283.3  1.020073413848877
6285.9  1.023859858512879
6288.5  1.026613831520081
6291.1  1.027007222175598
6293.7  1.025460958480835
6296.3  1.023230791091919
6298.9  1.021360754966736
6301.5  1.02016007900238
6304.1  1.019114255905151
6306.7  1.017157316207886
6309.3  1.013534903526306
6311.9  1.008993029594421
6314.5  1.005908727645874
6317.1  1.006502151489258
6319.7  1.010779142379761
6322.3  1.016516208648682
6324.9  1.021085262298584
6327.5  1.023031830787659
6330.1  1.022356033325195
6332.7  1.019953966140747
6335.3  1.016836047172546
6337.9  1.013436555862427
6340.5  1.009580373764038
6343.1  1.005432486534119
6345.7  1.002308011054993
6348.3  1.001861929893494
6350.9  1.004267692565918
6353.5  1.007748126983643
6356.1  1.010129451751709
6358.7  1.010499119758606
6361.3  1.009296417236328
6363.9  1.007317900657654
6366.5  1.005111336708069
6369.1  1.003270387649536
6371.7  1.002683639526367
6374.3  1.003926038742065
6376.9  1.00657320022583
6379.5  1.00953221321106
6382.1  1.011941194534302
6384.7  1.013500213623047
6387.3  1.014207124710083
6389.9  1.014150500297546
6392.5  1.013529777526856
6395.1  1.012643456459045
6397.7  1.011749148368835
6400.3  1.010896444320679
6402.9  1.00984525680542
6405.5  1.00823450088501
6408.1  1.005974531173706
6410.7  1.003454923629761
6413.3  1.001330614089966
6415.9  1.000186324119568
6418.5  1.000321507453919
6421.1  1.001552224159241
6423.7  1.003091931343079
6426.3  1.003881692886353
6428.9  1.003287196159363
6431.5  1.001495599746704
6434.1  0.9992491602897644
6436.7  0.9973424673080444
6439.3  0.9962952733039855
6441.9  0.9960409998893737
6444.5  0.9957150220870971
6447.1  0.9940845966339111
6449.7  0.9905797243118286
6452.3  0.9860503077507019
6454.9  0.9824911952018737
6457.5  0.9817503690719604
6460.1  0.9841994047164916
6462.7  0.9886280298233032
6465.3  0.9933575391769409
6467.9  0.9972635507583618
6470.5  0.9999017715454101
6473.1  1.001072406768799
6475.7  1.000529050827026
6478.3  0.9982587099075317
6480.9  0.994936466217041
6483.5  0.9915554523468017
6486.1  0.9882832169532775
6488.7  0.9842022657394409
6491.3  0.9788202047348022
6493.9  0.9735304117202758
6496.5  0.9708400964736938
6499.1  0.9720299839973449
6501.7  0.9759162068367004
6504.3  0.979882001876831
6506.9  0.9817205071449279
6509.5  0.9805901646614074
6512.1  0.9770026206970214
6514.7  0.9724027514457702
6517.3  0.9683942794799804
6519.9  0.9657486081123352
6522.5  0.9640050530433654
6525.1  0.9620590806007385
6527.7  0.9589776396751403
6530.3  0.9542531967163085
6532.9  0.9476115703582763
6535.5  0.9388149380683898
6538.1  0.9275568127632141
6540.7  0.9133824706077575
6543.3  0.8956845998764038
6545.9  0.8736881613731384
6548.5  0.8462032675743103
6551.1  0.8114591836929321
6553.7  0.7680644392967224
6556.3  0.71785569190979
6558.9  0.6690620183944702
6561.5  0.6355725526809692
6564.1  0.6298727393150329
6566.7  0.6543816328048706
6569.3  0.6997193098068237
6571.9  0.7516131401062011
6574.5  0.7991703748703002
6577.1  0.8378530740737915
6579.7  0.8676380515098571
6582.3  0.8903033733367919
6584.9  0.9079709649085998
6587.5  0.9226165413856506
6590.1  0.9357715249061584
6592.7  0.9482345581054687
6595.3  0.9600116610527038
6597.9  0.9706159830093383
6600.5  0.979551076889038
6603.1  0.9866901040077209
6605.7  0.992349088191986
6608.3  0.9970800876617431
6610.9  1.001367330551148
6613.5  1.005397796630859
6616.1  1.009040832519531
6618.7  1.012054681777954
6621.3  1.01434326171875
6623.9  1.016031384468079
6626.5  1.017311573028565
6629.1  1.018298625946045
6631.7  1.019082307815552
6634.3  1.01986837387085
6636.9  1.020945429801941
6639.5  1.022455930709839
6642.1  1.024236798286438
6644.7  1.025921225547791
6647.3  1.02718985080719
6649.9  1.027960300445557
6652.5  1.028409957885742
6655.1  1.028825044631958
6657.7  1.029413819313049
6660.3  1.030277132987976
6662.9  1.031516551971436
6665.5  1.033200979232788
6668.1  1.035138964653015
6670.7  1.036834716796875
6673.3  1.03788435459137
6675.9  1.038427948951721
6678.5  1.039073824882507
6681.1  1.040293097496033
6683.7  1.041942358016968
6686.3  1.043428540229797
6688.9  1.044256806373596
6691.5  1.044335961341858
6694.1  1.043857574462891
6696.7  1.04304301738739
6699.3  1.042034864425659
6701.9  1.040947556495667
6704.5  1.039910793304443
6707.1  1.038984894752502
6709.7  1.038040637969971
6712.3  1.036848664283752
6714.9  1.035412669181824
6717.5  1.034158706665039
6720.1  1.033640265464783
6722.7  1.034034609794617
6725.3  1.035009741783142
6727.9  1.036024451255798
6730.5  1.036649703979492
6733.1  1.036699533462524
6735.7  1.036252617835999
6738.3  1.035575151443482
6740.9  1.034917235374451
6743.5  1.03435754776001
6746.1  1.033875226974487
6748.7  1.033488988876343
6751.3  1.033246994018555
6753.9  1.033169150352478
6756.5  1.033302068710327
6759.1  1.033738732337952
6761.7  1.034469127655029
6764.3  1.035274744033814
6766.9  1.035865783691406
6769.5  1.036079525947571
6772.1  1.035914063453674
6774.7  1.03541886806488
6777.3  1.034620404243469
6779.9  1.033583521842957
6782.5  1.032543778419495
6785.1  1.031889200210571
6787.7  1.031886100769043
6790.3  1.032421469688416
6792.9  1.033101558685303
6795.5  1.033616304397583
6798.1  1.033936023712158
6800.7  1.034175157546997
6803.3  1.034380316734314
6805.9  1.034519553184509
6808.5  1.034608244895935
6811.1  1.034752488136292
6813.7  1.035040616989136
6816.3  1.035433530807495
6818.9  1.035770297050476
6821.5  1.035868287086487
6824.1  1.03568160533905
6826.7  1.035444259643555
6829.3  1.035579442977905
6831.9  1.036261916160584
6834.5  1.037055253982544
6837.1  1.037229657173157
6839.7  1.036539554595947
6842.3  1.035490870475769
6844.9  1.034679651260376
6847.5  1.033975005149841
6850.1  1.032602906227112
6852.7  1.029810428619385
6855.3  1.024723649024963
6857.9  1.014890313148499
6860.5  0.9962180852890014
6863.1  0.967460811138153
6865.7  0.9360839128494262
6868.3  0.9164410829544067
6870.9  0.918302834033966
6873.5  0.9377861618995666
6876.1  0.9612839818000793
6878.7  0.9763428568840026
6881.3  0.9780342578887939
6883.9  0.9692734479904174
6886.5  0.958565354347229
6889.1  0.9552437663078308
6891.7  0.9631038904190063
6894.3  0.9781116247177124
6896.9  0.9929928183555603
6899.5  1.003084897994995
6902.1  1.00795316696167
6904.7  1.00965940952301
6907.3  1.01069176197052
6909.9  1.012536883354187
6912.5  1.015219449996948
6915.1  1.018032670021057
6917.7  1.020588040351868
6920.3  1.02294385433197
6922.9  1.025051712989807
6925.5  1.026429653167725
6928.1  1.026337385177612
6930.7  1.024317026138306
6933.3  1.020877480506897
6935.9  1.017594933509827
6938.5  1.015996336936951
6941.1  1.016067981719971
6943.7  1.016098022460938
6946.3  1.013987183570862
6948.9  1.008726596832275
6951.5  1.001304030418396
6954.1  0.9947661161422729
6956.7  0.9926478266716003
6959.3  0.9961920380592346
6961.9  1.003161787986755
6964.5  1.009894490242004
6967.1  1.014226794242859
6969.7  1.016269087791443
6972.3  1.017169952392578
6974.9  1.017870187759399
6977.5  1.018793940544129
6980.1  1.020057082176209
6982.7  1.021523118019104
6985.3  1.022665619850159
6987.9  1.022709727287293
6990.5  1.021280527114868
6993.1  1.018841505050659
6995.7  1.016210317611694
6998.3  1.013806700706482
7000.9  1.011696815490723
7003.5  1.010119080543518
7006.1  1.009436845779419
7008.7  1.009591579437256
7011.3  1.010030388832092
7013.9  1.010294437408447
7016.5  1.01043426990509
7019.1  1.010724425315857
7021.7  1.011146306991577
7024.3  1.011321902275086
7026.9  1.010877966880798
7029.5  1.009740591049194
7032.1  1.008196115493774
7034.7  1.006810903549194
7037.3  1.006169557571411
7039.9  1.006477475166321
7042.5  1.007402658462524
7045.1  1.008402109146118
7047.7  1.009185791015625
7050.3  1.009820222854614
7052.9  1.010437965393067
7055.5  1.010969042778015
7058.1  1.011252999305725
7060.7  1.011410713195801
7063.3  1.01196014881134
7065.9  1.013389110565186
7068.5  1.015563368797302
7071.1  1.017663955688477
7073.7  1.018790125846863
7076.3  1.018542647361755
7078.9  1.017022371292114
7081.5  1.014541983604431
7084.1  1.011542797088623
7086.7  1.008646130561829
7089.3  1.00648558139801
7091.9  1.005359649658203
7094.5  1.005082964897156
7097.1  1.005164742469788
7099.7  1.005037546157837
7102.3  1.004053831100464
7104.9  1.001474142074585
7107.5  0.9968501329421997
7110.1  0.9906883239746093
7112.7  0.9846762418746948
7115.3  0.9809832572937011
7117.9  0.980960726737976
7120.5  0.9842444062232971
7123.1  0.9890723228454589
7125.7  0.9935497641563415
7128.3  0.9967737793922424
7130.9  0.9989937543869018
7133.5  1.00091564655304
7136.1  1.002851486206055
7138.7  1.004409313201904
7141.3  1.004989624023438
7143.9  1.004606366157532
7146.5  1.004086256027222
7149.1  1.004279017448425
7151.7  1.005098223686218
7154.3  1.00551187992096
7156.9  1.004468321800232
7159.5  1.001766085624695
7162.1  0.9982242584228515
7164.7  0.9951330423355102
7167.3  0.9931022524833679
7169.9  0.9912550449371337
7172.5  0.9881837964057922
7175.1  0.9840504527091979
7177.7  0.9809175729751586
7180.3  0.9804013967514038
7182.9  0.9818321466445922
7185.5  0.983401596546173
7188.1  0.9842123389244079
7190.7  0.9843720197677612
7193.3  0.9838910102844238
7195.9  0.9824971556663513
7198.5  0.9803271889686584
7201.1  0.9781097173690795
7203.7  0.9765150547027587
7206.3  0.9755874276161193
7208.9  0.9749128818511962
7211.5  0.9742343425750732
7214.1  0.9738370180130004
7216.7  0.9744198322296142
7219.3  0.9764780402183532
7221.9  0.9795751571655273
7224.5  0.9820436835289001
7227.1  0.9816613793373107
7229.7  0.9773752689361572
7232.3  0.9709550142288208
7234.9  0.9663841128349304
7237.5  0.9665806889533996
7240.1  0.9706230759620666
7242.7  0.9744705557823181
7245.3  0.9744168519973754
7247.9  0.9702619910240173
7250.5  0.9655540585517883
7253.1  0.9643819332122802
7255.7  0.967755377292633
7258.3  0.9734131097793579
7260.9  0.978596031665802
7263.5  0.9821176528930664
7266.1  0.9840942025184631
7268.7  0.9848230481147766
7271.3  0.9843540787696838
7273.9  0.9828988313674926
7276.5  0.9811651110649108
7279.1  0.9799301624298095
7281.7  0.9793193340301513
7284.3  0.9787777066230773
7286.9  0.9777735471725463
7289.5  0.9762664437294006
7292.1  0.9744928479194641
7294.7  0.9727165699005126
7297.3  0.9713965654373168
7299.9  0.9711426496505737
7302.5  0.9719484448432922
7305.1  0.9728262424468994
7307.7  0.9729846715927124
7310.3  0.9733228087425231
7312.9  0.9758651256561279
7315.5  0.9813135266304016
7318.1  0.9877326488494873
7320.7  0.9920531511306762
7323.3  0.9925898909568786
7325.9  0.9901133775711059
7328.5  0.987037718296051
7331.1  0.9856225252151489
7333.7  0.9863843917846679
7336.3  0.9879789948463439
7338.9  0.9887280464172363
7341.5  0.9881448149681091
7344.1  0.986905813217163
7346.7  0.9858136177062988
7349.3  0.9852238893508911
7351.9  0.985241413116455
7354.5  0.9859625697135925
7357.1  0.9874418973922729
7359.7  0.9895743131637573
7362.3  0.9919602274894714
7364.9  0.9938632249832153
7367.5  0.9945256114006042
7370.1  0.9937423467636108
7372.7  0.9920792579650878
7375.3  0.9903445839881896
7377.9  0.9888317584991455
7380.5  0.9872336387634277
7383.1  0.9853184819221496
7385.7  0.9834578037261962
7388.3  0.9823564887046813
7390.9  0.9824388623237609
7393.5  0.9836599826812744
7396.1  0.9857128262519836
7398.7  0.9881156682968139
7401.3  0.9902268052101135
7403.9  0.9915442466735839
7406.5  0.9920530319213867
7409.1  0.9921537041664123
7411.7  0.9922429323196411
7414.3  0.992397129535675
7416.9  0.9924070835113525
7419.5  0.9921073913574218
7422.1  0.9916930794715881
7424.7  0.9915858507156372
7427.3  0.9919131994247436
7429.9  0.9922628998756408
7432.5  0.9920023083686828
7435.1  0.9907052516937255
7437.7  0.9883426427841186
7440.3  0.9853769540786743
7442.9  0.982723593711853
7445.5  0.9813105463981628
7448.1  0.9814400076866149
7450.7  0.9825783371925354
7453.3  0.9837068915367126
7455.9  0.9838559031486511
7458.5  0.9826003313064575
7461.1  0.9803557395935058
7463.7  0.9781191945075988
7466.3  0.9767382740974426
7468.9  0.9764533638954162
7471.5  0.9770482778549194
7474.1  0.9781745672225952
7476.7  0.9794867038726806
7479.3  0.9807357192039489
7481.9  0.9819282889366149
7484.5  0.9833407998085021
7487.1  0.9852302074432373
7489.7  0.9875705242156982
7492.3  0.9901978969573974
7494.9  0.9930831789970397
7497.5  0.9961462616920471
7500.1  0.9988138675689697
7502.7  1.000137209892273
7505.3  0.9995480775833129
7507.9  0.9974251985549926
7510.5  0.9948942065238952
7513.1  0.9930987954139709
7515.7  0.9925205111503601
7518.3  0.9928123354911804
7520.9  0.9932111501693725
7523.5  0.993121325969696
7526.1  0.992414116859436
7528.7  0.9913703203201293
7531.3  0.9904832243919372
7533.9  0.9901176691055297
7536.5  0.9901204705238342
7539.1  0.9899201393127441
7541.7  0.9892831444740295
7544.3  0.9887348413467407
7546.9  0.988854706287384
7549.5  0.9894042611122131
7552.1  0.9895986914634704
7554.7  0.9890750646591186
7557.3  0.9882571101188659
7559.9  0.9878304600715637
7562.5  0.9880503416061401
7565.1  0.988559603691101
7567.7  0.9887641668319702
7570.3  0.9883009195327758
7572.9  0.9872336983680725
7575.5  0.9859628677368164
7578.1  0.9848649501800537
7580.7  0.9835431575775146
7583.3  0.9793660640716552
7585.9  0.9654464125633239
7588.5  0.9296517968177795
7591.1  0.8592745661735534
7593.7  0.7530633807182312
7596.3  0.6305114030838012
7598.9  0.5236228108406066
7601.5  0.4560316205024719
7604.1  0.433755099773407
7606.7  0.4548309147357941
7609.3  0.5162743926048278
7611.9  0.6053223013877868
7614.5  0.6909015178680419
7617.1  0.7334516644477844
7619.7  0.7094791531562805
7622.3  0.6308915019035339
7624.9  0.5390370488166809
7627.5  0.4746038615703583
7630.1  0.4527857601642609
7632.7  0.4676771759986877
7635.3  0.5079110860824584
7637.9  0.5593260526657104
7640.5  0.6059149503707885
7643.1  0.6428053975105285
7645.7  0.6817905306816101
7648.3  0.7344463467597961
7650.9  0.7952495217323303
7653.5  0.8479282855987548
7656.1  0.8827866315841674
7658.7  0.9022035002708435
7661.3  0.9132737517356872
7663.9  0.9202151298522949
7666.5  0.9223793745040893
7669.1  0.9167768955230712
7671.7  0.9033730626106262
7674.3  0.8898850083351135
7676.9  0.888783574104309
7679.5  0.906410276889801
7682.1  0.9362594485282897
7684.7  0.9653244614601135
7687.3  0.985140323638916
7689.9  0.9952495098114013
7692.5  0.9991820454597473
7695.1  1.000247716903687
7697.7  1.000286221504212
7700.3  1.000016808509827
7702.9  0.9994478225708007
7705.5  0.9983094334602355
7708.1  0.9965261220932006
7710.7  0.9945282340049743
7713.3  0.9929584264755249
7715.9  0.9921279549598693
7718.5  0.9918953776359558
7721.1  0.9919525384902954
7723.7  0.991978108882904
7726.3  0.9916239976882934
7728.9  0.9907047748565673
7731.5  0.9894373416900634
7734.1  0.98829185962677
7736.7  0.9875720739364624
7739.3  0.9873210191726684
7741.9  0.9876142144203186
7744.5  0.9886472225189208
7747.1  0.9903740882873535
7749.7  0.992236852645874
7752.3  0.9934496879577636
7754.9  0.9935162663459777
7757.5  0.9923270344734191
7760.1  0.9896310567855834
7762.7  0.9843772053718566
7765.3  0.9749655127525329
7767.9  0.9611900448799133
7770.5  0.946571946144104
7773.1  0.9378080964088439
7775.7  0.940206229686737
7778.3  0.9532312154769897
7780.9  0.9710834026336669
7783.5  0.9873923659324645
7786.1  0.9988501667976379
7788.7  1.005264282226563
7791.3  1.007826447486877
7793.9  1.007848381996155
7796.5  1.006402969360352
7799.1  1.004349708557129
7801.7  1.002352952957153
7804.3  1.000845074653625
7806.9  1.000023603439331
7809.5  0.9998687505722045
7812.1  1.000141620635986
7814.7  1.00046968460083
7817.3  1.000527739524841
7819.9  1.000145196914673
7822.5  0.9992474317550659
7825.1  0.9977608919143676
7827.7  0.9956875443458557
7830.3  0.993351399898529
7832.9  0.9914901852607727
7835.5  0.9908751845359802
7838.1  0.9916802048683166
7840.7  0.9932506084442138
7843.3  0.9945364594459533
7845.9  0.9948027729988098
7848.5  0.9940401315689086
7851.1  0.9927814006805419
7853.7  0.9914805889129638
7856.3  0.9900859594345092
7858.9  0.9883370399475097
7861.5  0.9863783121109008
7864.1  0.984786570072174
7866.7  0.9839224815368652
7869.3  0.9835866689682006
7871.9  0.9836149215698242
7874.5  0.9846420884132385
7877.1  0.9877728223800659
7879.7  0.9932414889335632
7882.3  0.9996328949928283
7884.9  1.004650115966797
7887.5  1.006602764129639
7890.1  1.005312204360962
7892.7  1.002113342285156
7895.3  0.9991301298141479
7897.9  0.9979710578918457
7900.5  0.9986303448677062
7903.1  0.9997292160987854
7905.7  0.9998831748962402
7908.3  0.9987185597419738
7910.9  0.9967744946479797
7913.5  0.9948514103889465
7916.1  0.9934885501861572
7918.7  0.9927202463150024
7921.3  0.9920505881309509
7923.9  0.9906889200210571
7926.5  0.9881072044372558
7929.1  0.9845610260963439
7931.7  0.980921447277069
7934.3  0.9778425693511962
7936.9  0.9752756357192993
7939.5  0.9729470610618591
7942.1  0.9710981249809265
7944.7  0.9705289602279663
7947.3  0.9719545245170593
7949.9  0.9753758907318115
7952.5  0.979960024356842
7955.1  0.9844156503677368
7957.7  0.9875732660293579
7960.3  0.9888749718666076
7962.9  0.9885293841361999
7965.5  0.987293004989624
7968.1  0.9861092567443847
7970.7  0.9858122467994689
7973.3  0.9868918061256408
7975.9  0.9893472790718078
7978.5  0.9927874207496643
7981.1  0.9966844916343688
7983.7  1.000491857528687
7986.3  1.00361168384552
7988.9  1.005466818809509
7991.5  1.005755662918091
7994.1  1.004709482192993
7996.7  1.003064393997192
7999.3  1.001714944839478
8001.9  1.001245737075806
8004.5  1.001591920852661
8007.1  1.002059936523438
8009.7  1.001827239990234
8012.3  1.000604391098023
8014.9  0.9988148212432861
8017.5  0.9970946311950683
8020.1  0.9957035779953002
8022.7  0.9944906830787658
8025.3  0.9932990074157714
8027.9  0.9922134280204772
8030.5  0.9913908243179321
8033.1  0.9907547831535339
8035.7  0.989917516708374
8038.3  0.9884514808654785
8040.9  0.9863351583480834
8043.5  0.9842298030853271
8046.1  0.9831700325012207
8048.7  0.9836559295654296
8051.3  0.9849913120269775
8053.9  0.9858249425888061
8056.5  0.9854832887649536
8059.1  0.984534204006195
8061.7  0.9839900135993957
8064.3  0.9842811822891235
8066.9  0.9851009249687194
8069.5  0.9858615398406982
8072.1  0.9860727190971374
8074.7  0.98550546169281
8077.3  0.984345257282257
8079.9  0.9833404421806335
8082.5  0.9836891889572143
8085.1  0.9863795042037963
8087.7  0.9912425279617309
8090.3  0.9967431426048278
8092.9  1.001027703285217
8095.5  1.003262400627136
8098.1  1.003934383392334
8100.7  1.004050612449646
8103.3  1.004211902618408
8105.9  1.004316091537476
8108.5  1.003905415534973
8111.1  1.002683162689209
8113.7  1.000758051872253
8116.3  0.9985308051109313
8118.9  0.9964514374732971
8121.5  0.9947654008865356
8124.1  0.9933607578277587
8126.7  0.9919009804725646
8129.3  0.9901497960090637
8131.9  0.9878384470939636
8134.5  0.9841014742851257
8137.1  0.9775637984275817
8139.7  0.96756112575531
8142.3  0.9552215337753295
8144.9  0.9432907104492187
8147.5  0.9351406097412109
8150.1  0.9334580898284912
8152.7  0.9386360049247741
8155.3  0.9480091929435729
8157.9  0.9574347734451293
8160.5  0.9642221331596374
8163.1  0.9684073328971862
8165.7  0.9712545275688171
8168.3  0.9730716943740844
8170.9  0.9728301167488098
8173.5  0.9696687459945678
8176.1  0.964354932308197
8178.7  0.9590237736701965
8181.3  0.9557181000709533
8183.9  0.9553724527359008
8186.5  0.9576933979988098
8189.1  0.9613333940505981
8191.7  0.9646386504173278
8194.3  0.9670138955116271
8196.9  0.9693192243576049
8199.5  0.9724587798118591
8202.1  0.9758076071739196
8204.7  0.9773828983306884
8207.3  0.975723385810852
8209.9  0.9716806411743164
8212.5  0.9681062698364257
8215.1  0.9674118161201477
8217.7  0.9695510268211364
8220.3  0.9724726676940917
8222.9  0.974127173423767
8225.5  0.9739617109298706
8228.1  0.9729100465774536
8230.7  0.9720291495323181
8233.3  0.9708245396614074
8235.9  0.9671190977096557
8238.5  0.9593419432640075
8241.1  0.9491950869560241
8243.7  0.941059410572052
8246.3  0.9378160834312438
8248.9  0.9381145238876342
8251.5  0.9388878345489501
8254.1  0.939681589603424
8256.7  0.9428046345710754
8259.3  0.9492899775505065
8261.9  0.9561402201652526
8264.5  0.9584206342697143
8267.1  0.954021394252777
8269.7  0.9463678002357482
8272.3  0.9421544075012207
8274.9  0.9455594420433044
8277.5  0.9548014998435974
8280.1  0.9647057056427001
8282.7  0.9716230630874633
8285.3  0.9752444624900817
8287.9  0.9770389795303344
8290.5  0.9783197045326232
8293.1  0.9795848727226257
8295.7  0.9808616042137145
8298.3  0.9821324944496154
8300.9  0.9832926988601684
8303.5  0.9839712977409362
8306.1  0.9836472272872924
8308.7  0.9818402528762817
8311.3  0.9783241152763366
8313.9  0.9736614823341369
8316.5  0.9694530367851257
8319.1  0.9673757553100585
8321.7  0.9677430987358093
8324.3  0.9691687226295471
8326.9  0.9696571230888366
8329.5  0.9681702256202697
8332.1  0.9654746651649475
8334.7  0.9635695219039916
8337.3  0.9640825986862182
8339.9  0.9671279191970825
8342.5  0.9716174602508544
8345.1  0.9763213396072387
8347.7  0.9803388714790344
8350.3  0.9829850196838378
8352.9  0.9838790297508239
8355.5  0.9833064079284667
8358.1  0.9821349382400512
8360.7  0.9811323285102844
8363.3  0.9804925918579101
8365.9  0.9800647497177124
8368.5  0.9797972440719604
8371.1  0.9797891378402709
8373.7  0.9800386428833007
8376.3  0.9802730083465576
8378.9  0.9800266027450561
8381.5  0.9790294170379638
8384.1  0.9777186512947082
8386.7  0.9771905541419982
8389.3  0.9783023595809936
8391.9  0.9808093905448913
8394.5  0.9835851788520812
8397.1  0.9856514334678649
8399.7  0.9868077635765075
8402.3  0.9873297214508056
8404.9  0.9873744249343872
8407.5  0.986892282962799
8410.1  0.9859565496444702
8412.7  0.9848629236221313
8415.3  0.9839729070663452
8417.9  0.9837933778762817
8420.5  0.9850792288780212
8423.1  0.9882344603538513
8425.7  0.9923602938652038
8428.3  0.9953806400299072
8430.9  0.9954866766929626
8433.5  0.9923294186592102
8436.1  0.9867221117019653
8438.7  0.9795505404472351
8441.3  0.9715885519981384
8443.9  0.9645078182220458
8446.5  0.9611766934394836
8449.1  0.9637064933776855
8451.7  0.9710444211959838
8454.3  0.9792970418930053
8456.9  0.9846142530441284
8459.5  0.9854351878166198
8462.1  0.9825320243835449
8464.7  0.9779992699623107
8467.3  0.9742845892906188
8469.9  0.9732334017753601
8472.5  0.9752591252326965
8475.1  0.9792872667312622
8477.7  0.9835513830184936
8480.3  0.9865149855613708
8482.9  0.9871870875358581
8485.5  0.9846992492675781
8488.1  0.9777678847312927
8490.7  0.9651535153388977
8493.3  0.9476037621498107
8495.9  0.9295781850814819
8498.5  0.9178980588912963
8501.1  0.9173101186752319
8503.7  0.9270349740982055
8506.3  0.9417975544929504
8508.9  0.9559436440467834
8511.5  0.9665855765342712
8514.1  0.9738085865974426
8516.7  0.9789193272590637
8519.3  0.9827406406402587
8521.9  0.9851030707359313
8524.5  0.9851713180541992
8527.1  0.9809523224830627
8529.7  0.967008352279663
8532.3  0.9314494729042053
8534.9  0.85657799243927
8537.5  0.7285258173942565
8540.1  0.5532734394073486
8542.7  0.3631101250648499
8545.3  0.200447753071785
8547.9  0.09116732329130172
8550.5  0.03364535793662071
8553.1  0.009962178766727447
8555.7  0.002343937987461686
8558.3  4.309351206757128E-4
8560.9  5.639355731545947E-5
8563.5  0.
8566.1  0.
8568.7  0.
8571.3  0.
8573.9  0.
8576.5  0.
8579.1  0.
8581.7  0.
8584.3  0.
8586.9  0.
8589.5  0.
8592.1  0.
8594.7  0.
8597.3  0.
8599.9  0.
8602.5  0.
8605.1  0.
8607.7  0.
8610.3  0.
8612.9  0.
8615.5  0.
8618.1  0.
8620.7  0.
8623.3  0.
8625.9  0.
8628.5  0.
8631.1  0.
8633.7  0.
8636.3  0.
8638.9  0.
8641.5  5.041668191552162E-5
8644.1  3.799569094553590E-4
8646.7  0.002063086722046137
8649.3  0.008751527406275272
8651.9  0.02949636243283749
8654.5  0.07980410754680633
8657.1  0.1754611730575562
8659.7  0.3187795281410217
8662.3  0.489463597536087
8664.9  0.6535717844963073
8667.5  0.7843844294548034
8670.1  0.8744873404502868
8672.7  0.9310616850852966
8675.3  0.9652086496353149
8677.9  0.9860668778419494
8680.5  0.9999690651893615
8683.1  1.010833144187927
8685.7  1.020464420318604
8688.3  1.029299378395081
8690.9  1.037312388420105
8693.5  1.044489502906799
8696.1  1.050722479820252
8698.7  1.055694937705994
8701.3  1.059048533439636
8703.9  1.060635805130005
8706.5  1.060579180717468
8709.1  1.059169173240662
8711.7  1.056747078895569
8714.3  1.053566455841064
8716.9  1.049670338630676
8719.5  1.04490602016449
8722.1  1.039083957672119
8724.7  1.032089591026306
8727.3  1.023862600326538
8729.9  1.01426637172699
8732.5  1.002941489219666
8735.1  0.9892807006835937
8737.7  0.9725441932678222
8740.3  0.9521834850311279
8742.9  0.9286486506462097
8745.5  0.9045562148094177
8748.1  0.8850780725479125
8750.7  0.8762353062629699
8753.3  0.8815696835517883
8755.9  0.899786353111267
8758.5  0.9255746006965637
8761.1  0.9528332352638244
8763.7  0.9774329662322998
8766.3  0.9977929592132568
8768.9  1.013975024223328
8771.5  1.026676177978516
8774.1  1.036601185798645
8776.7  1.044053196907044
8779.3  1.048898816108704
8781.9  1.051227688789368
8784.5  1.052283525466919
8787.1  1.05445659160614
8789.7  1.059736251831055
8792.3  1.06793475151062
8794.9  1.076557159423828
8797.5  1.082460761070252
8800.1  1.083809733390808
8802.7  1.081101417541504
8805.3  1.07687246799469
8807.9  1.074138879776001
8810.5  1.074342250823975
8813.1  1.076429009437561
8815.7  1.077952980995178
8818.3  1.0771404504776
8820.9  1.074032545089722
8823.5  1.069909334182739
8826.1  1.065841913223267
8828.7  1.061781406402588
8831.3  1.056862235069275
8833.9  1.050315141677856
8836.5  1.041927218437195
8839.1  1.031777501106262
8841.7  1.019777655601502
8844.3  1.005511522293091
8846.9  0.9883344173431396
8849.5  0.9674721360206604
8852.1  0.9422550797462463
8854.7  0.9129778742790222
8857.3  0.8823187947273254
8859.9  0.8560124635696411
8862.5  0.8411949872970581
8865.1  0.8426796197891235
8867.7  0.8598889112472534
8870.3  0.8872275948524475
8872.9  0.9175648093223571
8875.5  0.9457162618637084
8878.1  0.9695679545402526
8880.7  0.9891728162765502
8883.3  1.005406737327576
8885.9  1.019086003303528
8888.5  1.030664920806885
8891.1  1.04035747051239
8893.7  1.04833996295929
8896.3  1.054765701293945
8898.9  1.059606790542603
8901.5  1.062443614006043
8904.1  1.06242311000824
8906.7  1.05886709690094
8909.3  1.052627444267273
8911.9  1.046867966651917
8914.5  1.045436263084412
8917.1  1.04950749874115
8919.7  1.056227207183838
8922.3  1.061590433120728
8924.9  1.064509153366089
8927.5  1.067302465438843
8930.1  1.072224378585815
8932.7  1.07848048210144
8935.3  1.083295464515686
8937.9  1.085314035415649
8940.5  1.085826992988586
8943.1  1.086602449417114
8945.7  1.087600588798523
8948.3  1.087168097496033
8950.9  1.083587884902954
8953.5  1.076179623603821
8956.1  1.06581974029541
8958.7  1.054777979850769
8961.3  1.045258045196533
8963.9  1.037790894508362
8966.5  1.031685709953308
8969.1  1.027319431304932
8971.7  1.026796698570252
8974.3  1.031156659126282
8976.9  1.037635922431946
8979.5  1.041068196296692
8982.1  1.037767052650452
8984.7  1.027643799781799
8987.3  1.013517260551453
8989.9  0.9988080859184265
8992.5  0.9850457906723022
8995.1  0.9710541367530822
8997.7  0.9546213150024414
9000.3  0.9344818592071533
9002.9  0.910365879535675
9005.5  0.8824716806411743
9008.1  0.8523618578910827
9010.7  0.8239754438400268
9013.3  0.8026005625724792
9015.9  0.791735827922821
9018.5  0.7906351685523986
9021.1  0.7962691187858581
9023.7  0.8088176846504211
9026.3  0.8328804373741149
9028.9  0.8706340789794921
9031.5  0.9158895611763
9034.1  0.9578413963317871
9036.7  0.9890918135643005
9039.3  1.008321762084961
9041.9  1.017781257629395
9044.5  1.021118044853211
9047.1  1.022674798965454
9049.7  1.025774836540222
9052.3  1.030231237411499
9054.9  1.032684326171875
9057.5  1.030789613723755
9060.1  1.027040958404541
9062.7  1.02722954750061
9065.3  1.034696817398071
9067.9  1.046765685081482
9070.5  1.057105660438538
9073.1  1.061130404472351
9075.7  1.05926251411438
9078.3  1.055705070495605
9080.9  1.054194092750549
9083.5  1.054461240768433
9086.1  1.052937507629395
9088.7  1.047384977340698
9091.3  1.040793776512146
9093.9  1.039818286895752
9096.5  1.048352122306824
9099.1  1.063006401062012
9101.7  1.075765371322632
9104.3  1.080526232719421
9106.9  1.076698541641235
9109.5  1.068198084831238
9112.1  1.060487031936646
9114.7  1.057581663131714
9117.3  1.060012459754944
9119.9  1.064943075180054
9122.5  1.068612098693848
9125.1  1.068999409675598
9127.7  1.066689252853394
9130.3  1.063919544219971
9132.9  1.063025236129761
9135.5  1.065075993537903
9138.1  1.069305777549744
9140.7  1.073592901229858
9143.3  1.075520038604736
9145.9  1.073395490646362
9148.5  1.067159175872803
9151.1  1.058961749076843
9153.7  1.052448630332947
9156.3  1.05043637752533
9158.9  1.052587509155274
9161.5  1.055095434188843
9164.1  1.052112102508545
9166.7  1.037067890167236
9169.3  1.004817843437195
9171.9  0.9548209309577941
9174.5  0.892668068408966
9177.1  0.829874038696289
9179.7  0.7846153378486633
9182.3  0.7775072455406188
9184.9  0.8161957263946533
9187.5  0.8839837312698364
9190.1  0.9513496756553649
9192.7  0.9983237385749816
9195.3  1.022245168685913
9197.9  1.02919340133667
9200.5  1.024882197380066
9203.1  1.012688398361206
9205.7  0.995058536529541
9208.3  0.9741696119308471
9210.9  0.9517333507537841
9213.5  0.9286186695098876
9216.1  0.9046702980995178
9218.7  0.8786705732345581
9221.3  0.8494465351104736
9223.9  0.8184362649917602
9226.5  0.7915011644363403
9229.1  0.7769166231155395
9231.7  0.7800075411796569
9234.3  0.7992525696754455
9236.9  0.8277549147605895
9239.5  0.8582374453544616
9242.1  0.8866375684738159
9244.7  0.9120168089866638
9247.3  0.9344136714935302
9249.9  0.9532569646835327
9252.5  0.9674320816993713
9255.1  0.976397156715393
9257.7  0.9811671376228332
9260.3  0.9843475818634033
9262.9  0.9888416528701782
9265.5  0.9959628582000732
9268.1  1.004884362220764
9270.7  1.01423704624176
9273.3  1.023767471313477
9275.9  1.033662438392639
9278.5  1.042758941650391
9281.1  1.048575639724732
9283.7  1.04951798915863
9286.3  1.046898126602173
9288.9  1.044518828392029
9291.5  1.045699119567871
9294.1  1.049808263778687
9296.7  1.051247358322144
9299.3  1.041199326515198
9301.9  1.011945962905884
9304.5  0.9644967317581176
9307.1  0.9139989018440246
9309.7  0.8808301091194152
9312.3  0.8684453964233398
9314.9  0.8544346690177917
9317.5  0.8135126233100891
9320.1  0.7502307891845703
9322.7  0.7021465301513671
9325.3  0.7069748044013977
9327.9  0.76861572265625
9330.5  0.8562538623809814
9333.1  0.9311437606811523
9335.7  0.970080554485321
9338.3  0.9699457287788391
9340.9  0.9418421387672424
9343.5  0.9031969904899597
9346.1  0.8671889305114746
9348.7  0.8347405791282653
9351.3  0.8006965517997741
9353.9  0.7681341171264648
9356.5  0.7498853802680969
9359.1  0.753208577632904
9361.7  0.7682732939720153
9364.3  0.7776899337768554
9366.9  0.7770332694053649
9369.5  0.7793373465538024
9372.1  0.7967069745063781
9374.7  0.8250443339347839
9377.3  0.8525140881538391
9379.9  0.8766934871673583
9382.5  0.9052962660789489
9385.1  0.9426922798156738
9387.7  0.983405590057373
9390.3  1.018077969551086
9392.9  1.04072105884552
9395.5  1.050007581710815
9398.1  1.047383069992065
9400.7  1.035650253295899
9403.3  1.018296718597412
9405.9  0.999258279800415
9408.5  0.9831435680389404
9411.1  0.9749937057495117
9413.7  0.9779276847839355
9416.3  0.9896711111068725
9418.9  1.002347350120545
9421.5  1.007979035377502
9424.1  1.005329012870789
9426.7  1.000618100166321
9429.3  1.000651836395264
9431.9  1.005981922149658
9434.5  1.011745810508728
9437.1  1.014032959938049
9439.7  1.0135737657547
9442.3  1.013668537139893
9444.9  1.015615582466126
9447.5  1.015997171401978
9450.1  1.006818413734436
9452.7  0.9777528047561645
9455.3  0.919828712940216
9457.9  0.8303640484809875
9460.5  0.7191038727760314
9463.1  0.6134456396102905
9465.7  0.5538504123687744
9468.3  0.5706586241722106
9470.9  0.6570814847946166
9473.5  0.7712419629096984
9476.1  0.8696590065956115
9478.7  0.9344041347503662
9481.3  0.9697528481483459
9483.9  0.9836105108261108
9486.5  0.9773898720741271
9489.1  0.9503647089004516
9491.7  0.9082589745521545
9494.3  0.8643189668655395
9496.9  0.8321840763092041
9499.5  0.8211455941200256
9502.1  0.8359109759330749
9504.7  0.8725495934486389
9507.3  0.913902461528778
9509.9  0.9368563294410705
9512.5  0.9277381300926208
9515.1  0.8901278972625732
9517.7  0.840142011642456
9520.3  0.7969421744346618
9522.9  0.7753994464874267
9525.5  0.7803641557693481
9528.1  0.8024995326995849
9530.7  0.8215399384498596
9533.3  0.8187411427497863
9535.9  0.7889413237571716
9538.5  0.7422094345092773
9541.1  0.6960505843162536
9543.7  0.6657013893127441
9546.3  0.6588016152381896
9548.9  0.6753795146942138
9551.5  0.7099276185035705
9554.1  0.7530215978622436
9556.7  0.7926362752914428
9559.3  0.8175069093704223
9561.9  0.8240756392478942
9564.5  0.8219926357269287
9567.1  0.8282582163810729
9569.7  0.8510690927505493
9572.3  0.8815312981605529
9574.9  0.9046881198883056
9577.5  0.9155133366584777
9580.1  0.9195010066032409
9582.7  0.9206593036651611
9585.3  0.9165563583374023
9587.9  0.906643271446228
9590.5  0.8983358144760131
9593.1  0.9000053405761718
9595.7  0.9122325778007507
9598.3  0.9288594126701354
9600.9  0.9411295056343078
9603.5  0.935321569442749
9606.1  0.8906165361404418
9608.7  0.7901442050933837
9611.3  0.6444123983383178
9613.9  0.504178762435913
9616.5  0.4372144639492035
9619.1  0.4793742299079895
9621.7  0.6067842245101928
9624.3  0.7580240964889526
9626.9  0.8805631399154663
9629.5  0.9563038945198059
9632.1  0.9942259788513183
9634.7  1.011067628860474
9637.3  1.019246578216553
9639.9  1.024423718452454
9642.5  1.028058290481567
9645.1  1.030437350273132
9647.7  1.03159499168396
9650.3  1.030727386474609
9652.9  1.026943922042847
9655.5  1.021055698394775
9658.1  1.01574182510376
9660.7  1.013299942016602
9663.3  1.013521313667297
9665.9  1.014477968215942
9668.5  1.01544463634491
9671.1  1.017793536186218
9673.7  1.022320628166199
9676.3  1.027115106582642
9678.9  1.029395937919617
9681.5  1.028481006622315
9684.1  1.026111245155335
9686.7  1.024655938148499
9689.3  1.025462985038757
9691.9  1.028318285942078
9694.5  1.032105326652527
9697.1  1.036031842231751
9699.7  1.040118098258972
9702.3  1.044464230537415
9704.9  1.048391342163086
9707.5  1.050651431083679
9710.1  1.050638198852539
9712.7  1.049266695976257
9715.3  1.048284888267517
9717.9  1.048323512077332
9720.5  1.047723889350891
9723.1  1.043762922286987
9725.7  1.035464406013489
9728.3  1.024887204170227
9730.9  1.014699816703796
9733.5  1.003842115402222
9736.1  0.9873765110969543
9738.7  0.9633443355560302
9741.3  0.9395602345466613
9743.9  0.9295669794082641
9746.5  0.9392160773277282
9749.1  0.9592247009277343
9751.7  0.9716023802757263
9754.3  0.9579079151153564
9756.9  0.8996821641921997
9759.5  0.7825447916984558
9762.1  0.6141220331192016
9764.7  0.4389624297618866
9767.3  0.3244826197624207
9769.9  0.3212002515792847
9772.5  0.4296855032444
9775.1  0.601191759109497
9777.7  0.7707118988037109
9780.3  0.8950540423393249
9782.9  0.9665894508361816
9785.5  0.999835193157196
9788.1  1.012346982955933
9790.7  1.016019940376282
9793.3  1.017105102539063
9795.9  1.017916917800903
9798.5  1.01848840713501
9801.1  1.01856255531311
9803.7  1.018736481666565
9806.3  1.019969344139099
9808.9  1.022340416908264
9811.5  1.024735927581787
9814.1  1.02583384513855
9816.7  1.025125980377197
9819.3  1.022793769836426
9821.9  1.018886566162109
9824.5  1.013277649879456
9827.1  1.006802916526794
9829.7  1.001995086669922
9832.3  1.00172483921051
9834.9  1.006560444831848
9837.5  1.013792395591736
9840.1  1.019384980201721
9842.7  1.020773053169251
9845.3  1.018059015274048
9847.9  1.013266205787659
9850.5  1.008713245391846
9853.1  1.00578248500824
9855.7  1.004758834838867
9858.3  1.0052570104599
9860.9  1.006466865539551
9863.5  1.007154941558838
9866.1  1.006097197532654
9868.7  1.003047943115234
9871.3  0.9993454217910766
9873.9  0.997064471244812
9876.5  0.9970698356628417
9879.1  0.9979528784751892
9881.7  0.997151494026184
9884.3  0.9932263493537902
9886.9  0.9873103499412536
9889.5  0.9825907945632934
9892.1  0.9820649623870849
9894.7  0.9863671660423278
9897.3  0.9936449527740478
9899.9  1.001271605491638
9902.5  1.007274389266968
9905.1  1.010468363761902
9907.7  1.009494781494141
9910.3  1.000593423843384
9912.9  0.974056601524353
9915.5  0.913809061050415
9918.1  0.8083903789520263
9920.7  0.6717286109924316
9923.3  0.5509403347969055
9925.9  0.4999672174453735
9928.5  0.5378472208976745
9931.1  0.6363831758499145
9933.7  0.7482126951217651
9936.3  0.8404975533485412
9938.9  0.9043503403663635
9941.5  0.9446953535079956
9944.1  0.9690062999725341
9946.7  0.9831387400627136
9949.3  0.9915489554405212
9951.9  0.997518241405487
9954.5  1.0023273229599
9957.1  1.005239009857178
9959.7  1.005069375038147
9962.3  1.001850962638855
9964.9  0.9970189332962036
9967.5  0.9923968911170959
9970.1  0.9891623854637145
9972.7  0.98734712600708
9975.3  0.9859925508499145
9977.9  0.9840195178985595
9980.5  0.9811044335365295
9983.1  0.9767131805419921
9985.7  0.9667397737503051
9988.3  0.9394166469573974
9990.9  0.875049352645874
9993.5  0.7555821537971496
9996.1  0.5827535986900329
