3501.3  0.2773377895355225
3503.9  0.3513855636119843
3506.5  0.4010991156101227
3509.1  0.4301973879337311
3511.7  0.447037398815155
3514.3  0.4556044936180115
3516.9  0.4549964070320129
3519.5  0.4445976316928864
3522.1  0.4286931157112122
3524.7  0.4155794978141785
3527.3  0.411562591791153
3529.9  0.4164178669452667
3532.5  0.4251164197921753
3535.1  0.432807594537735
3537.7  0.4375430643558502
3540.3  0.4395429193973541
3542.9  0.4398225545883179
3545.5  0.4402471780776978
3548.1  0.4428938031196594
3550.7  0.4472301602363586
3553.3  0.4492759108543396
3555.9  0.4455187022686005
3558.5  0.4366300106048584
3561.1  0.4260976016521454
3563.7  0.4172529876232147
3566.3  0.4126424789428711
3568.9  0.4136099815368652
3571.5  0.4187819063663483
3574.1  0.4241155385971069
3576.7  0.4246492087841034
3579.3  0.4162189960479736
3581.9  0.3983044624328613
3584.5  0.3773268461227417
3587.1  0.3650462925434113
3589.7  0.3700481653213501
3592.3  0.3898622095584869
3594.9  0.4123382568359375
3597.5  0.4249826669692993
3600.1  0.4233284294605255
3602.7  0.4120140671730042
3605.3  0.3995707631111145
3607.9  0.3926782310009003
3610.5  0.3943416178226471
3613.1  0.4044681489467621
3615.7  0.4200206100940704
3618.3  0.435825377702713
3620.9  0.4469470679759979
3623.5  0.4506857693195343
3626.1  0.4474056959152222
3628.7  0.4410180747509003
3631.3  0.4377094209194183
3633.9  0.4417329430580139
3636.5  0.4517054557800293
3639.1  0.4616234004497528
3641.7  0.4656012058258057
3644.3  0.4620811939239502
3646.9  0.4546518325805664
3649.5  0.4488033652305603
3652.1  0.447026401758194
3654.7  0.4474724233150482
3657.3  0.4480922818183899
3659.9  0.4502616226673126
3662.5  0.4563767611980438
3665.1  0.4654421508312225
3667.7  0.4732466042041779
3670.3  0.4761007428169251
3672.9  0.4729931652545929
3675.5  0.4654512703418732
3678.1  0.4570081830024719
3680.7  0.4518786072731018
3683.3  0.4528117775917053
3685.9  0.460207998752594
3688.5  0.4727965295314789
3691.1  0.4880123734474182
3693.7  0.5018694996833801
3696.3  0.5097901225090026
3698.9  0.5084534883499145
3701.5  0.4976361691951752
3704.1  0.481401801109314
3706.7  0.4677866995334625
3709.3  0.4655359089374542
3711.9  0.4774188101291657
3714.5  0.4955390095710754
3717.1  0.5067514777183532
3719.7  0.5051065683364868
3722.3  0.4964178800582886
3724.9  0.4895401895046234
3727.5  0.4873093962669373
3730.1  0.4884038865566254
3732.7  0.4937762022018433
3735.3  0.5047228932380676
3737.9  0.5144283175468444
3740.5  0.5087624788284301
3743.1  0.4817709922790527
3745.7  0.4480060040950775
3748.3  0.4332925379276276
3750.9  0.4511899650096893
3753.5  0.4897380173206329
3756.1  0.5221458673477172
3758.7  0.5304162502288818
3761.3  0.5186126828193664
3763.9  0.5039671659469604
3766.5  0.499366044998169
3769.1  0.5080103278160095
3771.7  0.529862642288208
3774.3  0.5646822452545166
3776.9  0.6084946990013122
3779.5  0.6521064639091491
3782.1  0.683784008026123
3784.7  0.6926320791244506
3787.3  0.6723703145980834
3789.9  0.6258933544158935
3792.5  0.5681793689727783
3795.1  0.5231112241744995
3797.7  0.5115376710891723
3800.3  0.5372387766838073
3802.9  0.5845561623573303
3805.5  0.6298882961273193
3808.1  0.6554768681526184
3810.7  0.6575334668159484
3813.3  0.6474796533584594
3815.9  0.643234372138977
3818.5  0.6537908315658569
3821.1  0.6718165874481201
3823.7  0.6812338829040527
3826.3  0.6695815324783325
3828.9  0.6353495717048645
3831.5  0.5903865694999694
3834.1  0.5567706823348999
3836.7  0.5552114248275756
3839.3  0.5910276174545288
3841.9  0.6510783433914184
3844.5  0.7153278589248657
3847.1  0.7703039050102233
3849.7  0.8108251094818115
3852.3  0.8329278826713562
3854.9  0.8328573703765869
3857.5  0.8156666755676269
3860.1  0.7983335852622985
3862.7  0.7962971925735473
3865.3  0.8074958324432373
3867.9  0.8148449659347534
3870.5  0.8040998578071594
3873.1  0.7753247022628784
3875.7  0.7378012537956237
3878.3  0.6981400251388549
3880.9  0.6557843685150146
3883.5  0.6102362275123596
3886.1  0.5708053708076477
3888.7  0.5547802448272705
3891.3  0.5733700990676879
3893.9  0.6217784881591796
3896.5  0.6842170357704162
3899.1  0.7453293800354003
3901.7  0.7958088517189025
3904.3  0.8318527340888977
3906.9  0.8534077405929565
3909.5  0.8626835346221923
3912.1  0.8637957572937011
3914.7  0.8625423908233642
3917.3  0.8621423840522766
3919.9  0.8559420704841613
3922.5  0.8273608684539794
3925.1  0.7628373503684997
3927.7  0.6687718629837036
3930.3  0.5762862563133239
3932.9  0.525507628917694
3935.5  0.5387986302375793
3938.1  0.6056263446807861
3940.7  0.6925300359725952
3943.3  0.7667744755744934
3945.9  0.811770737171173
3948.5  0.8265091180801391
3951.1  0.8168295621871948
3953.7  0.7876932621002197
3956.3  0.7406626939773559
3958.9  0.6767711639404296
3961.5  0.6015610694885253
3964.1  0.5283198356628417
3966.7  0.4768354892730713
3969.3  0.4656243622303009
3971.9  0.5003618597984313
3974.5  0.5688650012016296
3977.1  0.6490648388862609
3979.7  0.7219333052635192
3982.3  0.7778971195220947
3984.9  0.815470814704895
3987.5  0.837473452091217
3990.1  0.8481119871139526
3992.7  0.8515956401824951
3995.3  0.8521703481674194
3997.9  0.8541917204856872
4000.5  0.8615244626998901
4003.1  0.8771276473999023
4005.7  0.9024743437767028
4008.3  0.9360740780830383
4010.9  0.9728830456733703
4013.5  1.006266355514526
4016.1  1.030871152877808
4018.7  1.044328689575195
4021.3  1.04730761051178
4023.9  1.042226195335388
4026.5  1.031724691390991
4029.1  1.018608450889587
4031.7  1.006631851196289
4034.3  0.9990895986557006
4036.9  0.9954396486282348
4039.5  0.9912168383598327
4042.1  0.9825010299682617
4044.7  0.9684391021728515
4047.3  0.9484245181083679
4049.9  0.9214685559272766
4052.5  0.8920199275016784
4055.1  0.8719163537025451
4057.7  0.8700886368751525
4060.3  0.8814649581909179
4062.9  0.891495406627655
4065.5  0.8916890025138854
4068.1  0.8855708837509155
4070.7  0.8791260719299316
4073.3  0.8717939853668212
4075.9  0.8597746491432189
4078.5  0.8435658812522888
4081.1  0.8283519148826599
4083.7  0.8184068202972412
4086.3  0.8121488690376281
4088.9  0.8012802004814147
4091.5  0.7748089432716369
4094.1  0.7267850637435913
4096.7  0.6640874147415161
4099.3  0.6078930497169494
4101.9  0.5832677483558654
4104.5  0.601824402809143
4107.1  0.6538061499595642
4109.7  0.717551827430725
4112.3  0.7739730477333068
4114.9  0.8126775622367858
4117.5  0.8316937088966369
4120.1  0.8367499113082885
4122.7  0.8384095430374145
4125.3  0.8459320068359375
4127.9  0.8628284335136413
4130.5  0.8870157003402709
4133.1  0.9122114181518554
4135.7  0.9296912550926208
4138.3  0.9333716034889221
4140.9  0.926188588142395
4143.5  0.9185726642608642
4146.1  0.9167288541793823
4148.7  0.914861261844635
4151.3  0.9036448001861572
4153.9  0.8845748305320739
4156.5  0.8709338307380676
4159.1  0.8747090697288513
4161.7  0.8950093388557434
4164.3  0.9187768697738647
4166.9  0.9324142336845397
4169.5  0.9339051246643066
4172.1  0.9326034784317016
4174.7  0.9359288215637207
4177.3  0.9397552609443664
4179.9  0.9351897239685058
4182.5  0.9217645525932312
4185.1  0.9088943600654602
4187.7  0.9045096039772033
4190.3  0.9068325161933898
4192.9  0.9104159474372863
4195.5  0.917143166065216
4198.1  0.9346114993095397
4200.7  0.9634027481079101
4203.3  0.9920604825019836
4205.9  1.006821274757385
4208.5  1.003157258033753
4211.1  0.987623393535614
4213.7  0.9709830284118652
4216.3  0.9584293961524963
4218.9  0.9452664852142333
4221.5  0.925587773323059
4224.1  0.9059000015258789
4226.7  0.9028847217559814
4229.3  0.9237487912178039
4231.9  0.9550710916519165
4234.5  0.9756096005439758
4237.1  0.9752324819564819
4239.7  0.9579831957817077
4242.3  0.9327654838562011
4244.9  0.9078848958015441
4247.5  0.8922491669654846
4250.1  0.8924841880798339
4252.7  0.9053245186805725
4255.3  0.919565737247467
4257.9  0.9298672080039978
4260.5  0.9430373907089233
4263.1  0.9658468961715698
4265.7  0.9926535487174987
4268.3  1.011565089225769
4270.9  1.019024133682251
4273.5  1.021937370300293
4276.1  1.026967644691467
4278.7  1.032675981521607
4281.3  1.032218337059021
4283.9  1.019702196121216
4286.5  0.9931457638740539
4289.1  0.9549294710159301
4291.7  0.9118244051933288
4294.3  0.8735303878784179
4296.9  0.8492661118507385
4299.5  0.8444231152534484
4302.1  0.8578408956527709
4304.7  0.8794893026351928
4307.3  0.893838346004486
4309.9  0.8915731310844421
4312.5  0.8789138793945312
4315.1  0.8711157441139221
4317.7  0.8751450181007385
4320.3  0.8820135593414306
4322.9  0.8775485157966613
4325.5  0.8562151789665222
4328.1  0.8219088912010192
4330.7  0.7794404029846191
4333.3  0.7306732535362243
4335.9  0.6801128983497619
4338.5  0.6410287618637084
4341.1  0.6305515170097351
4343.7  0.655932068824768
4346.3  0.7077440023422241
4348.9  0.7684606909751892
4351.5  0.8251819610595703
4354.1  0.8730982542037963
4356.7  0.9110949039459228
4359.3  0.9378926157951354
4361.9  0.951648473739624
4364.5  0.9513924121856689
4367.1  0.9393023252487182
4369.7  0.9222931265830993
4372.3  0.9100768566131591
4374.9  0.9090563058853149
4377.5  0.9168856143951416
4380.1  0.9250815510749816
4382.7  0.9289040565490722
4385.3  0.9324358701705932
4387.9  0.9418002963066101
4390.5  0.9564168453216552
4393.1  0.9702507257461547
4395.7  0.9796978831291198
4398.3  0.9865990281105041
4400.9  0.9937378168106079
4403.5  1.000732421875
4406.1  1.005842804908752
4408.7  1.010064244270325
4411.3  1.016780257225037
4413.9  1.027321100234985
4416.5  1.038848757743836
4419.1  1.047356367111206
4421.7  1.051309585571289
4424.3  1.051647424697876
4426.9  1.049399495124817
4429.5  1.044582366943359
4432.1  1.036562919616699
4434.7  1.024158596992493
4437.3  1.006243586540222
4439.9  0.9841589927673339
4442.5  0.9631076455116271
4445.1  0.9494919180870056
4447.7  0.9466629028320312
4450.3  0.9532887935638427
4452.9  0.9648051261901855
4455.5  0.9759537577629089
4458.1  0.9817593097686767
4460.7  0.9771984815597534
4463.3  0.9599937200546264
4465.9  0.9358298778533935
4468.5  0.9166226983070373
4471.1  0.9091159105300903
4473.7  0.9075804948806762
4476.3  0.9020916819572448
4478.9  0.8915256261825561
4481.5  0.8838205337524414
4484.1  0.8847109079360961
4486.7  0.8913913369178771
4489.3  0.8983537554740905
4491.9  0.9053447842597961
4494.5  0.9170102477073669
4497.1  0.9364595413208007
4499.7  0.9608579874038696
4502.3  0.9831143021583557
4504.9  0.9963564872741699
4507.5  0.996622085571289
4510.1  0.9842466711997985
4512.7  0.965233027935028
4515.3  0.9496278166770935
4517.9  0.9452207684516906
4520.5  0.9517711997032165
4523.1  0.9617085456848144
4525.7  0.9663361310958862
4528.3  0.9624286890029907
4530.9  0.9543707370758056
4533.5  0.9500592947006225
4536.1  0.9542810916900634
4538.7  0.9654551744461059
4541.3  0.9777190685272216
4543.9  0.9851886630058288
4546.5  0.9850267767906188
4549.1  0.9790212512016296
4551.7  0.9734150767326354
4554.3  0.9751303195953369
4556.9  0.9857743978500366
4559.5  1.000088930130005
4562.1  1.011511325836182
4564.7  1.017812967300415
4567.3  1.020190715789795
4569.9  1.019073843955994
4572.5  1.012668967247009
4575.1  0.999092698097229
4577.7  0.9795960187911987
4580.3  0.9600400328636169
4582.9  0.9482712745666503
4585.5  0.9485845565795898
4588.1  0.9586925506591796
4590.7  0.9720101356506347
4593.3  0.9827116727828979
4595.9  0.9890980124473571
4598.5  0.9927995204925537
4601.1  0.9951012730598449
4603.7  0.9945888519287109
4606.3  0.9884321093559265
4608.9  0.9755274653434753
4611.5  0.9585694074630737
4614.1  0.9436851739883422
4616.7  0.9377466440200805
4619.3  0.9440389275550842
4621.9  0.9591592550277709
4624.5  0.9748894572257995
4627.1  0.9841089844703674
4629.7  0.9849375486373901
4632.3  0.9800520539283752
4634.9  0.9739033579826354
4637.5  0.9703912138938903
4640.1  0.9710704088211059
4642.7  0.97477787733078
4645.3  0.9795851111412048
4647.9  0.984561800956726
4650.5  0.9890754222869873
4653.1  0.9915527701377868
4655.7  0.9901302456855773
4658.3  0.984350562095642
4660.9  0.9760823845863342
4663.5  0.9689552187919616
4666.1  0.9662073254585266
4668.7  0.968049943447113
4671.3  0.9713331460952758
4673.9  0.9726670980453491
4676.5  0.9720889329910278
4679.1  0.9729368686676025
4681.7  0.977780282497406
4684.3  0.9854581952095031
4686.9  0.9928240776062011
4689.5  0.9981669783592224
4692.1  1.00165605545044
4694.7  1.003248453140259
4697.3  1.001650810241699
4699.9  0.9955504536628723
4702.5  0.9855850934982299
4705.1  0.9752152562141418
4707.7  0.9695352315902709
4710.3  0.972269594669342
4712.9  0.9829480648040771
4715.5  0.9968478083610534
4718.1  1.00794792175293
4720.7  1.012238264083862
4723.3  1.009148836135864
4725.9  1.001329302787781
4728.5  0.993503987789154
4731.1  0.9902364611625671
4733.7  0.9933993220329284
4736.3  1.001521944999695
4738.9  1.011747002601624
4741.5  1.021944642066956
4744.1  1.030732274055481
4746.7  1.036609530448914
4749.3  1.03834593296051
4751.9  1.035692572593689
4754.5  1.028937458992005
4757.1  1.018797636032105
4759.7  1.007760643959045
4762.3  1.00020956993103
4764.9  0.9993907809257507
4767.5  1.004871368408203
4770.1  1.013986706733704
4772.7  1.024426460266113
4775.3  1.03440248966217
4777.9  1.042041301727295
4780.5  1.046298503875733
4783.1  1.047831535339356
4785.7  1.048024892807007
4788.3  1.047318935394287
4790.9  1.044903755187988
4793.5  1.04013192653656
4796.1  1.034262657165527
4798.7  1.030271887779236
4801.3  1.030227065086365
4803.9  1.033249497413635
4806.5  1.036781072616577
4809.1  1.039259314537048
4811.7  1.040776371955872
4814.3  1.041769146919251
4816.9  1.042022585868836
4819.5  1.04086446762085
4822.1  1.037798762321472
4824.7  1.032802820205689
4827.3  1.026122808456421
4829.9  1.017764806747437
4832.5  1.00710928440094
4835.1  0.9932019710540771
4837.7  0.9757664203643798
4840.3  0.9557194113731384
4842.9  0.9341225028038024
4845.5  0.9102221131324768
4848.1  0.8803952932357788
4850.7  0.8390249609947204
4853.3  0.7825285792350769
4855.9  0.7160828709602355
4858.5  0.6570296287536621
4861.1  0.6269858479499816
4863.7  0.6357717514038085
4866.3  0.6736672520637512
4868.9  0.7218086719512939
4871.5  0.7681010961532592
4874.1  0.8107663393020629
4876.7  0.8504171967506408
4879.3  0.8847086429595947
4881.9  0.9112808108329772
4884.5  0.9318026304244995
4887.1  0.9501641392707824
4889.7  0.9671467542648315
4892.3  0.9788921475410461
4894.9  0.9817518591880798
4897.5  0.9775728583335876
4900.1  0.9723938107490539
4902.7  0.9700890779495239
4905.3  0.9698535203933715
4907.9  0.9702409505844116
4910.5  0.9720627665519714
4913.1  0.9758586883544921
4915.7  0.9803681373596191
4918.3  0.9854905605316162
4920.9  0.9933547973632812
4923.5  1.003845095634461
4926.1  1.011565089225769
4928.7  1.010180473327637
4931.3  0.9995790719985961
4933.9  0.9874404072761535
4936.5  0.9833372235298156
4939.1  0.9913885593414306
4941.7  1.007676601409912
4944.3  1.023315191268921
4946.9  1.02953052520752
4949.5  1.021819233894348
4952.1  1.00283408164978
4954.7  0.9827279448509216
4957.3  0.9735189080238342
4959.9  0.9796478152275085
4962.5  0.9947738647460937
4965.1  1.00892174243927
4967.7  1.016929626464844
4970.3  1.019201517105103
4972.9  1.017111539840698
4975.5  1.010164499282837
4978.1  0.9976310729980468
4980.7  0.9815267920494079
4983.3  0.9664332270622253
4985.9  0.9561068415641784
4988.5  0.9516591429710388
4991.1  0.9529576897621154
4993.7  0.959034264087677
4996.3  0.9668716788291931
4998.9  0.9728571772575378
5001.5  0.9759674072265625
5004.1  0.9773042798042297
5006.7  0.9768669605255126
5009.3  0.97331964969635
5011.9  0.9667239189147949
5014.5  0.9591853022575378
5017.1  0.9529449939727783
5019.7  0.9497281312942504
5022.3  0.9513571858406066
5024.9  0.9584934711456298
5027.5  0.9686313271522521
5030.1  0.9775300621986389
5032.7  0.983325719833374
5035.3  0.9878416061401367
5037.9  0.9931333065032958
5040.5  0.9981316924095153
5043.1  0.9999161958694458
5045.7  0.9973646402359008
5048.3  0.9923428893089294
5050.9  0.9880444407463073
5053.5  0.9872689843177795
5056.1  0.9913902282714843
5058.7  0.9990267753601074
5061.3  1.006026387214661
5063.9  1.008602738380432
5066.5  1.006799459457397
5069.1  1.003814697265625
5071.7  1.001932740211487
5074.3  1.00050163269043
5076.9  0.9981855154037475
5079.5  0.9954918026924133
5082.1  0.994106650352478
5084.7  0.9950500130653381
5087.3  0.9982439875602722
5089.9  1.002671957015991
5092.5  1.006522178649902
5095.1  1.008328914642334
5097.7  1.008236408233643
5100.3  1.007359862327576
5102.9  1.006219267845154
5105.5  1.004749417304993
5108.1  1.003633141517639
5110.7  1.004213213920593
5113.3  1.006263613700867
5115.9  1.006575226783752
5118.5  1.001155972480774
5121.1  0.9893889427185058
5123.7  0.9751897454261779
5126.3  0.963274598121643
5128.9  0.9544918537139892
5131.5  0.9456374645233154
5134.1  0.934370219707489
5136.7  0.9242772459983825
5139.3  0.9237642288208007
5141.9  0.9380444884300231
5144.5  0.9628629088401794
5147.1  0.9878920912742614
5149.7  1.005311489105225
5152.3  1.013505101203918
5154.9  1.014145970344544
5157.5  1.008521914482117
5160.1  0.9972844123840332
5162.7  0.9822205305099487
5165.3  0.9668247103691101
5167.9  0.9548105001449584
5170.5  0.9480490088462829
5173.1  0.9442837238311767
5175.7  0.9357551336288452
5178.3  0.9134767651557922
5180.9  0.877587616443634
5183.5  0.8426054120063781
5186.1  0.8282351493835449
5188.7  0.8438380360603332
5191.3  0.8822112679481506
5193.9  0.9266275167465209
5196.5  0.9626226425170898
5199.1  0.9848836064338684
5201.7  0.9961770772933959
5204.3  1.001777410507202
5206.9  1.004630565643311
5209.5  1.004331111907959
5212.1  0.9998742938041687
5214.7  0.9925595521926879
5217.3  0.9853063225746154
5219.9  0.9791703224182128
5222.5  0.9717355966567993
5225.1  0.9596481919288635
5227.7  0.942971646785736
5230.3  0.9276579022407531
5232.9  0.9229653477668762
5235.5  0.9340080022811889
5238.1  0.9564239978790283
5240.7  0.9798694849014282
5243.3  0.9962536692619323
5245.9  1.003600001335144
5248.5  1.003979325294495
5251.1  1.000068068504334
5253.7  0.9926500916481018
5256.3  0.9796334505081176
5258.9  0.9585046172142028
5261.5  0.9318423271179199
5264.1  0.9097856283187866
5266.7  0.9042083621025085
5269.3  0.918778657913208
5271.9  0.9455857276916503
5274.5  0.9721435904502868
5277.1  0.9907381534576416
5279.7  1.001117706298828
5282.3  1.006599426269531
5284.9  1.009550094604492
5287.5  1.010141134262085
5290.1  1.00784969329834
5292.7  1.003221869468689
5295.3  0.9980627298355102
5297.9  0.9939723014831542
5300.5  0.9908868074417114
5303.1  0.987406313419342
5305.7  0.9826958775520324
5308.3  0.9777761697769165
5310.9  0.9747938513755798
5313.5  0.9750505685806274
5316.1  0.9777005314826965
5318.7  0.9805217385292053
5321.3  0.9820354580879211
5323.9  0.9824036955833435
5326.5  0.981971800327301
5329.1  0.9797836542129516
5331.7  0.974800169467926
5334.3  0.9688127040863037
5336.9  0.9666042923927307
5339.5  0.9714290499687194
5342.1  0.9809979200363159
5344.7  0.9897541999816894
5347.3  0.9944643378257751
5349.9  0.9956204891204833
5352.5  0.993627905845642
5355.1  0.9861325621604919
5357.7  0.9712244272232055
5360.3  0.9530585408210754
5362.9  0.9417625069618225
5365.5  0.945265769958496
5368.1  0.9614571332931518
5370.7  0.9797337651252746
5373.3  0.9895878434181213
5375.9  0.9873313307762145
5378.5  0.9770845770835876
5381.1  0.9671525359153747
5383.7  0.9639769792556762
5386.3  0.9679394364356994
5388.9  0.9749844074249267
5391.5  0.9814504981040954
5394.1  0.9857537150382995
5396.7  0.9866948723793029
5399.3  0.9829498529434204
5401.9  0.9749218225479125
5404.5  0.9658374190330505
5407.1  0.9602439999580383
5409.7  0.9611707925796508
5412.3  0.9680953621864318
5414.9  0.9770587086677551
5417.5  0.9830142855644226
5420.1  0.9831591248512268
5422.7  0.9787915349006652
5425.3  0.9738886952400207
5427.9  0.971742033958435
5430.5  0.9734615683555603
5433.1  0.9790509343147277
5435.7  0.9878222942352294
5438.3  0.9975592494010925
5440.9  1.005163311958313
5443.5  1.008867383003235
5446.1  1.009124994277954
5448.7  1.00745952129364
5451.3  1.005063056945801
5453.9  1.002405285835266
5456.5  0.9996169805526733
5459.1  0.9970825314521789
5461.7  0.9957174658775329
5464.3  0.99649578332901
5466.9  0.9994205236434936
5469.5  1.003040909767151
5472.1  1.005434513092041
5474.7  1.005787611007691
5477.3  1.004470586776733
5479.9  1.001602172851563
5482.5  0.9967817664146423
5485.1  0.9909496903419494
5487.7  0.9870845675468444
5490.3  0.9874735474586486
5492.9  0.9907657504081726
5495.5  0.9928550124168395
5498.1  0.990625262260437
5500.7  0.9846786856651306
5503.3  0.9788904786109924
5505.9  0.9774331450462341
5508.5  0.9817886352539062
5511.1  0.9900637865066528
5513.7  0.9985557198524475
5516.3  1.003746151924133
5518.9  1.00363302230835
5521.5  0.9987104535102844
5524.1  0.9923430681228637
5526.7  0.9891401529312133
5529.3  0.991515576839447
5531.9  0.9978337287902832
5534.5  1.004298090934754
5537.1  1.008115530014038
5539.7  1.008691191673279
5542.3  1.006922245025635
5544.9  1.004050970077515
5547.5  1.000715970993042
5550.1  0.9966412186622619
5552.7  0.9913375377655029
5555.3  0.9850620031356811
5557.9  0.9789309501647949
5560.5  0.9744024872779846
5563.1  0.9728422760963439
5565.7  0.9746505618095397
5568.3  0.9780690670013427
5570.9  0.9800900220870971
5573.5  0.9797819852828979
5576.1  0.9793274402618408
5578.7  0.9802415370941162
5581.3  0.9802833199501037
5583.9  0.9762153625488281
5586.5  0.9686006903648376
5589.1  0.9620019793510437
5591.7  0.9609164595603942
5594.3  0.9665310382843017
5596.9  0.9765331745147705
5599.5  0.9869399070739746
5602.1  0.9945063591003417
5604.7  0.9982019662857055
5607.3  0.9988487362861633
5609.9  0.9979550242424011
5612.5  0.9970396161079406
5615.1  0.9972617030143737
5617.7  0.9989034533500671
5620.3  1.001328110694885
5622.9  1.0037761926651
5625.5  1.00577175617218
5628.1  1.006424427032471
5630.7  1.004056572914124
5633.3  0.9976741075515747
5635.9  0.9890306591987609
5638.5  0.9823556542396545
5641.1  0.9811112880706787
5643.7  0.9849123358726501
5646.3  0.990054428577423
5648.9  0.9930260181427001
5651.5  0.9930887818336486
5654.1  0.9917028546333312
5656.7  0.9902954697608947
5659.3  0.9890742897987365
5661.9  0.9877333045005798
5664.5  0.9867574572563171
5667.1  0.987449824810028
5669.7  0.9903427958488464
5672.3  0.9937897324562072
5674.9  0.994772732257843
5677.5  0.9915370941162109
5680.1  0.9854725003242492
5682.7  0.9801205396652221
5685.3  0.9781475067138671
5687.9  0.9795330762863159
5690.5  0.9823931455612182
5693.1  0.9845454096794128
5695.7  0.9840840697288513
5698.3  0.9795252084732055
5700.9  0.9704553484916687
5703.5  0.9586632251739501
5706.1  0.9485030174255371
5708.7  0.9449453353881835
5711.3  0.9501526951789855
5713.9  0.9618281722068786
5716.5  0.9751690030097961
5719.1  0.9863421320915222
5721.7  0.9941228628158569
5724.3  0.999028742313385
5726.9  1.001985430717468
5729.5  1.003942012786865
5732.1  1.005818724632263
5734.7  1.008069276809692
5737.3  1.0102299451828
5739.9  1.011173725128174
5742.5  1.009992480278015
5745.1  1.006877303123474
5747.7  1.003125190734863
5750.3  1.000003099441528
5752.9  0.9973638653755187
5755.5  0.9927415251731872
5758.1  0.9805519580841064
5760.7  0.9500723481178283
5763.3  0.8840249776840209
5765.9  0.7650924324989318
5768.5  0.5931326150894165
5771.1  0.3973933160305023
5773.7  0.2234834730625153
5776.3  0.1032381802797318
5778.9  0.0385790728032589
5781.5  0.01153584290295839
5784.1  0.002735769376158714
5786.7  5.075074150227010E-4
5789.3  6.747955922037363E-5
5791.9  0.
5794.5  0.
5797.1  0.
5799.7  0.
5802.3  0.
5804.9  0.
5807.5  0.
5810.1  0.
5812.7  0.
5815.3  0.
5817.9  0.
5820.5  7.017306052148342E-5
5823.1  5.281092016957700E-4
5825.7  0.002855328610166907
5828.3  0.01206569001078606
5830.9  0.04045559838414192
5833.5  0.1086085587739945
5836.1  0.2360290288925171
5838.7  0.4215467870235443
5841.3  0.6318336725234985
5843.9  0.8172289729118347
5846.5  0.9438810348510742
5849.1  1.009844660758972
5851.7  1.033973217010498
5854.3  1.036859035491943
5856.9  1.032042503356934
5859.5  1.026826858520508
5862.1  1.024563074111939
5864.7  1.025505185127258
5867.3  1.027911186218262
5869.9  1.029814958572388
5872.5  1.030384778976441
5875.1  1.030021190643311
5877.7  1.029628992080689
5880.3  1.029410600662231
5882.9  1.027714252471924
5885.5  1.020541906356812
5888.1  1.003365874290466
5890.7  0.9762733578681945
5893.3  0.9486335515975952
5895.9  0.9354500174522399
5898.5  0.9451724290847778
5901.1  0.9717720746994018
5903.7  1.000229120254517
5906.3  1.018057942390442
5908.9  1.021362900733948
5911.5  1.013967633247375
5914.1  1.003648519515991
5916.7  0.9977545738220214
5919.3  0.9995736479759216
5921.9  1.007142663002014
5924.5  1.015245199203491
5927.1  1.019235610961914
5929.7  1.017955422401428
5932.3  1.013599038124085
5934.9  1.009384393692017
5937.5  1.007441282272339
5940.1  1.008271932601929
5942.7  1.01131534576416
5945.3  1.015489220619202
5947.9  1.019404411315918
5950.5  1.02174437046051
5953.1  1.022195219993591
5955.7  1.022053480148315
5958.3  1.023247361183167
5960.9  1.026349544525147
5963.5  1.030008435249329
5966.1  1.032507419586182
5968.7  1.033170461654663
5971.3  1.032090187072754
5973.9  1.029589533805847
5976.5  1.026384711265564
5979.1  1.023461580276489
5981.7  1.021430253982544
5984.3  1.020463466644287
5986.9  1.020742774009705
5989.5  1.022255659103394
5992.1  1.02432382106781
5994.7  1.026033282279968
5997.3  1.027106523513794
5999.9  1.027903318405151
6002.5  1.028694868087769
6005.1  1.029367327690125
6007.7  1.029820799827576
6010.3  1.030315637588501
6012.9  1.03130578994751
6015.5  1.033008098602295
6018.1  1.035108804702759
6020.7  1.036879420280457
6023.3  1.03765332698822
6025.9  1.037273764610291
6028.5  1.036152839660645
6031.1  1.034919261932373
6033.7  1.033945322036743
6036.3  1.033161997795105
6038.9  1.032265067100525
6041.5  1.031066060066223
6044.1  1.02966058254242
6046.7  1.028307199478149
6049.3  1.027178883552551
6051.9  1.026305437088013
6054.5  1.025807142257691
6057.1  1.026004314422608
6059.7  1.027061700820923
6062.3  1.028617024421692
6064.9  1.030084133148193
6067.5  1.031309247016907
6070.1  1.032602190971375
6072.7  1.034118175506592
6075.3  1.035557627677917
6077.9  1.036491274833679
6080.5  1.03670597076416
6083.1  1.036235094070435
6085.7  1.035253047943115
6088.3  1.033991932868958
6090.9  1.032683730125427
6093.5  1.031477093696594
6096.1  1.030340552330017
6098.7  1.029100060462952
6101.3  1.027692437171936
6103.9  1.026344180107117
6106.5  1.025237321853638
6109.1  1.023827910423279
6111.7  1.020490646362305
6114.3  1.013337373733521
6116.9  1.002424478530884
6119.5  0.9916114211082458
6122.1  0.9868083000183105
6124.7  0.9906645417213439
6127.3  0.9993128180503845
6129.9  1.005615711212158
6132.5  1.005622982978821
6135.1  1.001652479171753
6137.7  0.9994200468063354
6140.3  1.002346277236939
6142.9  1.008914113044739
6145.5  1.015352606773377
6148.1  1.019273281097412
6150.7  1.019975543022156
6153.3  1.017005801200867
6155.9  1.010254502296448
6158.5  1.001054525375366
6161.1  0.9922277927398681
6163.7  0.9868477582931518
6166.3  0.9866794347763061
6168.9  0.9911268949508666
6171.5  0.9975918531417846
6174.1  1.003396511077881
6176.7  1.007675647735596
6179.3  1.011263012886047
6181.9  1.015086054801941
6184.5  1.019193410873413
6187.1  1.023038148880005
6189.7  1.026006579399109
6192.3  1.027733564376831
6194.9  1.028384685516357
6197.5  1.028720736503601
6200.1  1.029597401618958
6202.7  1.031219720840454
6205.3  1.032923460006714
6207.9  1.033773303031921
6210.5  1.033360004425049
6213.1  1.032009243965149
6215.7  1.03034508228302
6218.3  1.028765916824341
6220.9  1.027296662330628
6223.5  1.025736451148987
6226.1  1.023869633674622
6228.7  1.021628856658936
6231.3  1.019107937812805
6233.9  1.01636266708374
6236.5  1.013270735740662
6239.1  1.009837865829468
6241.7  1.006735563278198
6244.3  1.005175828933716
6246.9  1.005891680717468
6249.5  1.008370995521545
6252.1  1.011338472366333
6254.7  1.013672351837158
6257.3  1.014662027359009
6259.9  1.014074444770813
6262.5  1.012609362602234
6265.1  1.01185667514801
6267.7  1.01302444934845
6270.3  1.015700817108154
6272.9  1.018259048461914
6275.5  1.019490957260132
6278.1  1.019604444503784
6280.7  1.019432663917542
6283.3  1.018846154212952
6285.9  1.016351342201233
6288.5  1.010045528411865
6291.1  0.998573899269104
6293.7  0.9822704195976257
6296.3  0.9651774764060974
6298.9  0.9550475478172302
6301.5  0.9580541253089904
6304.1  0.972610592842102
6306.7  0.9902990460395812
6309.3  1.003209829330444
6311.9  1.00923490524292
6314.5  1.011086344718933
6317.1  1.012347340583801
6319.7  1.01482892036438
6322.3  1.018205165863037
6324.9  1.020840525627136
6327.5  1.021029710769653
6330.1  1.018378138542175
6332.7  1.014576435089111
6335.3  1.012391090393066
6337.9  1.013298273086548
6340.5  1.01633083820343
6343.1  1.019432783126831
6345.7  1.02129864692688
6348.3  1.021593689918518
6350.9  1.02020263671875
6353.5  1.017096161842346
6356.1  1.012834548950195
6358.7  1.008591294288635
6361.3  1.005199074745178
6363.9  1.002405643463135
6366.5  0.9997026324272155
6369.1  0.9979166984558105
6371.7  0.9990588426589965
6374.3  1.004105091094971
6376.9  1.011614441871643
6379.5  1.019031405448914
6382.1  1.024724721908569
6384.7  1.028320193290711
6387.3  1.029753923416138
6389.9  1.028588771820068
6392.5  1.024230480194092
6395.1  1.016971111297607
6397.7  1.0088871717453
6400.3  1.003011345863342
6402.9  1.001119017601013
6405.5  1.002933502197266
6408.1  1.007385969161987
6410.7  1.013259410858154
6413.3  1.018687009811401
6415.9  1.021819949150085
6418.5  1.022475719451904
6421.1  1.022169589996338
6423.7  1.022111058235169
6426.3  1.02155327796936
6428.9  1.018075823783875
6431.5  1.009442687034607
6434.1  0.9960799217224121
6436.7  0.9824545979499816
6439.3  0.9746605157852172
6441.9  0.9750764369964599
6444.5  0.9804121851921081
6447.1  0.9860591292381286
6449.7  0.9903595447540283
6452.3  0.9929671883583068
6454.9  0.9918220043182373
6457.5  0.9853501319885253
6460.1  0.9771040081977844
6462.7  0.9747069478034973
6465.3  0.9824957847595214
6467.9  0.9969169497489929
6470.5  1.01040780544281
6473.1  1.018125891685486
6475.7  1.019799709320068
6478.3  1.017173409461975
6480.9  1.011655926704407
6483.5  1.003590226173401
6486.1  0.992355465888977
6488.7  0.9779329895973205
6491.3  0.963600754737854
6493.9  0.9557031989097595
6496.5  0.9586453437805175
6499.1  0.9703948497772216
6501.7  0.9842610359191894
6504.3  0.9945521354675292
6506.9  0.9996330738067626
6509.5  1.000825643539429
6512.1  1.00023877620697
6514.7  0.9995530843734741
6517.3  0.9994844794273376
6519.9  0.9995926618576049
6522.5  0.9988636374473571
6525.1  0.9968289136886596
6527.7  0.9940841197967529
6530.3  0.9915697574615478
6532.9  0.989427626132965
6535.5  0.986641526222229
6538.1  0.9816718697547912
6540.7  0.9733701348304748
6543.3  0.9614111185073852
6545.9  0.9457804560661315
6548.5  0.925514817237854
6551.1  0.8980634808540344
6553.7  0.8607833981513977
6556.3  0.8147063851356506
6558.9  0.7680046558380126
6561.5  0.7346472144126892
6564.1  0.7263242006301879
6566.7  0.7437895536422729
6569.3  0.7771321535110473
6571.9  0.8148859143257141
6574.5  0.8511796593666076
6577.1  0.8842781782150268
6579.7  0.9121332764625549
6582.3  0.9322410821914672
6584.9  0.94456148147583
6587.5  0.9523030519485473
6590.1  0.9596398472785949
6592.7  0.9690937399864196
6595.3  0.9805712103843688
6597.9  0.9922061562538146
6600.5  1.00207531452179
6603.1  1.009493827819824
6605.7  1.014984846115112
6608.3  1.019351363182068
6610.9  1.02293848991394
6613.5  1.025654196739197
6616.1  1.027366638183594
6618.7  1.028091788291931
6621.3  1.027945041656494
6623.9  1.027024984359741
6626.5  1.025371789932251
6629.1  1.023107290267944
6631.7  1.020685911178589
6634.3  1.018871426582337
6636.9  1.018265604972839
6639.5  1.018842697143555
6642.1  1.020004391670227
6644.7  1.021061539649963
6647.3  1.021658778190613
6649.9  1.021880269050598
6652.5  1.022103667259216
6655.1  1.022789359092712
6657.7  1.024296164512634
6660.3  1.026710271835327
6662.9  1.029733896255493
6665.5  1.032740473747253
6668.1  1.035041928291321
6670.7  1.036248683929443
6673.3  1.036579489707947
6675.9  1.036925554275513
6678.5  1.038376331329346
6681.1  1.041290998458862
6683.7  1.044800043106079
6686.3  1.047438144683838
6688.9  1.04826295375824
6691.5  1.047307729721069
6694.1  1.045238256454468
6696.7  1.042845129966736
6699.3  1.040694713592529
6701.9  1.03889536857605
6704.5  1.037034749984741
6707.1  1.034334182739258
6709.7  1.030048489570618
6712.3  1.024220824241638
6714.9  1.018332481384277
6717.5  1.014722228050232
6720.1  1.014700293540955
6722.7  1.017335891723633
6725.3  1.020437240600586
6727.9  1.022462248802185
6730.5  1.023309469223022
6733.1  1.023681282997131
6735.7  1.024023413658142
6738.3  1.024056673049927
6740.9  1.023351430892944
6743.5  1.022340059280396
6746.1  1.022509217262268
6748.7  1.025267720222473
6751.3  1.030525088310242
6753.9  1.036510348320007
6756.5  1.041112303733826
6759.1  1.04330575466156
6761.7  1.043323397636414
6764.3  1.041912198066712
6766.9  1.039769053459168
6769.5  1.037467956542969
6772.1  1.035468935966492
6774.7  1.033936142921448
6777.3  1.032676100730896
6779.9  1.03140127658844
6782.5  1.030024290084839
6785.1  1.028612852096558
6787.7  1.027162671089172
6790.3  1.025569081306458
6792.9  1.02383017539978
6795.5  1.022194623947144
6798.1  1.021036028862
6800.7  1.020567893981934
6803.3  1.020727872848511
6805.9  1.021394610404968
6808.5  1.022667050361633
6811.1  1.024753212928772
6813.7  1.027487516403198
6816.3  1.030129671096802
6818.9  1.03179144859314
6821.5  1.032004237174988
6824.1  1.030827760696411
6826.7  1.028549313545227
6829.3  1.025446772575378
6831.9  1.021831393241882
6834.5  1.018205404281616
6837.1  1.01520037651062
6839.7  1.013213634490967
6842.3  1.012056112289429
6844.9  1.0108562707901
6847.5  1.008337616920471
6850.1  1.003694772720337
6852.7  0.997569978237152
6855.3  0.9910904765129089
6857.9  0.9818834066390991
6860.5  0.9604209661483764
6863.1  0.9128901958465576
6865.7  0.8333979845046997
6868.3  0.7367476224899291
6870.9  0.6556923985481262
6873.5  0.6198990941047668
6876.1  0.6370524168014526
6878.7  0.6935113072395324
6881.3  0.7668817639350891
6883.9  0.8369629979133605
6886.5  0.8921209573745727
6889.1  0.9289049506187438
6891.7  0.9458978176116943
6894.3  0.9409356117248535
6896.9  0.9158980250358581
6899.5  0.8817818760871887
6902.1  0.8564857244491577
6904.7  0.8547996878623962
6907.3  0.8766200542449951
6909.9  0.9048995375633239
6912.5  0.919072687625885
6915.1  0.9120111465454101
6917.7  0.8939713835716247
6920.3  0.8823992013931274
6922.9  0.8887779712677001
6925.5  0.911983847618103
6928.1  0.9413020610809326
6930.7  0.9658241271972656
6933.3  0.981580913066864
6935.9  0.990462303161621
6938.5  0.9952501654624938
6941.1  0.9973113536834716
6943.7  0.997385025024414
6946.3  0.996492326259613
6948.9  0.9957542419433593
6951.5  0.9958966374397277
6954.1  0.9969481229782104
6956.7  0.9985451698303222
6959.3  1.000554323196411
6961.9  1.003310203552246
6964.5  1.007126569747925
6967.1  1.011585354804993
6969.7  1.015394806861878
6972.3  1.017187237739563
6974.9  1.016612648963928
6977.5  1.014469265937805
6980.1  1.011587142944336
6982.7  1.007502913475037
6985.3  1.000435709953308
6987.9  0.9891861677169799
6990.5  0.9755324721336364
6993.1  0.9640288949012756
6995.7  0.9583548307418823
6998.3  0.9582908749580383
7000.9  0.9610944986343383
7003.5  0.9649545550346374
7006.1  0.9697332382202148
7008.7  0.9749112129211425
7011.3  0.978789746761322
7013.9  0.9803559184074401
7016.5  0.9805933237075805
7019.1  0.9810631275177001
7021.7  0.9820452332496643
7024.3  0.9827053546905517
7026.9  0.9824079275131225
7029.5  0.9813059568405151
7032.1  0.9803052544593811
7034.7  0.9807337522506713
7037.3  0.9833531379699707
7039.9  0.9874138832092285
7042.5  0.9911838769912719
7045.1  0.9936162829399108
7047.7  0.9951636791229248
7050.3  0.9968791007995605
7052.9  0.9989950656890869
7055.5  1.000588178634644
7058.1  1.000516176223755
7060.7  0.9985297322273254
7063.3  0.9956300258636474
7065.9  0.9935335516929626
7068.5  0.9934830665588378
7071.1  0.9951968789100646
7073.7  0.9971042275428771
7076.3  0.9977244138717651
7078.9  0.9966127872467041
7081.5  0.994169533252716
7084.1  0.9911456108093261
7086.7  0.9884092211723327
7089.3  0.9866913557052612
7091.9  0.9862498044967651
7094.5  0.986798882484436
7097.1  0.9877692461013793
7099.7  0.9885362982749938
7102.3  0.9883829951286315
7104.9  0.9863298535346984
7107.5  0.9812420010566711
7110.1  0.9727975726127624
7112.7  0.9630274176597595
7115.3  0.9563186764717102
7117.9  0.956361174583435
7120.5  0.9625458121299743
7123.1  0.9703453779220581
7125.7  0.9757757186889648
7128.3  0.9789040088653564
7130.9  0.9826534390449523
7133.5  0.9888288378715515
7136.1  0.9961445927619934
7138.7  1.001965761184692
7141.3  1.004918813705444
7143.9  1.005464196205139
7146.5  1.004759550094605
7149.1  1.003485202789307
7151.7  1.001301407814026
7154.3  0.9967785477638244
7156.9  0.987781822681427
7159.5  0.9724982976913452
7162.1  0.9508412480354309
7164.7  0.9256120920181274
7167.3  0.9028457403182983
7169.9  0.8904800415039062
7172.5  0.8941503763198852
7175.1  0.9119975566864013
7177.7  0.934173047542572
7180.3  0.948968768119812
7182.9  0.9492459893226623
7185.5  0.9340121150016784
7188.1  0.9077460765838623
7190.7  0.8798983693122863
7193.3  0.8609375953674316
7195.9  0.8549342155456542
7198.5  0.8580686450004577
7201.1  0.8662099838256835
7203.7  0.8801183700561523
7206.3  0.9012077450752258
7208.9  0.926182746887207
7211.5  0.9482284784317016
7214.1  0.9611846208572387
7216.7  0.9607048034667968
7219.3  0.9440261125564575
7221.9  0.9132772088050842
7224.5  0.8796865940093994
7227.1  0.8593528866767883
7229.7  0.8595364093780517
7232.3  0.8705933094024658
7234.9  0.8744640946388244
7237.5  0.8606194853782653
7240.1  0.834209382534027
7242.7  0.8118490576744079
7245.3  0.8093174695968627
7247.9  0.8295279145240783
7250.5  0.8613324761390686
7253.1  0.890791893005371
7255.7  0.9122116565704345
7258.3  0.9279863238334655
7260.9  0.9414642453193664
7263.5  0.9523696899414062
7266.1  0.9575680494308471
7268.7  0.9543164372444152
7271.3  0.9431691765785217
7273.9  0.9289566278457641
7276.5  0.9174535274505615
7279.1  0.9095085859298706
7281.7  0.9002372622489929
7284.3  0.8861702680587768
7286.9  0.871276319026947
7289.5  0.8636656999588012
7292.1  0.8683999180793762
7294.7  0.8849025964736938
7297.3  0.9083266258239746
7299.9  0.9315056204795837
7302.5  0.9478645920753479
7305.1  0.9545406699180603
7307.7  0.9529178142547607
7310.3  0.9466564655303955
7312.9  0.9397271871566772
7315.5  0.9357247352600097
7318.1  0.9372246265411376
7320.7  0.9443361759185791
7323.3  0.954289972782135
7325.9  0.9634951949119567
7328.5  0.9700753688812255
7331.1  0.9742314219474792
7333.7  0.9768815636634826
7336.3  0.9785681962966918
7338.9  0.9793954491615295
7341.5  0.9794261455535888
7344.1  0.9789398908615112
7346.7  0.9783959984779357
7349.3  0.9781445264816284
7351.9  0.9779733419418334
7354.5  0.9769262075424194
7357.1  0.9739299416542053
7359.7  0.9690668582916259
7362.3  0.9641483426094055
7364.9  0.9614283442497253
7367.5  0.9613609313964843
7370.1  0.9621002078056335
7372.7  0.9616567492485046
7375.3  0.9600124359130859
7377.9  0.9584667682647705
7380.5  0.9572485089302062
7383.1  0.9548006653785705
7385.7  0.9500843882560729
7388.3  0.9453073143959045
7390.9  0.9452165961265563
7393.5  0.9526605606079101
7396.1  0.9651566743850708
7398.7  0.9766163229942321
7401.3  0.9822101593017578
7403.9  0.9814289212226867
7406.5  0.9775725603103637
7409.1  0.9749276638031005
7411.7  0.9755119085311889
7414.3  0.9778331518173217
7416.9  0.9789943695068359
7419.5  0.9779045581817626
7422.1  0.9760372638702392
7424.7  0.9753723740577697
7427.3  0.9763544201850891
7429.9  0.9779041409492492
7432.5  0.9786480665206909
7435.1  0.9776874780654907
7437.7  0.9747784733772277
7440.3  0.970581829547882
7442.9  0.966808795928955
7445.5  0.9654507637023925
7448.1  0.9672861099243164
7450.7  0.9711918234825134
7453.3  0.9751191735267639
7455.9  0.977614402770996
7458.5  0.9783935546875
7461.1  0.9779664278030395
7463.7  0.9770962595939636
7466.3  0.9764583110809326
7468.9  0.9764619469642639
7471.5  0.9771927595138549
7474.1  0.9785116314888
7476.7  0.9802621603012084
7479.3  0.9824140667915344
7481.9  0.984905183315277
7484.5  0.9871419072151184
7487.1  0.9879060387611389
7489.7  0.9865487813949584
7492.3  0.9845282435417175
7494.9  0.9847840666770935
7497.5  0.9887716770172119
7500.1  0.9946550726890563
7502.7  0.9990345835685729
7505.3  0.9999107122421264
7507.9  0.9976470470428466
7510.5  0.9939216375350952
7513.1  0.990445852279663
7515.7  0.988206148147583
7518.3  0.9871248006820678
7520.9  0.9861469268798828
7523.5  0.9839399456977844
7526.1  0.9800420403480529
7528.7  0.9757304787635803
7531.3  0.9734243154525756
7533.9  0.9745729565620422
7536.5  0.97819584608078
7539.1  0.9819210171699523
7541.7  0.984209656715393
7544.3  0.9851670861244201
7546.9  0.9855561852455139
7549.5  0.9856966733932495
7552.1  0.9854564070701599
7554.7  0.9848748445510864
7557.3  0.9844059944152832
7559.9  0.98455810546875
7562.5  0.9854230880737304
7565.1  0.9866277575492858
7567.7  0.9877334833145141
7570.3  0.9886037111282348
7572.9  0.9892624616622924
7575.5  0.989345908164978
7578.1  0.9877787828445434
7580.7  0.9831293821334838
7583.3  0.9739125967025756
7585.9  0.9574100971221923
7588.5  0.9277315139770507
7591.1  0.8764418959617614
7593.7  0.7969210743904113
7596.3  0.6902267932891845
7598.9  0.5699074268341064
7601.5  0.4613692462444305
7604.1  0.3902827501296997
7606.7  0.3673919439315796
7609.3  0.3876409530639648
7611.9  0.4426463842391968
7614.5  0.5241848230361938
7617.1  0.6141431331634521
7619.7  0.6841571927070617
7622.3  0.7146097421646118
7624.9  0.7103256583213806
7627.5  0.6926578283309936
7630.1  0.6778796911239624
7632.7  0.6672586798667907
7635.3  0.6573661565780639
7637.9  0.6531176567077636
7640.5  0.664759874343872
7643.1  0.6938169002532958
7645.7  0.7286999225616455
7648.3  0.7565727829933166
7650.9  0.7759779691696166
7653.5  0.7957174181938171
7656.1  0.8237581253051757
7658.7  0.8597633242607116
7661.3  0.8973313570022583
7663.9  0.930138349533081
7666.5  0.9551424980163574
7669.1  0.972466766834259
7671.7  0.9838936328887939
7674.3  0.9913212060928344
7676.9  0.9960298538208007
7679.5  0.998787522315979
7682.1  1.000109195709229
7684.7  1.000382661819458
7687.3  1.000412821769714
7689.9  1.001546025276184
7692.5  1.004590630531311
7695.1  1.00868284702301
7697.7  1.011823177337647
7700.3  1.012435555458069
7702.9  1.010160803794861
7705.5  1.00565242767334
7708.1  1.000203847885132
7710.7  0.9953647851943969
7713.3  0.9922842979431152
7715.9  0.9911752939224243
7718.5  0.9914964437484741
7721.1  0.9925647377967834
7723.7  0.9938544034957885
7726.3  0.9949060082435607
7728.9  0.9953733086585998
7731.5  0.9952536225318908
7734.1  0.9948678016662597
7736.7  0.9945570230484008
7739.3  0.9944674372673034
7741.9  0.9945366978645324
7744.5  0.9945800304412841
7747.1  0.994459331035614
7749.7  0.994251012802124
7752.3  0.9941783547401428
7754.9  0.9943615198135375
7757.5  0.9947243332862854
7760.1  0.9950451850891113
7762.7  0.9948690533638
7765.3  0.9932143092155456
7767.9  0.988789677619934
7770.5  0.9813998937606811
7773.1  0.9736672639846801
7775.7  0.9704557657241821
7778.3  0.9751933217048645
7780.9  0.9866582751274108
7783.5  0.9999514818191528
7786.1  1.010404586791992
7788.7  1.016279697418213
7791.3  1.018407702445984
7793.9  1.018349885940552
7796.5  1.017260789871216
7799.1  1.015794634819031
7801.7  1.014230966567993
7804.3  1.012578368186951
7806.9  1.010793566703796
7809.5  1.009006261825562
7812.1  1.007449746131897
7814.7  1.006271839141846
7817.3  1.005445837974548
7819.9  1.004767537117004
7822.5  1.003856778144836
7825.1  1.002243399620056
7827.7  0.9996814131736755
7830.3  0.996561586856842
7832.9  0.9938825964927673
7835.5  0.9925158023834228
7838.1  0.9924083948135375
7840.7  0.9926899075508117
7843.3  0.992664635181427
7845.9  0.9925651550292968
7848.5  0.9932019710540771
7851.1  0.9949229955673217
7853.7  0.9969770312309265
7856.3  0.9979180693626403
7858.9  0.9967961311340332
7861.5  0.9941436648368835
7864.1  0.991746187210083
7866.7  0.9911504983901977
7869.3  0.9924036264419555
7871.9  0.9945080876350402
7874.5  0.9971097707748413
7877.1  1.001213788986206
7879.7  1.007740378379822
7882.3  1.015735626220703
7884.9  1.022671103477478
7887.5  1.026427268981934
7890.1  1.026644825935364
7892.7  1.024255514144898
7895.3  1.019952297210693
7897.9  1.012893438339233
7900.5  1.001108169555664
7903.1  0.9843207597732543
7905.7  0.9669186472892761
7908.3  0.9561362862586975
7910.9  0.9553028941154479
7913.5  0.9598851203918457
7916.1  0.9619678258895874
7918.7  0.9579900503158569
7921.3  0.9513428211212158
7923.9  0.9482638835906982
7926.5  0.9517356157302856
7929.1  0.9593429565429687
7931.7  0.9666877388954162
7934.3  0.9716394543647766
7936.9  0.9746463894844055
7939.5  0.9762520790100097
7942.1  0.9762042164802551
7944.7  0.9749218225479125
7947.3  0.9739990234375
7949.9  0.9738702774047851
7952.5  0.9721928834915161
7955.1  0.9666435718536376
7957.7  0.9593456983566284
7960.3  0.9563367962837219
7962.9  0.961573302745819
7965.5  0.9729439616203308
7968.1  0.985173225402832
7970.7  0.9950730800628662
7973.3  1.002826333045959
7975.9  1.009677767753601
7978.5  1.016024708747864
7981.1  1.021549940109253
7983.7  1.025956273078919
7986.3  1.028815150260925
7988.9  1.029050469398499
7991.5  1.02532172203064
7994.1  1.017246246337891
7996.7  1.00586211681366
7999.3  0.9928686022758483
8001.9  0.9801222681999206
8004.5  0.9703186750411987
8007.1  0.9667397737503051
8009.7  0.9704920649528503
8012.3  0.9784033894538879
8014.9  0.9851586818695068
8017.5  0.9875662922859191
8020.1  0.9864282011985778
8022.7  0.9847747683525085
8025.3  0.9847399592399597
8027.9  0.9861694574356079
8030.5  0.987762451171875
8033.1  0.9884827136993408
8035.7  0.9872940182685852
8038.3  0.9827534556388854
8040.9  0.9746818542480468
8043.5  0.9660210013389587
8046.1  0.9611903429031372
8048.7  0.961860716342926
8051.3  0.9655437469482421
8053.9  0.9687896370887756
8056.5  0.9706555604934692
8059.1  0.9725134968757629
8061.7  0.9754993319511413
8064.3  0.9791805148124694
8066.9  0.9826965928077697
8069.5  0.9860353469848632
8072.1  0.9893540143966674
8074.7  0.9917357563972473
8077.3  0.9918023943901062
8079.9  0.9897501468658447
8082.5  0.9882127046585083
8085.1  0.9904305934906005
8087.7  0.9970622658729553
8090.3  1.005161762237549
8092.9  1.010938763618469
8095.5  1.013125419616699
8098.1  1.013120532035828
8100.7  1.012588977813721
8103.3  1.011996269226074
8105.9  1.011244177818298
8108.5  1.010563373565674
8111.1  1.01031768321991
8113.7  1.010499596595764
8116.3  1.010549545288086
8118.9  1.009203910827637
8121.5  1.004525423049927
8124.1  0.9945476055145263
8126.7  0.9786549806594848
8129.3  0.9594390392303466
8131.9  0.9434801936149597
8134.5  0.938131034374237
8137.1  0.9451434612274169
8139.7  0.9582633972167968
8142.3  0.9688246250152587
8144.9  0.9729703664779663
8147.5  0.9725455045700073
8150.1  0.9707453846931457
8152.7  0.9687089920043945
8155.3  0.9654911160469055
8157.9  0.9588164687156677
8160.5  0.945718228816986
8163.1  0.9253438115119934
8165.7  0.9023729562759399
8168.3  0.8840749263763427
8170.9  0.871066391468048
8173.5  0.8555550575256347
8176.1  0.8339407444000244
8178.7  0.816934585571289
8181.3  0.8201727271080017
8183.9  0.8463945388793945
8186.5  0.8823875784873962
8189.1  0.9115592837333679
8191.7  0.9249261617660522
8194.3  0.9233845472335815
8196.9  0.916114330291748
8199.5  0.9151482582092285
8202.1  0.9253664016723632
8204.7  0.9390383958816528
8207.3  0.9420293569564819
8209.9  0.9247892498970031
8212.5  0.8890435099601745
8215.1  0.8487942814826965
8217.7  0.8229187726974487
8220.3  0.8189736008644104
8222.9  0.8249151706695556
8225.5  0.8240336775779724
8228.1  0.8167864680290222
8230.7  0.8205227851867675
8233.3  0.8479920625686645
8235.9  0.8923354744911193
8238.5  0.9339967966079711
8241.1  0.957745611667633
8243.7  0.9616153240203857
8246.3  0.9534687995910644
8248.9  0.9416161775588989
8251.5  0.9283835887908935
8254.1  0.9125422239303588
8256.7  0.8974631428718566
8259.3  0.8928131461143493
8261.9  0.9052083492279052
8264.5  0.9301512241363525
8267.1  0.9562723040580749
8269.7  0.9753412008285522
8272.3  0.9861238002777099
8274.9  0.9910211563110351
8277.5  0.9918960928916931
8280.1  0.9890821576118469
8282.7  0.9831401705741882
8285.3  0.9766613841056823
8287.9  0.9736132621765136
8290.5  0.9762505292892456
8293.1  0.9832953214645385
8295.7  0.9914988279342651
8298.3  0.9981814622879028
8300.9  1.001688003540039
8303.5  1.000867962837219
8306.1  0.9961205124855041
8308.7  0.9910388588905334
8311.3  0.9908393025398254
8313.9  0.9973713159561157
8316.5  1.006374001502991
8319.1  1.010858535766602
8321.7  1.006842851638794
8324.3  0.9957476258277893
8326.9  0.9827410578727722
8329.5  0.9735283255577087
8332.1  0.9716066122055053
8334.7  0.9769007563591003
8337.3  0.9862362146377563
8339.9  0.995535135269165
8342.5  1.002119183540344
8345.1  1.00541889667511
8347.7  1.006175637245178
8350.3  1.005413055419922
8352.9  1.003775596618652
8355.5  1.001387119293213
8358.1  0.9983123540878295
8360.7  0.9951134324073791
8363.3  0.9927617907524108
8365.9  0.9920429587364196
8368.5  0.9930602312088012
8371.1  0.9951558113098144
8373.7  0.9973537325859069
8376.3  0.9990561008453369
8378.9  1.00028932094574
8381.5  1.001248836517334
8384.1  1.00181257724762
8386.7  1.001644372940063
8389.3  1.000645637512207
8391.9  0.9991552233695983
8394.5  0.9975386261940002
8397.1  0.9955622553825378
8399.7  0.9926573038101196
8402.3  0.9892594814300537
8404.9  0.9872304201126098
8407.5  0.9879927635192871
8410.1  0.9909808635711669
8412.7  0.9951249957084655
8415.3  1.001125454902649
8417.9  1.010673642158508
8420.5  1.023437857627869
8423.1  1.036066293716431
8425.7  1.044554114341736
8428.3  1.047037243843079
8430.9  1.04409384727478
8433.5  1.037031412124634
8436.1  1.02607262134552
8438.7  1.010304808616638
8441.3  0.9905143976211547
8443.9  0.9726012349128723
8446.5  0.9656053781509399
8449.1  0.973590075969696
8451.7  0.9907761812210083
8454.3  1.006693005561829
8456.9  1.014790892601013
8459.5  1.01511824131012
8462.1  1.011237740516663
8464.7  1.006857514381409
8467.3  1.004441380500794
8469.9  1.004850029945374
8472.5  1.007325530052185
8475.1  1.010209202766419
8477.7  1.012124419212341
8480.3  1.012690901756287
8482.9  1.011847734451294
8485.5  1.008402585983276
8488.1  0.9993505477905273
8490.7  0.9815490841865539
8493.3  0.9558787941932678
8495.9  0.9304363131523132
8498.5  0.9171341061592102
8501.1  0.9221214056015014
8503.7  0.9399107694625854
8506.3  0.9586775302886962
8508.9  0.9706829190254211
8511.5  0.9766139984130859
8514.1  0.9814079403877258
8516.7  0.9880284070968627
8519.3  0.9954621791839599
8521.9  1.001074552536011
8524.5  1.003161549568176
8527.1  1.000383496284485
8529.7  0.9881399273872375
8532.3  0.9545276165008544
8534.9  0.8808027505874633
8537.5  0.7516940832138061
8540.1  0.5725841522216796
8542.7  0.3766902387142181
8545.3  0.2083240002393723
8547.9  0.09487573057413101
8550.5  0.03504742681980133
8553.1  0.01038439851254225
8555.7  0.0024445541203022
8558.3  4.497079062275589E-4
8560.9  5.888158557354472E-5
8563.5  0.
8566.1  0.
8568.7  0.
8571.3  0.
8573.9  0.
8576.5  0.
8579.1  0.
8581.7  0.
8584.3  0.
8586.9  0.
8589.5  0.
8592.1  0.
8594.7  0.
8597.3  0.
8599.9  0.
8602.5  0.
8605.1  0.
8607.7  0.
8610.3  0.
8612.9  0.
8615.5  0.
8618.1  0.
8620.7  0.
8623.3  0.
8625.9  0.
8628.5  0.
8631.1  0.
8633.7  0.
8636.3  0.
8638.9  0.
8641.5  2.952243266918231E-5
8644.1  2.534617960918695E-4
8646.7  0.001442096545360982
8649.3  0.006390412803739309
8651.9  0.02262627147138119
8654.5  0.0646972432732582
8657.1  0.1510120332241058
8659.7  0.2915987372398377
8662.3  0.4739744663238525
8664.9  0.6631622314453125
8667.5  0.8209127187728881
8670.1  0.9272423982620239
8672.7  0.9852294921875
8675.3  1.010358095169067
8677.9  1.018671631813049
8680.5  1.021381378173828
8683.1  1.024327397346497
8685.7  1.029637932777405
8688.3  1.037775754928589
8690.9  1.048050045967102
8693.5  1.05820369720459
8696.1  1.065505385398865
8698.7  1.068854570388794
8701.3  1.069265127182007
8703.9  1.068395733833313
8706.5  1.067143797874451
8709.1  1.065608620643616
8711.7  1.063778877258301
8714.3  1.061848878860474
8716.9  1.060028314590454
8719.5  1.058393597602844
8722.1  1.05699634552002
8724.7  1.055860042572022
8727.3  1.054691076278687
8729.9  1.05261504650116
8732.5  1.048362612724304
8735.1  1.040862917900085
8737.7  1.02975857257843
8740.3  1.015516400337219
8742.9  0.999422550201416
8745.5  0.9839493036270141
8748.1  0.9731139540672302
8750.7  0.9712274670600891
8753.3  0.979708969593048
8755.9  0.9951816797256469
8758.5  1.011817812919617
8761.1  1.025725603103638
8763.7  1.036576151847839
8766.3  1.045607089996338
8768.9  1.053535223007202
8771.5  1.060784459114075
8774.1  1.068278670310974
8776.7  1.076699733734131
8779.3  1.085451006889343
8781.9  1.093183755874634
8784.5  1.099013924598694
8787.1  1.10273802280426
8789.7  1.104350209236145
8792.3  1.103976726531983
8794.9  1.102110385894775
8797.5  1.099435091018677
8800.1  1.096335053443909
8802.7  1.092851400375366
8805.3  1.08920693397522
8807.9  1.086083889007568
8810.5  1.084096431732178
8813.1  1.083174824714661
8815.7  1.08273184299469
8818.3  1.082314014434815
8820.9  1.081766247749329
8823.5  1.080781817436218
8826.1  1.078686475753784
8828.7  1.074909567832947
8831.3  1.069590330123901
8833.9  1.063578009605408
8836.5  1.057823538780212
8839.1  1.052736878395081
8841.7  1.047998070716858
8844.3  1.04277515411377
8846.9  1.03583037853241
8849.5  1.02541983127594
8852.1  1.009705185890198
8854.7  0.9882668256759643
8857.3  0.964107871055603
8859.9  0.9442411661148071
8862.5  0.9368068575859069
8865.1  0.94561767578125
8867.7  0.9670855998992919
8870.3  0.9930470585823059
8872.9  1.016429662704468
8875.5  1.034233570098877
8878.1  1.046733856201172
8880.7  1.055562257766724
8883.3  1.06246829032898
8885.9  1.068704009056091
8888.5  1.074722409248352
8891.1  1.080247521400452
8893.7  1.084742188453674
8896.3  1.087869644165039
8898.9  1.089377999305725
8901.5  1.088341951370239
8904.1  1.083254337310791
8906.7  1.074298143386841
8909.3  1.065752029418945
8911.9  1.063705801963806
8914.5  1.069327712059021
8917.1  1.075499176979065
8919.7  1.072329640388489
8922.3  1.056725382804871
8924.9  1.036748051643372
8927.5  1.025915145874023
8930.1  1.031610369682312
8932.7  1.049064159393311
8935.3  1.067015767097473
8937.9  1.077535390853882
8940.5  1.079943656921387
8943.1  1.078067183494568
8945.7  1.075916171073914
8948.3  1.074785828590393
8950.9  1.072638630867004
8953.5  1.06568193435669
8956.1  1.051437854766846
8958.7  1.031799793243408
8961.3  1.013853311538696
8963.9  1.005902886390686
8966.5  1.010453939437866
8969.1  1.021779537200928
8971.7  1.031805753707886
8974.3  1.037199974060059
8976.9  1.039433836936951
8979.5  1.039550423622131
8982.1  1.034912467002869
8984.7  1.021746039390564
8987.3  1.000948667526245
8989.9  0.9807642102241516
8992.5  0.9715678095817565
8995.1  0.9762814044952392
8997.7  0.9868885874748229
9000.3  0.9912543296813964
9002.9  0.9823678731918334
9005.5  0.9616042375564575
9008.1  0.9359704256057739
9010.7  0.9132051467895507
9013.3  0.8979507684707641
9015.9  0.8898322582244873
9018.5  0.8840311765670776
9021.1  0.8766793608665466
9023.7  0.8728787899017333
9026.3  0.8859357833862304
9028.9  0.9232332706451416
9031.5  0.9754194021224975
9034.1  1.024264574050903
9036.7  1.058547377586365
9039.3  1.078982710838318
9041.9  1.091421365737915
9044.5  1.099726915359497
9047.1  1.104199767112732
9049.7  1.103430509567261
9052.3  1.095883131027222
9054.9  1.080783009529114
9057.5  1.059883117675781
9060.1  1.039514183998108
9062.7  1.028212785720825
9065.3  1.029396772384644
9067.9  1.03684675693512
9070.5  1.03956127166748
9073.1  1.031598567962647
9075.7  1.017114877700806
9078.3  1.005449414253235
9080.9  1.001115918159485
9083.5  1.000624775886536
9086.1  1.000337839126587
9088.7  1.003257989883423
9091.3  1.014394640922546
9093.9  1.032768249511719
9096.5  1.051837205886841
9099.1  1.06541121006012
9101.7  1.070137858390808
9104.3  1.064566612243652
9106.9  1.049827933311462
9109.5  1.031812310218811
9112.1  1.019957065582275
9114.7  1.020877718925476
9117.3  1.032631516456604
9119.9  1.045393824577332
9122.5  1.047731876373291
9125.1  1.034271240234375
9127.7  1.010854482650757
9130.3  0.9923482537269592
9132.9  0.9918474555015563
9135.5  1.010199069976807
9138.1  1.036496162414551
9140.7  1.057423830032349
9143.3  1.064153075218201
9145.9  1.052979350090027
9148.5  1.025577664375305
9151.1  0.9917989373207092
9153.7  0.9684610366821289
9156.3  0.9690272212028503
9158.9  0.9921993017196655
9161.5  1.022254109382629
9164.1  1.040207982063293
9166.7  1.033716201782227
9169.3  1.000611066818237
9171.9  0.9478293061256408
9174.5  0.886502981185913
9177.1  0.8279094099998474
9179.7  0.7871092557907104
9182.3  0.7847185134887695
9184.9  0.8316202759742736
9187.5  0.9116514921188354
9190.1  0.9904829859733581
9192.7  1.042519569396973
9195.3  1.063932180404663
9197.9  1.064236640930176
9200.5  1.05376398563385
9203.1  1.038872718811035
9205.7  1.022688150405884
9208.3  1.006560325622559
9210.9  0.9910185933113098
9213.5  0.9762260913848876
9216.1  0.9618099331855773
9218.7  0.9459478259086608
9221.3  0.9258044958114624
9223.9  0.9011188149452209
9226.5  0.8779903650283813
9229.1  0.8666326999664306
9231.7  0.8730388879776
9234.3  0.8936125636100769
9236.9  0.9190738797187805
9239.5  0.9420699477195739
9242.1  0.9602699279785156
9244.7  0.9746381640434265
9247.3  0.9870521426200866
9249.9  0.9989240765571594
9252.5  1.01034677028656
9255.1  1.019985198974609
9257.7  1.026578903198242
9260.3  1.031135201454163
9262.9  1.036779284477234
9265.5  1.045373558998108
9268.1  1.055218458175659
9270.7  1.063299059867859
9273.3  1.068663239479065
9275.9  1.072214961051941
9278.5  1.074474215507507
9281.1  1.075096130371094
9283.7  1.074025273323059
9286.3  1.072158694267273
9288.9  1.071014046669006
9291.5  1.071824193000794
9294.1  1.074058413505554
9296.7  1.074267983436585
9299.3  1.066754341125488
9301.9  1.046395063400269
9304.5  1.01235032081604
9307.1  0.9689026474952697
9309.7  0.9209921956062316
9312.3  0.8679857850074768
9314.9  0.8050959110260009
9317.5  0.7352726459503173
9320.1  0.6793339252471923
9322.7  0.6683167219161987
9325.3  0.7181876301765441
9327.9  0.8102729320526123
9330.5  0.9010696411132812
9333.1  0.9525588750839233
9335.7  0.951284646987915
9338.3  0.9054062366485595
9340.9  0.8362277150154113
9343.5  0.7717866897583007
9346.1  0.7330895066261291
9348.7  0.7174062132835388
9351.3  0.7027506232261657
9353.9  0.674267828464508
9356.5  0.6393742561340332
9359.1  0.6139973998069763
9361.7  0.6018722057342529
9364.3  0.5951999425888061
9366.9  0.5932202339172363
9369.5  0.6099022626876831
9372.1  0.6579422950744628
9374.7  0.7305253148078918
9377.3  0.8047179579734802
9379.9  0.8614814281463623
9382.5  0.8984623551368713
9385.1  0.9249835014343261
9387.7  0.9501002430915832
9390.3  0.9749900698661804
9392.9  0.9930155873298645
9395.5  0.995688259601593
9398.1  0.9794535040855407
9400.7  0.9483717083930969
9403.3  0.9119059443473815
9405.9  0.8812745213508605
9408.5  0.8665298819541931
9411.1  0.8738502860069274
9413.7  0.9019196033477783
9416.3  0.9401361942291259
9418.9  0.973324179649353
9421.5  0.9910697937011718
9424.1  0.9934169650077819
9426.7  0.9885975718498229
9429.3  0.9853264689445495
9431.9  0.9857532978057861
9434.5  0.9849552512168884
9437.1  0.977277934551239
9439.7  0.9632349014282226
9442.3  0.950297474861145
9444.9  0.945097804069519
9447.5  0.9432651996612548
9450.1  0.9285261034965515
9452.7  0.8846832513809204
9455.3  0.8080495595932006
9457.9  0.7087631821632385
9460.5  0.6056874990463256
9463.1  0.524802029132843
9465.7  0.497551292181015
9468.3  0.5459471344947814
9470.9  0.6594991087913513
9473.5  0.7934713959693908
9476.1  0.8988741040229797
9478.7  0.9538547992706298
9481.3  0.9674046635627746
9483.9  0.9616395235061645
9486.5  0.9534384608268737
9489.1  0.9467883706092834
9491.7  0.935426652431488
9494.3  0.912046194076538
9496.9  0.8782601356506347
9499.5  0.8493391275405883
9502.1  0.8460134267807006
9504.7  0.8746803402900695
9507.3  0.9161641597747802
9509.9  0.9388776421546936
9512.5  0.9216571450233459
9515.1  0.8635122776031494
9517.7  0.7802475690841674
9520.3  0.6999160051345825
9522.9  0.6561437845230102
9525.5  0.6710445284843444
9528.1  0.7367669939994812
9530.7  0.8177679777145385
9533.3  0.8750759959220886
9535.9  0.8883752226829528
9538.5  0.8598855137825012
9541.1  0.8075314760208129
9543.7  0.7566854357719421
9546.3  0.7295097112655639
9548.9  0.7337090969085693
9551.5  0.7609019875526428
9554.1  0.7957163453102111
9556.7  0.822991132736206
9559.3  0.829699695110321
9561.9  0.8120094537734985
9564.5  0.785250186920166
9567.1  0.776852548122406
9569.7  0.800902783870697
9572.3  0.8450004458427429
9574.9  0.8874006271362304
9577.5  0.9191284775733947
9580.1  0.9431602954864501
9582.7  0.9601276516914367
9585.3  0.9648199081420898
9587.9  0.9555643200874328
9590.5  0.9406187534332275
9593.1  0.9324049949645996
9595.7  0.9364711046218872
9598.3  0.9467969536781311
9600.9  0.9500731229782104
9603.5  0.930580735206604
9606.1  0.8716360330581665
9608.7  0.7612702846527099
9611.3  0.6080202460289001
9613.9  0.4536677598953247
9616.5  0.359304666519165
9619.1  0.3661760985851288
9621.7  0.466666042804718
9624.3  0.6139587759971618
9626.9  0.757005751132965
9629.5  0.8657810091972351
9632.1  0.9336265325546264
9634.7  0.9691770076751708
9637.3  0.9876760244369506
9639.9  1.001644492149353
9642.5  1.01495897769928
9645.1  1.025142073631287
9647.7  1.0294269323349
9650.3  1.027239918708801
9652.9  1.01956045627594
9655.5  1.008898615837097
9658.1  0.998679757118225
9660.7  0.9899091720581054
9663.3  0.9793722629547119
9665.9  0.9647591710090637
9668.5  0.9516541361808776
9671.1  0.9508466720581054
9673.7  0.9662181138992309
9676.3  0.9890267252922058
9678.9  1.007054448127747
9681.5  1.015969276428223
9684.1  1.019555568695068
9686.7  1.022891759872437
9689.3  1.028084397315979
9691.9  1.034247279167175
9694.5  1.039234399795532
9697.1  1.041836142539978
9699.7  1.043044447898865
9702.3  1.04486358165741
9704.9  1.048062086105347
9707.5  1.051668286323547
9710.1  1.054627776145935
9712.7  1.057006359100342
9715.3  1.059312582015991
9717.9  1.061406135559082
9720.5  1.062580704689026
9723.1  1.062356472015381
9725.7  1.060973763465881
9728.3  1.058540225028992
9730.9  1.052942156791687
9733.5  1.038670778274536
9736.1  1.010247945785523
9738.7  0.969509482383728
9741.3  0.9292896389961242
9743.9  0.9055159091949462
9746.5  0.9026659131050109
9749.1  0.910625398159027
9751.7  0.918254792690277
9754.3  0.9227842688560485
9756.9  0.9186728000640869
9759.5  0.8836209177970886
9762.1  0.7893731594085693
9764.7  0.6338977217674255
9767.3  0.4615688025951386
9769.9  0.3448017537593842
9772.5  0.337131142616272
9775.1  0.4364480674266815
9777.7  0.5902279019355773
9780.3  0.7372989058494567
9782.9  0.8461803793907165
9785.5  0.9169498085975646
9788.1  0.959337830543518
9790.7  0.9799727797508239
9793.3  0.9844449758529663
9795.9  0.979431927204132
9798.5  0.9707765579223632
9801.1  0.9631593227386474
9803.7  0.9607622623443603
9806.3  0.9652313590049743
9808.9  0.9738606810569763
9811.5  0.982213020324707
9814.1  0.9882936477661132
9816.7  0.9929563403129577
9819.3  0.9971821904182434
9821.9  1.000815391540527
9824.5  1.003751277923584
9827.1  1.006939649581909
9829.7  1.011740922927857
9832.3  1.018774151802063
9834.9  1.027297019958496
9837.5  1.035022258758545
9840.1  1.038634419441223
9842.7  1.035705804824829
9845.3  1.026807188987732
9847.9  1.015435218811035
9850.5  1.005775809288025
9853.1  1.000441670417786
9855.7  0.9995364546775817
9858.3  1.001119613647461
9860.9  1.002862811088562
9863.5  1.003679990768433
9866.1  1.00393807888031
9868.7  1.004447817802429
9871.3  1.005595088005066
9873.9  1.007279992103577
9876.5  1.00925624370575
9879.1  1.011206388473511
9881.7  1.012451529502869
9884.3  1.01214075088501
9886.9  1.010187029838562
9889.5  1.007688522338867
9892.1  1.006032228469849
9894.7  1.005807042121887
9897.3  1.006687641143799
9899.9  1.007880687713623
9902.5  1.008428692817688
9905.1  1.00752067565918
9907.7  1.004112839698792
9910.3  0.9946557879447937
9912.9  0.9688494205474853
9915.5  0.9075763821601867
9918.1  0.7914572358131408
9920.7  0.6219117641448974
9923.3  0.4377764165401459
9925.9  0.3046035766601563
9928.5  0.2783741354942322
9931.1  0.3713685870170593
9933.7  0.5447067022323608
9936.3  0.7319133281707763
9938.9  0.8773627281188964
9941.5  0.961143672466278
9944.1  0.9946380853652954
9946.7  0.9999709725379943
9949.3  0.9952284097671508
9951.9  0.9911226034164428
9954.5  0.9918329715728759
9957.1  0.9961370825767517
9959.7  1.000066637992859
9962.3  1.000606179237366
9964.9  0.9976287484169006
9967.5  0.9929807782173156
9970.1  0.9882925152778625
9972.7  0.9836310148239135
9975.3  0.9783211350440979
9977.9  0.9728559851646423
9980.5  0.9689413905143737
9983.1  0.9666885733604431
9985.7  0.9610859155654907
9988.3  0.9389927387237548
9990.9  0.8791391253471374
9993.5  0.7618437409400939
9996.1  0.588383138179779
