3501.3  0.3767465054988861
3503.9  0.4740429520606995
3506.5  0.5295216441154479
3509.1  0.547811210155487
3511.7  0.5430629849433898
3514.3  0.5250860452651977
3516.9  0.499347448348999
3519.5  0.4725134968757629
3522.1  0.4536563456058502
3524.7  0.4517032504081726
3527.3  0.4710918068885803
3529.9  0.5081706643104553
3532.5  0.5523385405540466
3535.1  0.5911077260971069
3537.7  0.6160470843315124
3540.3  0.6283297538757324
3542.9  0.6383746266365051
3545.5  0.6554316282272338
3548.1  0.6779908537864685
3550.7  0.6970047354698181
3553.3  0.7055844068527221
3555.9  0.7018969058990478
3558.5  0.6856279969215393
3561.1  0.6572682857513427
3563.7  0.6212316751480102
3566.3  0.5849224925041198
3568.9  0.5509622693061828
3571.5  0.5129782557487487
3574.1  0.4642936587333679
3576.7  0.411778450012207
3579.3  0.3771990239620209
3581.9  0.3813011348247528
3584.5  0.4264543354511261
3587.1  0.4961656630039215
3589.7  0.5686444044113159
3592.3  0.6264966130256652
3594.9  0.6580144166946411
3597.5  0.6601850390434265
3600.1  0.6441460847854614
3602.7  0.6311437487602233
3605.3  0.636673092842102
3607.9  0.658476710319519
3610.5  0.6809619665145874
3613.1  0.6895516514778137
3615.7  0.681012749671936
3618.3  0.6635428071022033
3620.9  0.6480208039283752
3623.5  0.6383202075958251
3626.1  0.6312341094017028
3628.7  0.6249312758445739
3631.3  0.6218863725662231
3633.9  0.6212321519851684
3636.5  0.614032506942749
3639.1  0.5917333364486694
3641.7  0.5576275587081909
3644.3  0.525909423828125
3646.9  0.5104970932006835
3649.5  0.5182536244392395
3652.1  0.549740195274353
3654.7  0.5986819863319396
3657.3  0.6503456830978393
3659.9  0.6872390508651733
3662.5  0.6997058391571044
3665.1  0.6901206970214843
3667.7  0.6671644449234008
3670.3  0.6368811726570129
3672.9  0.5997854471206665
3675.5  0.5563288927078247
3678.1  0.5127074718475341
3680.7  0.4786902368068695
3683.3  0.4609983265399933
3685.9  0.4602091610431671
3688.5  0.4721159338951111
3691.1  0.4914485514163971
3693.7  0.5151537060737609
3696.3  0.5396139621734619
3698.9  0.5547688603401184
3701.5  0.5479021668434143
3704.1  0.5186306834220886
3706.7  0.4850985705852509
3709.3  0.468739777803421
3711.9  0.4744660258293152
3714.5  0.4907483756542206
3717.1  0.5069813728332519
3719.7  0.5250522494316101
3722.3  0.5516740083694458
3724.9  0.582053005695343
3727.5  0.5964971780776977
3730.1  0.5786793828010559
3732.7  0.5382345914840698
3735.3  0.5096675157546997
3737.9  0.5220460295677185
3740.5  0.569268524646759
3743.1  0.6145318746566772
3745.7  0.6257545948028564
3748.3  0.6031248569488525
3750.9  0.5724109411239624
3753.5  0.5584239363670349
3756.1  0.5697060227394104
3758.7  0.6014385819435119
3761.3  0.6410282850265502
3763.9  0.6710081100463867
3766.5  0.6789948344230651
3769.1  0.6705519556999206
3771.7  0.6663277745246887
3774.3  0.6824245452880859
3776.9  0.7157450914382934
3779.5  0.7473568320274353
3782.1  0.7561469674110412
3784.7  0.7321341037750244
3787.3  0.6830261945724487
3789.9  0.6272156238555908
3792.5  0.578994333744049
3795.1  0.5438899397850036
3797.7  0.5270459055900573
3800.3  0.5375442504882812
3802.9  0.5809346437454223
3805.5  0.650871992111206
3808.1  0.7284039258956909
3810.7  0.7866228818893432
3813.3  0.8007277846336364
3815.9  0.7628031969070434
3818.5  0.6896142363548278
3821.1  0.6113708615303039
3823.7  0.5499001145362854
3826.3  0.5087335705757141
3828.9  0.4816952645778656
3831.5  0.463561624288559
3834.1  0.452182948589325
3836.7  0.4479061663150787
3839.3  0.4538717865943909
3841.9  0.4735887348651886
3844.5  0.507203996181488
3847.1  0.551442265510559
3849.7  0.6016201972961425
3852.3  0.6522119641304016
3854.9  0.6979087591171264
3857.5  0.7345663905143737
3860.1  0.7580006718635559
3862.7  0.7638520002365112
3865.3  0.7527790069580078
3867.9  0.735182762145996
3870.5  0.7258092164993286
3873.1  0.7308827638626098
3875.7  0.742102026939392
3878.3  0.7450251579284667
3880.9  0.7327968478202819
3883.5  0.7107753753662109
3886.1  0.6895579099655151
3888.7  0.6767873764038085
3891.3  0.6750311851501464
3893.9  0.6840717792510986
3896.5  0.7034435868263244
3899.1  0.731364369392395
3901.7  0.7614208459854125
3904.3  0.7841652035713195
3906.9  0.7951131463050842
3909.5  0.7974107861518859
3912.1  0.7938587069511413
3914.7  0.7813674807548522
3917.3  0.7568185925483703
3919.9  0.722082495689392
3922.5  0.6775664091110229
3925.1  0.6165517568588256
3927.7  0.5348155498504638
3930.3  0.4455505013465881
3932.9  0.378109484910965
3935.5  0.3575012981891632
3938.1  0.3839615285396576
3940.7  0.432725727558136
3943.3  0.4745990335941315
3945.9  0.4975956976413727
3948.5  0.5098294019699096
3951.1  0.5246282219886779
3953.7  0.545250117778778
3956.3  0.5615592002868652
3958.9  0.5575827956199645
3961.5  0.5232117772102355
3964.1  0.4647387266159058
3966.7  0.407813161611557
3969.3  0.3857214748859406
3971.9  0.4173074066638947
3974.5  0.493076890707016
3977.1  0.5818189978599548
3979.7  0.6521361470222473
3982.3  0.6934631466865539
3984.9  0.7205985188484191
3987.5  0.7557863593101501
3990.1  0.8048397898674011
3992.7  0.8540513515472412
3995.3  0.887559950351715
3997.9  0.9000537991523742
4000.5  0.8955311775207519
4003.1  0.8847658038139343
4005.7  0.8831037282943725
4008.3  0.9004197716712951
4010.9  0.9319081306457519
4013.5  0.9632415771484375
4016.1  0.9825699925422668
4018.7  0.9837583303451538
4021.3  0.9633845686912536
4023.9  0.923263669013977
4026.5  0.8761911392211914
4029.1  0.8401470184326171
4031.7  0.8204094767570495
4034.3  0.801929235458374
4036.9  0.7674115300178527
4039.5  0.7234102487564086
4042.1  0.7013033032417297
4044.7  0.7278376817703247
4047.3  0.7980087399482727
4049.9  0.8805735111236572
4052.5  0.9458062052726745
4055.1  0.9832496047019958
4057.7  0.9974048733711242
4060.3  0.9951457381248474
4062.9  0.9792471528053283
4065.5  0.949708878993988
4068.1  0.9067062735557556
4070.7  0.8523782491683959
4073.3  0.7937741875648498
4075.9  0.7458086013793945
4078.5  0.7267035245895385
4081.1  0.7451657056808471
4083.7  0.7913172245025634
4086.3  0.8397881388664245
4088.9  0.8613995909690856
4091.5  0.8377571702003479
4094.1  0.7737993597984313
4096.7  0.6985124945640563
4099.3  0.6479032635688781
4101.9  0.6423390507698059
4104.5  0.678342580795288
4107.1  0.7383680343627929
4109.7  0.8029427528381347
4112.3  0.8560622930526733
4114.9  0.8887852430343627
4117.5  0.9032667875289916
4120.1  0.9094849228858947
4122.7  0.9144688844680786
4125.3  0.9172748923301696
4127.9  0.9162651300430297
4130.5  0.9170529246330261
4133.1  0.9286977648735046
4135.7  0.9536666870117187
4138.3  0.9851501584053039
4140.9  1.01368522644043
4143.5  1.03385066986084
4146.1  1.045203566551209
4148.7  1.049505949020386
4151.3  1.048215866088867
4153.9  1.041520357131958
4156.5  1.029139280319214
4159.1  1.012569427490234
4161.7  0.9956135749816894
4164.3  0.9796816706657409
4166.9  0.9572877287864685
4169.5  0.9150476455688476
4172.1  0.8483606576919555
4174.7  0.7709144353866577
4177.3  0.7049413919448852
4179.9  0.6647015213966369
4182.5  0.6533318161964416
4185.1  0.6694730520248413
4187.7  0.708772599697113
4190.3  0.7603194117546081
4192.9  0.8083317875862121
4195.5  0.8403241634368896
4198.1  0.8539628982543945
4200.7  0.8543198108673095
4203.3  0.8446329236030578
4205.9  0.8227950930595397
4208.5  0.7892913818359375
4211.1  0.7558413743972778
4213.7  0.7416635155677795
4216.3  0.7587428092956542
4218.9  0.7998481392860412
4221.5  0.8433278799057006
4224.1  0.8722980618476867
4226.7  0.8858441710472106
4229.3  0.8903597593307495
4231.9  0.8888170719146728
4234.5  0.8840155601501464
4237.1  0.8833198547363281
4239.7  0.8922132849693298
4242.3  0.9074670076370239
4244.9  0.9228397011756896
4247.5  0.9376528263092041
4250.1  0.9545292258262634
4252.7  0.9719237089157104
4255.3  0.9845181703567504
4257.9  0.9893576502799987
4260.5  0.9876978397369384
4263.1  0.9815304279327392
4265.7  0.9707585573196411
4268.3  0.9547363519668579
4270.9  0.9353449344635009
4273.5  0.9169761538505554
4276.1  0.9032843112945556
4278.7  0.8948540091514587
4281.3  0.8892779946327209
4283.9  0.8819007873535156
4286.5  0.868092656135559
4289.1  0.847799003124237
4291.7  0.8265022039413452
4294.3  0.8085103631019592
4296.9  0.7920752763748168
4299.5  0.7735665440559387
4302.1  0.7524312138557434
4304.7  0.7306468486785888
4307.3  0.7125106453895568
4309.9  0.7072123885154724
4312.5  0.7264066338539123
4315.1  0.7740139961242675
4317.7  0.8385387659072875
4320.3  0.8986256718635559
4322.9  0.9372287988662719
4325.5  0.9497575163841247
4328.1  0.9398234486579895
4330.7  0.9106355309486389
4333.3  0.8634572029113769
4335.9  0.8050161600112915
4338.5  0.7544813156127929
4341.1  0.7360758185386657
4343.7  0.7587007284164428
4346.3  0.8052674531936645
4348.9  0.8465623259544372
4351.5  0.8644152879714965
4354.1  0.8621272444725036
4356.7  0.8581623435020446
4359.3  0.8703194856643676
4361.9  0.9006004333496093
4364.5  0.9332303404808044
4367.1  0.9482925534248352
4369.7  0.9372593760490417
4372.3  0.9074676036834716
4374.9  0.8754458427429199
4377.5  0.8557009696960449
4380.1  0.8526603579521179
4382.7  0.8613430857658386
4385.3  0.8743980526924133
4387.9  0.8876782059669494
4390.5  0.9007297158241271
4393.1  0.9152992367744445
4395.7  0.9333568215370178
4398.3  0.9538291692733764
4400.9  0.9709525108337402
4403.5  0.9779412746429443
4406.1  0.9727701544761657
4408.7  0.959518015384674
4411.3  0.9445201158523559
4413.9  0.9331921935081481
4416.5  0.9307417869567871
4419.1  0.9414287209510803
4421.7  0.9624721407890319
4424.3  0.9816320538520812
4426.9  0.9862437844276428
4429.5  0.9745043516159057
4432.1  0.9549168944358825
4434.7  0.9357528090476989
4437.3  0.9185771942138671
4439.9  0.9029340744018554
4442.5  0.8926001787185668
4445.1  0.8916319608688354
4447.7  0.8961775302886962
4450.3  0.8969677686691284
4452.9  0.8912431001663208
4455.5  0.8869118094444274
4458.1  0.8924389481544494
4460.7  0.9073745012283325
4463.3  0.9248991608619689
4465.9  0.9384541511535644
4468.5  0.9446497559547424
4471.1  0.9454776048660278
4473.7  0.9483502507209777
4476.3  0.9595325589179992
4478.9  0.9778592586517333
4481.5  0.9973540902137756
4484.1  1.013441562652588
4486.7  1.023988604545593
4489.3  1.026763796806336
4491.9  1.019325137138367
4494.5  1.002625823020935
4497.1  0.9837501645088195
4499.7  0.9720069169998168
4502.3  0.9700586795806884
4504.9  0.9703913927078247
4507.5  0.9631828069686889
4510.1  0.9472618699073791
4512.7  0.9319103956222534
4515.3  0.9277956485748291
4517.9  0.9367138743400573
4520.5  0.9512046575546264
4523.1  0.9641388654708862
4525.7  0.9757171273231506
4528.3  0.9891155958175659
4530.9  1.002256274223328
4533.5  1.008347153663635
4536.1  1.004474878311157
4538.7  0.9966279864311218
4541.3  0.994111955165863
4543.9  0.9988146424293518
4546.5  1.000949740409851
4549.1  0.9861435294151306
4551.7  0.9477154612541198
4554.3  0.894618272781372
4556.9  0.8482806086540222
4559.5  0.8282599449157714
4562.1  0.8384256362915039
4564.7  0.8675720691680908
4567.3  0.9015078544616699
4569.9  0.9322324991226196
4572.5  0.9582371115684509
4575.1  0.9795562028884887
4577.7  0.9930054545402526
4580.3  0.9924246072769165
4582.9  0.9737266302108764
4585.5  0.9397323727607727
4588.1  0.9009661078453063
4590.7  0.8711246848106384
4593.3  0.857804536819458
4595.9  0.8565586805343627
4598.5  0.8579174280166625
4601.1  0.8603597283363342
4603.7  0.8706088066101074
4606.3  0.8908783793449401
4608.9  0.9134982824325561
4611.5  0.9314181208610534
4614.1  0.9472414851188659
4616.7  0.9662991166114807
4619.3  0.9856274127960205
4621.9  0.9958422780036926
4624.5  0.9912018775939941
4627.1  0.9736457467079162
4629.7  0.9498803615570068
4632.3  0.9291002750396728
4634.9  0.9207634329795837
4637.5  0.9284864664077758
4640.1  0.9456923604011535
4642.7  0.9604624509811401
4645.3  0.965029239654541
4647.9  0.960493266582489
4650.5  0.9543299078941345
4653.1  0.9539703130722045
4655.7  0.9609463214874267
4658.3  0.9699513316154479
4660.9  0.9731218218803405
4663.5  0.9650909304618835
4666.1  0.9458382725715637
4668.7  0.9216052293777465
4671.3  0.9023607969284057
4673.9  0.8951639533042907
4676.5  0.8992486596107482
4679.1  0.9087295532226562
4681.7  0.9188158512115478
4684.3  0.9278984665870666
4686.9  0.9360274076461791
4689.5  0.9443494081497192
4692.1  0.9550384283065795
4694.7  0.9691807627677917
4697.3  0.9846954941749572
4699.9  0.9976432919502258
4702.5  1.005166292190552
4705.1  1.006489634513855
4707.7  1.002606391906738
4710.3  0.996816337108612
4712.9  0.9945523142814636
4715.5  1.000116467475891
4718.1  1.013002276420593
4720.7  1.028364658355713
4723.3  1.041100382804871
4725.9  1.049093842506409
4728.5  1.053328394889832
4731.1  1.055775284767151
4733.7  1.057039141654968
4736.3  1.055263757705689
4738.9  1.047349214553833
4741.5  1.032316565513611
4744.1  1.014291524887085
4746.7  1.000985264778137
4749.3  0.9974063038825988
4751.9  1.000993728637695
4754.5  1.003842353820801
4757.1  0.999836266040802
4759.7  0.9901408553123474
4762.3  0.9825223684310913
4764.9  0.9849633574485778
4767.5  0.9992862343788146
4770.1  1.020632028579712
4772.7  1.042036533355713
4775.3  1.058705806732178
4777.9  1.069033026695252
4780.5  1.073685646057129
4783.1  1.074353575706482
4785.7  1.072803854942322
4788.3  1.070502638816833
4790.9  1.068682193756104
4793.5  1.068045735359192
4796.1  1.068207979202271
4798.7  1.067776322364807
4801.3  1.065288782119751
4803.9  1.059792995452881
4806.5  1.050906300544739
4809.1  1.03955864906311
4811.7  1.029036641120911
4814.3  1.023468852043152
4816.9  1.023443460464478
4819.5  1.023398756980896
4822.1  1.015190124511719
4824.7  0.9957860708236694
4827.3  0.9720626473426818
4829.9  0.9565504193305969
4832.5  0.9564196467399597
4835.1  0.9675812721252441
4837.7  0.9806342720985412
4840.3  0.9895325303077697
4842.9  0.9926344752311706
4845.5  0.9891107082366943
4848.1  0.9777919054031372
4850.7  0.9579363465309143
4853.3  0.9295616745948791
4855.9  0.8950690031051635
4858.5  0.862283170223236
4861.1  0.8432119488716125
4863.7  0.8457008004188537
4866.3  0.8655633330345153
4868.9  0.8892255425453186
4871.5  0.9049754738807678
4874.1  0.9104728698730468
4876.7  0.9091370105743408
4879.3  0.9022871851921081
4881.9  0.8880344033241271
4884.5  0.8671257495880126
4887.1  0.8469536900520324
4889.7  0.8393625020980834
4892.3  0.8534917831420898
4894.9  0.886646032333374
4897.5  0.9225518107414245
4900.1  0.9442437887191772
4902.7  0.9501497149467468
4905.3  0.9540017247200012
4907.9  0.9684554934501647
4910.5  0.9924272298812866
4913.1  1.01494824886322
4915.7  1.026651978492737
4918.3  1.024839401245117
4920.9  1.011403560638428
4923.5  0.9908754825592041
4926.1  0.9707674980163574
4928.7  0.9588693380355834
4931.3  0.9568463563919067
4933.9  0.9591650366783142
4936.5  0.9612163305282592
4939.1  0.965549886226654
4941.7  0.976932406425476
4944.3  0.9948067069053649
4946.9  1.014077425003052
4949.5  1.030409932136536
4952.1  1.042103171348572
4954.7  1.049193978309631
4957.3  1.052972078323364
4959.9  1.055357217788696
4962.5  1.057678937911987
4965.1  1.060118436813355
4967.7  1.062022924423218
4970.3  1.06196141242981
4972.9  1.057478547096253
4975.5  1.046112656593323
4978.1  1.02867603302002
4980.7  1.012012362480164
4983.3  1.005745649337769
4985.9  1.013530969619751
4988.5  1.028759837150574
4991.1  1.040788412094116
4993.7  1.043918132781982
4996.3  1.038809895515442
4998.9  1.027746796607971
5001.5  1.011875152587891
5004.1  0.992668867111206
5006.7  0.9728716015815734
5009.3  0.9551327228546142
5011.9  0.942402184009552
5014.5  0.9399259090423583
5017.1  0.9527316093444824
5019.7  0.9791362881660461
5022.3  1.009503841400146
5024.9  1.033163070678711
5027.5  1.045244693756104
5030.1  1.046956777572632
5032.7  1.041389226913452
5035.3  1.030498862266541
5037.9  1.016106247901917
5040.5  1.00275444984436
5043.1  0.9968864321708679
5045.7  1.001480102539063
5048.3  1.013081550598145
5050.9  1.025713920593262
5053.5  1.036120653152466
5056.1  1.044360041618347
5058.7  1.051406621932984
5061.3  1.057496905326843
5063.9  1.061875820159912
5066.5  1.063340067863464
5069.1  1.060945868492127
5071.7  1.054097294807434
5074.3  1.042313694953918
5076.9  1.026386260986328
5079.5  1.010329008102417
5082.1  1.000340819358826
5084.7  0.9996947646141052
5087.3  1.00502872467041
5089.9  1.008725047111511
5092.5  1.005007028579712
5095.1  0.9947631359100341
5097.7  0.9857606291770935
5100.3  0.9866588115692138
5102.9  0.9991012811660766
5105.5  1.016668200492859
5108.1  1.031867861747742
5110.7  1.042096734046936
5113.3  1.048431992530823
5115.9  1.05144727230072
5118.5  1.050225377082825
5121.1  1.044534087181091
5123.7  1.036369800567627
5126.3  1.029202103614807
5128.9  1.026127338409424
5131.5  1.028160572052002
5134.1  1.033355712890625
5136.7  1.037539601325989
5139.3  1.036549210548401
5141.9  1.028543472290039
5144.5  1.01466977596283
5147.1  0.9976094365119934
5149.7  0.9798773527145385
5152.3  0.9643608331680297
5154.9  0.9552115201950073
5157.5  0.9546724557876586
5160.1  0.9588648080825805
5162.7  0.9600570797920227
5165.3  0.9542818665504455
5167.9  0.9450013041496276
5170.5  0.9389275908470153
5173.1  0.939475655555725
5175.7  0.9446965456008911
5178.3  0.9505849480628967
5180.9  0.9550142884254455
5183.5  0.9573395252227783
5186.1  0.9554158449172973
5188.7  0.946938931941986
5191.3  0.9350926280021667
5193.9  0.9284588098526
5196.5  0.929965853691101
5199.1  0.9275676608085632
5201.7  0.9037760496139526
5204.3  0.858285367488861
5206.9  0.8159832954406738
5209.5  0.8058859705924987
5212.1  0.8335776925086975
5214.7  0.8793144226074218
5217.3  0.9190766811370849
5219.9  0.9401255846023559
5222.5  0.9413508176803588
5225.1  0.9291380643844604
5227.7  0.912674605846405
5230.3  0.8973531126976013
5232.9  0.8832772374153137
5235.5  0.8712125420570373
5238.1  0.8649404048919677
5240.7  0.8656241297721862
5243.3  0.8689892888069152
5245.9  0.8718737959861755
5248.5  0.8788519501686096
5251.1  0.8974325060844421
5253.7  0.92641282081604
5256.3  0.9529779553413391
5258.9  0.9627133607864379
5261.5  0.9516149163246154
5264.1  0.9294702410697937
5266.7  0.9123759865760803
5269.3  0.9105023741722106
5271.9  0.9220765233039855
5274.5  0.9388861060142517
5277.1  0.9554230570793151
5279.7  0.9713906049728393
5282.3  0.9882541894912719
5284.9  1.006301999092102
5287.5  1.023874282836914
5290.1  1.037689685821533
5292.7  1.043952584266663
5295.3  1.039768695831299
5297.9  1.024008512496948
5300.5  0.9984608888626098
5303.1  0.9695358276367187
5305.7  0.9479021430015563
5308.3  0.9432190656661987
5310.9  0.9565888047218322
5313.5  0.9784255623817443
5316.1  0.9944894313812255
5318.7  0.9935076236724853
5321.3  0.9718931913375854
5323.9  0.9375020861625671
5326.5  0.9092302322387695
5329.1  0.9053549766540527
5331.7  0.9273561239242553
5334.3  0.9581671357154846
5336.9  0.9791499376296997
5339.5  0.9865596890449523
5342.1  0.9903593659400939
5344.7  1.000232219696045
5347.3  1.016237378120422
5349.9  1.031978845596314
5352.5  1.042441248893738
5355.1  1.046905398368836
5357.7  1.046802282333374
5360.3  1.043301582336426
5362.9  1.037018418312073
5365.5  1.028995752334595
5368.1  1.021172881126404
5370.7  1.015388488769531
5373.3  1.012125253677368
5375.9  1.011108040809631
5378.5  1.01219379901886
5381.1  1.013536095619202
5383.7  1.008812308311462
5386.3  0.9898470640182495
5388.9  0.9554650783538818
5391.5  0.9177489280700683
5394.1  0.8959888815879821
5396.7  0.9016238451004028
5399.3  0.9296369552612304
5401.9  0.9645171761512756
5404.5  0.9922482967376708
5407.1  1.007148027420044
5409.7  1.011465787887573
5412.3  1.01119065284729
5414.9  1.01105010509491
5417.5  1.01124632358551
5420.1  1.007755279541016
5422.7  0.9962268471717834
5425.3  0.9771020412445068
5427.9  0.9583590030670166
5430.5  0.9513848423957824
5433.1  0.9611309170722961
5435.7  0.9803782105445861
5438.3  0.9956889152526855
5440.9  0.9985298514366149
5443.5  0.9898157715797424
5446.1  0.9742560386657714
5448.7  0.9525116086006164
5451.3  0.9228371381759643
5453.9  0.8909973502159118
5456.5  0.8716191053390502
5459.1  0.8749973177909851
5461.7  0.8974228501319885
5464.3  0.927342414855957
5466.9  0.9544315338134765
5469.5  0.971337616443634
5472.1  0.975004494190216
5474.7  0.970349907875061
5477.3  0.9681081771850585
5479.9  0.9759523868560791
5482.5  0.9927013516426086
5485.1  1.011103749275208
5487.7  1.024200797080994
5490.3  1.029463887214661
5492.9  1.029213666915894
5495.5  1.028020977973938
5498.1  1.028944492340088
5500.7  1.031572580337525
5503.3  1.033489465713501
5505.9  1.033258438110352
5508.5  1.031781315803528
5511.1  1.03114378452301
5513.7  1.032001495361328
5516.3  1.03174102306366
5518.9  1.024840474128723
5521.5  1.006142377853394
5524.1  0.9767448306083679
5526.7  0.9482522010803222
5529.3  0.9372940063476562
5531.9  0.9506998062133789
5534.5  0.9768422842025756
5537.1  0.9948004484176635
5539.7  0.9920147061347961
5542.3  0.9734730720520019
5544.9  0.9563432931900024
5547.5  0.9554971456527709
5550.1  0.9720346331596374
5552.7  0.9948508143424987
5555.3  1.01182496547699
5557.9  1.017762303352356
5560.5  1.013701319694519
5563.1  1.003639101982117
5565.7  0.9935082197189331
5568.3  0.9899635314941406
5570.9  0.9963970184326171
5573.5  1.010030508041382
5576.1  1.024351239204407
5578.7  1.034287095069885
5581.3  1.03866457939148
5583.9  1.038624048233032
5586.5  1.034632563591003
5589.1  1.024470090866089
5591.7  1.004031419754028
5594.3  0.9722235202789306
5596.9  0.9371397495269775
5599.5  0.9148797988891601
5602.1  0.9176366329193115
5604.7  0.9426246881484985
5607.3  0.9752246737480163
5609.9  1.001565456390381
5612.5  1.015627026557922
5615.1  1.016461133956909
5617.7  1.00404155254364
5620.3  0.9811282157897949
5622.9  0.9577276110649108
5625.5  0.948029339313507
5628.1  0.9585756063461303
5630.7  0.9813674092292785
5633.3  1.00196099281311
5635.9  1.012578010559082
5638.5  1.01539933681488
5641.1  1.01608145236969
5643.7  1.01738178730011
5646.3  1.018180131912232
5648.9  1.015822529792786
5651.5  1.008487582206726
5654.1  0.9969760179519653
5656.7  0.9857500195503234
5659.3  0.9812620878219604
5661.9  0.9869494438171386
5664.5  0.9998056888580322
5667.1  1.01297664642334
5669.7  1.020890712738037
5672.3  1.021331667900085
5674.9  1.014745712280274
5677.5  1.003919363021851
5680.1  0.9936338663101196
5682.7  0.9884902238845825
5685.3  0.9901595115661621
5687.9  0.9967450499534606
5690.5  1.004639387130737
5693.1  1.011120200157166
5695.7  1.015509009361267
5698.3  1.018255352973938
5700.9  1.01958179473877
5703.5  1.019345879554749
5706.1  1.017655968666077
5708.7  1.015079498291016
5711.3  1.012396812438965
5713.9  1.010462522506714
5716.5  1.01006555557251
5719.1  1.011635422706604
5721.7  1.014963269233704
5724.3  1.019322156906128
5726.9  1.023909568786621
5729.5  1.028184175491333
5732.1  1.031868577003479
5734.7  1.034790754318237
5737.3  1.036715507507324
5739.9  1.037193298339844
5742.5  1.0355384349823
5745.1  1.031064629554749
5747.7  1.023712515830994
5750.3  1.014779567718506
5752.9  1.006595015525818
5755.5  0.9998183250427246
5758.1  0.9894165992736816
5760.7  0.9618456959724426
5763.3  0.8963973522186279
5765.9  0.7748164534568786
5768.5  0.5987020134925842
5771.1  0.3995298147201538
5773.7  0.2238324731588364
5776.3  0.103062778711319
5778.9  0.03841134160757065
5781.5  0.01146080158650875
5784.1  0.002712988760322332
5786.7  5.023280973546206E-4
5789.3  6.657360790995880E-5
5791.9  0.
5794.5  0.
5797.1  0.
5799.7  0.
5802.3  0.
5804.9  0.
5807.5  0.
5810.1  0.
5812.7  0.
5815.3  0.
5817.9  0.
5820.5  7.002807979006320E-5
5823.1  5.267026717774569E-4
5825.7  0.002846328308805823
5828.3  0.01201376598328352
5830.9  0.04023542627692223
5833.5  0.1078313663601875
5836.1  0.2337213009595871
5838.7  0.4157971441745758
5841.3  0.6199418306350708
5843.9  0.7971462607383728
5846.5  0.9166959524154663
5849.1  0.9810477495193481
5851.7  1.01125955581665
5854.3  1.025658369064331
5856.9  1.032553195953369
5859.5  1.034677863121033
5862.1  1.034058928489685
5864.7  1.032976269721985
5867.3  1.033038139343262
5869.9  1.034466981887817
5872.5  1.036388993263245
5875.1  1.037489652633667
5877.7  1.036351203918457
5880.3  1.031152248382568
5882.9  1.020021677017212
5885.5  1.003490686416626
5888.1  0.9871994256973266
5890.7  0.9798914194107055
5893.3  0.9862977862358093
5895.9  1.002754926681519
5898.5  1.0210200548172
5901.1  1.035032391548157
5903.7  1.04334831237793
5906.3  1.047388911247253
5908.9  1.049168825149536
5911.5  1.050037026405335
5914.1  1.050406813621521
5916.7  1.050215840339661
5919.3  1.049447536468506
5921.9  1.048134326934815
5924.5  1.046227812767029
5927.1  1.043735027313233
5929.7  1.040961742401123
5932.3  1.038437724113464
5934.9  1.036505341529846
5937.5  1.035064935684204
5940.1  1.033797025680542
5942.7  1.032591700553894
5945.3  1.03170645236969
5947.9  1.031643867492676
5950.5  1.032852292060852
5953.1  1.035210251808167
5955.7  1.03780472278595
5958.3  1.039554476737976
5960.9  1.040014505386353
5963.5  1.039363861083984
5966.1  1.037753224372864
5968.7  1.034981250762939
5971.3  1.031005620956421
5973.9  1.026747703552246
5976.5  1.023903608322144
5979.1  1.023407459259033
5981.7  1.024356722831726
5984.3  1.025021910667419
5986.9  1.024647831916809
5989.5  1.023791193962097
5992.1  1.023207783699036
5994.7  1.023035049438477
5997.3  1.023086667060852
5999.9  1.023425459861755
6002.5  1.02427864074707
6005.1  1.025585770606995
6007.7  1.026920914649963
6010.3  1.027849674224854
6012.9  1.028200387954712
6015.5  1.028042316436768
6018.1  1.027557611465454
6020.7  1.02692449092865
6023.3  1.026183009147644
6025.9  1.025174140930176
6028.5  1.023778080940247
6031.1  1.022251129150391
6033.7  1.02113401889801
6036.3  1.020704507827759
6038.9  1.02059006690979
6041.5  1.019816637039185
6044.1  1.01700234413147
6046.7  1.010371208190918
6049.3  0.9984102249145507
6051.9  0.9822046756744384
6054.5  0.9675307273864746
6057.1  0.962304413318634
6059.7  0.9698351621627807
6062.3  0.9855132699012756
6064.9  1.001246094703674
6067.5  1.011821508407593
6070.1  1.016603827476501
6072.7  1.017535090446472
6075.3  1.017244935035706
6077.9  1.017952799797058
6080.5  1.020465612411499
6083.1  1.023882269859314
6085.7  1.026608467102051
6088.3  1.027441501617432
6090.9  1.025542855262756
6093.5  1.01956033706665
6096.1  1.007642388343811
6098.7  0.9893815517425537
6101.3  0.9682359099388122
6103.9  0.9510743021965026
6106.5  0.9441306591033935
6109.1  0.9490846991539001
6111.7  0.9626662731170654
6114.3  0.9791652560234069
6116.9  0.9933140277862548
6119.5  1.002017736434937
6122.1  1.004453897476196
6124.7  1.000912308692932
6127.3  0.9908071756362915
6129.9  0.9719849228858947
6132.5  0.9439751505851745
6135.1  0.9132914543151855
6137.7  0.8932675123214721
6140.3  0.8951836228370666
6142.9  0.919213056564331
6145.5  0.9546194076538085
6148.1  0.9878156185150146
6150.7  1.010235786437988
6153.3  1.020684838294983
6155.9  1.022343158721924
6158.5  1.018491744995117
6161.1  1.010594248771668
6163.7  0.9992573261260986
6166.3  0.9865093231201171
6168.9  0.9769361615180969
6171.5  0.9757072329521179
6174.1  0.9841822385787963
6176.7  0.997889757156372
6179.3  1.009679675102234
6181.9  1.014264345169067
6184.5  1.009997487068176
6187.1  0.9991020560264587
6189.7  0.987905740737915
6192.3  0.9843800067901611
6194.9  0.9922047853469848
6197.5  1.007488608360291
6200.1  1.022739291191101
6202.7  1.033083915710449
6205.3  1.037990212440491
6207.9  1.038995027542114
6210.5  1.037737965583801
6213.1  1.035646080970764
6215.7  1.033884882926941
6218.3  1.032832503318787
6220.9  1.031818032264709
6223.5  1.029626607894898
6226.1  1.025442123413086
6228.7  1.019469380378723
6231.3  1.012557744979858
6233.9  1.005112886428833
6236.5  0.9970455169677734
6239.1  0.9895749688148498
6241.7  0.9860203266143798
6244.3  0.9887863993644714
6246.9  0.9955666661262512
6249.5  1.000242352485657
6252.1  0.9984158873558044
6254.7  0.9919953346252441
6257.3  0.9879956245422363
6259.9  0.9922326207160949
6262.5  1.004000306129456
6265.1  1.017075419425964
6267.7  1.025019407272339
6270.3  1.02475893497467
6272.9  1.016532301902771
6275.5  1.003101348876953
6278.1  0.9896681904792785
6280.7  0.9825772047042846
6283.3  0.9854646325111389
6285.9  0.9957101941108703
6288.5  1.005192518234253
6291.1  1.005750298500061
6293.7  0.9954967498779296
6296.3  0.9811673760414123
6298.9  0.9735798835754394
6301.5  0.9787285923957824
6304.1  0.9929901957511901
6306.7  1.007434725761414
6309.3  1.015393018722534
6311.9  1.015573859214783
6314.5  1.010739326477051
6317.1  1.005535244941711
6319.7  1.004160046577454
6322.3  1.007602572441101
6324.9  1.012466430664063
6327.5  1.012741208076477
6330.1  1.003379583358765
6332.7  0.9843189120292663
6335.3  0.9627585411071777
6337.9  0.9494105577468872
6340.5  0.9493257403373718
6343.1  0.9574007987976074
6345.7  0.9645341038703918
6348.3  0.9659290313720703
6350.9  0.9624088406562805
6353.5  0.9575668573379516
6356.1  0.9556390047073364
6358.7  0.9593284130096435
6361.3  0.9680708646774291
6363.9  0.9791420102119445
6366.5  0.9898924231529235
6369.1  0.998282253742218
6371.7  1.0028977394104
6374.3  1.003668189048767
6376.9  1.002263069152832
6379.5  1.001233100891113
6382.1  1.002500653266907
6384.7  1.006335377693176
6387.3  1.011449337005615
6389.9  1.016101002693176
6392.5  1.019278526306152
6395.1  1.021049618721008
6397.7  1.022026658058167
6400.3  1.022637248039246
6402.9  1.022819519042969
6405.5  1.021956920623779
6408.1  1.018817901611328
6410.7  1.011634349822998
6413.3  0.9991353154182434
6415.9  0.982807457447052
6418.5  0.9683975577354431
6421.1  0.9632225632667541
6423.7  0.9699869751930236
6426.3  0.9839670062065124
6428.9  0.9975451827049255
6431.5  1.006433010101318
6434.1  1.01076865196228
6436.7  1.012225985527039
6439.3  1.011900305747986
6441.9  1.010068535804749
6444.5  1.006270527839661
6447.1  0.9989699721336364
6449.7  0.9862206578254699
6452.3  0.9686303734779357
6454.9  0.9523841738700866
6457.5  0.9467309713363647
6460.1  0.9557903409004211
6462.7  0.9739899635314941
6465.3  0.9914522171020507
6467.9  1.002441644668579
6470.5  1.007470607757568
6473.1  1.009616374969482
6475.7  1.011049866676331
6478.3  1.01230800151825
6480.9  1.013054132461548
6483.5  1.012868046760559
6486.1  1.011661887168884
6488.7  1.009702801704407
6491.3  1.007592678070068
6493.9  1.006217479705811
6496.5  1.006346821784973
6499.1  1.007891178131104
6501.7  1.009562969207764
6504.3  1.009415864944458
6506.9  1.005535244941711
6509.5  0.9964982867240905
6512.1  0.9825273156166076
6514.7  0.9671922326087951
6517.3  0.9566704034805297
6519.9  0.9552006721496582
6522.5  0.961394190788269
6525.1  0.9703541994094848
6527.7  0.9786798357963562
6530.3  0.9859790205955505
6532.9  0.9926103949546813
6535.5  0.997965931892395
6538.1  1.000905871391296
6540.7  1.000726819038391
6543.3  0.9974058866500854
6545.9  0.9911134839057922
6548.5  0.9809798598289489
6551.1  0.9637889266014099
6553.7  0.9338283538818359
6556.3  0.8863744139671325
6558.9  0.8257698416709899
6561.5  0.7714384198188781
6564.1  0.7497562170028686
6566.7  0.7730908989906311
6569.3  0.8280529975891113
6571.9  0.8874998688697814
6574.5  0.9313172101974487
6577.1  0.954511284828186
6579.7  0.9620206356048583
6582.3  0.9618158936500549
6584.9  0.9613148570060729
6587.5  0.9652729630470275
6590.1  0.97426038980484
6592.7  0.9852403998374938
6595.3  0.9939470887184143
6597.9  0.9972825646400451
6600.5  0.994957149028778
6603.1  0.9904323816299438
6605.7  0.9894037842750549
6608.3  0.9953081011772155
6610.9  1.006259202957153
6613.5  1.017277240753174
6616.1  1.024880647659302
6618.7  1.028794765472412
6621.3  1.030350089073181
6623.9  1.030581712722778
6626.5  1.029719471931458
6629.1  1.027475595474243
6631.7  1.023285150527954
6634.3  1.016253590583801
6636.9  1.005420327186584
6639.5  0.991437017917633
6642.1  0.9787099957466125
6644.7  0.9740206599235534
6647.3  0.9806297421455383
6649.9  0.9944700598716735
6652.5  1.007804274559021
6655.1  1.01560640335083
6657.7  1.017509698867798
6660.3  1.015634417533875
6662.9  1.012477874755859
6665.5  1.010173797607422
6668.1  1.010158658027649
6670.7  1.012856364250183
6673.3  1.017721176147461
6675.9  1.023648262023926
6678.5  1.029529809951782
6681.1  1.03455114364624
6683.7  1.038167953491211
6686.3  1.040077805519104
6688.9  1.040407180786133
6691.5  1.039780378341675
6694.1  1.03893256187439
6696.7  1.038189053535461
6699.3  1.037352323532104
6701.9  1.035988092422485
6704.5  1.033623456954956
6707.1  1.029804468154907
6709.7  1.024518609046936
6712.3  1.018854737281799
6714.9  1.01466429233551
6717.5  1.012754321098328
6720.1  1.011693596839905
6722.7  1.009333372116089
6725.3  1.005425214767456
6727.9  1.001662135124207
6730.5  0.9989275336265563
6733.1  0.9957795739173889
6735.7  0.9902626276016235
6738.3  0.9820961952209472
6740.9  0.9720793962478637
6743.5  0.9603761434555053
6746.1  0.9474396705627441
6748.7  0.9372143149375915
6751.3  0.9370709657669067
6753.9  0.9515976905822753
6756.5  0.9767349958419799
6759.1  1.002223968505859
6761.7  1.019721150398254
6764.3  1.0274498462677
6766.9  1.028488874435425
6769.5  1.026866316795349
6772.1  1.025135517120361
6774.7  1.023874998092651
6777.3  1.022411108016968
6779.9  1.020076274871826
6782.5  1.017102718353272
6785.1  1.014526724815369
6787.7  1.013275027275085
6790.3  1.013409852981567
6792.9  1.014328122138977
6795.5  1.015503287315369
6798.1  1.016752362251282
6800.7  1.017855882644653
6803.3  1.018286466598511
6805.9  1.017457485198975
6808.5  1.015088558197022
6811.1  1.01114284992218
6813.7  1.005544662475586
6816.3  0.998477280139923
6818.9  0.9911796450614929
6821.5  0.9857849478721618
6824.1  0.9837397336959838
6826.7  0.9847965240478515
6829.3  0.9875814914703369
6831.9  0.9901189804077148
6834.5  0.9897623062133789
6837.1  0.9843911528587341
6839.7  0.9750098586082458
6842.3  0.9666398763656616
6844.9  0.9650694131851196
6847.5  0.9718084931373596
6850.1  0.9827720522880554
6852.7  0.9920067191123962
6855.3  0.995760440826416
6857.9  0.9924602508544921
6860.5  0.9799360036849975
6863.1  0.9534927010536193
6865.7  0.9083479642868041
6868.3  0.8479766845703125
6870.9  0.7916184663772583
6873.5  0.7669876217842102
6876.1  0.7873321771621704
6878.7  0.8372787833213806
6881.3  0.8870975971221923
6883.9  0.9189318418502807
6886.5  0.934984803199768
6889.1  0.9444591999053955
6891.7  0.9502038359642028
6894.3  0.9480285048484802
6896.9  0.9336193203926086
6899.5  0.9086880683898925
6902.1  0.8836235404014587
6904.7  0.8733202815055847
6907.3  0.8859468698501586
6909.9  0.9152728915214538
6912.5  0.9465613961219787
6915.1  0.9689762592315673
6917.7  0.9807190299034118
6920.3  0.9851332306861877
6922.9  0.9855474233627319
6925.5  0.9833013415336608
6928.1  0.9780889153480529
6930.7  0.9696187376976013
6933.3  0.9598706364631652
6935.9  0.9525889754295349
6938.5  0.9494535326957702
6941.1  0.9485716819763183
6943.7  0.9484606981277465
6946.3  0.9510385990142822
6948.9  0.9583123326301574
6951.5  0.9682478308677673
6954.1  0.9763314723968505
6956.7  0.9800629615783691
6959.3  0.980596125125885
6961.9  0.9808127284049987
6964.5  0.9824602007865905
6967.1  0.98453289270401
6969.7  0.9837523102760314
6972.3  0.9769451022148132
6974.9  0.9644790291786193
6977.5  0.9521220326423645
6980.1  0.9479038119316101
6982.7  0.9553000926971435
6985.3  0.9700878262519836
6987.9  0.9845817685127258
6990.5  0.9937245845794677
6993.1  0.9968405961990356
6995.7  0.9957877993583679
6998.3  0.9929763674736022
7000.9  0.990247905254364
7003.5  0.988051950931549
7006.1  0.9853913187980651
7008.7  0.9811988472938537
7011.3  0.9760535359382629
7013.9  0.9720455408096313
7016.5  0.9706038236618041
7019.1  0.9712164998054504
7021.7  0.9728017449378967
7024.3  0.9752609729766845
7026.9  0.9787377119064331
7029.5  0.9822003841400146
7032.1  0.9839059114456176
7034.7  0.9831854104995727
7037.3  0.9813501834869384
7039.9  0.980711817741394
7042.5  0.9825737476348876
7045.1  0.9862288236618041
7047.7  0.9900394678115844
7050.3  0.9930685758590698
7052.9  0.9953739643096923
7055.5  0.9972416758537292
7058.1  0.9987090826034545
7060.7  0.9996691346168518
7063.3  1.000084042549133
7065.9  1.000095009803772
7068.5  0.9999908208847045
7071.1  0.9999598860740661
7073.7  0.9998649954795837
7076.3  0.9993236660957336
7078.9  0.9979445338249206
7081.5  0.9954787492752075
7084.1  0.9919975399971008
7086.7  0.9881210327148437
7089.3  0.9849275946617126
7091.9  0.9834043383598327
7094.5  0.9838444590568542
7097.1  0.9856218695640563
7099.7  0.9874319434165954
7102.3  0.9878404140472412
7104.9  0.9859757423400878
7107.5  0.9821618795394897
7110.1  0.9779844880104064
7112.7  0.9752736687660217
7115.3  0.974685251712799
7117.9  0.975488007068634
7120.5  0.976748764514923
7123.1  0.9782467484474182
7125.7  0.9801820516586303
7128.3  0.9825896024703979
7130.9  0.9851840138435363
7133.5  0.9872306585311889
7136.1  0.9873207807540893
7138.7  0.983925461769104
7141.3  0.9770426750183105
7143.9  0.9693295359611511
7146.5  0.9645656943321228
7149.1  0.9642697572708129
7151.7  0.9665709733963012
7154.3  0.9690664410591125
7156.9  0.971666395664215
7159.5  0.9756054878234863
7162.1  0.9807818531990051
7164.7  0.9854029417037963
7167.3  0.987644612789154
7169.9  0.9867439866065979
7172.5  0.982869803905487
7175.1  0.9766230583190917
7177.7  0.9683173894882202
7180.3  0.9576196670532226
7182.9  0.9449043869972229
7185.5  0.9333521723747253
7188.1  0.9277040958404541
7190.7  0.9292495250701904
7193.3  0.9337051510810852
7195.9  0.936103343963623
7198.5  0.9364070892333984
7201.1  0.9384039044380187
7203.7  0.944343090057373
7206.3  0.9527482986450195
7208.9  0.9608543515205383
7211.5  0.9671959280967712
7214.1  0.97172212600708
7216.7  0.9749040603637695
7219.3  0.9772804975509643
7221.9  0.9793241620063781
7224.5  0.9813416600227355
7227.1  0.9834935069084167
7229.7  0.9857921004295349
7232.3  0.9879727959632873
7234.9  0.9894671440124511
7237.5  0.9894876480102539
7240.1  0.9871538877487182
7242.7  0.9817011952400207
7245.3  0.9729931354522705
7247.9  0.9624162316322326
7250.5  0.9533672332763671
7253.1  0.9497801065444946
7255.7  0.9528426527976989
7258.3  0.9594537019729614
7260.9  0.9648768305778503
7263.5  0.9665100574493408
7266.1  0.964259922504425
7268.7  0.9584406614303588
7271.3  0.9495904445648193
7273.9  0.9405140876770019
7276.5  0.9359890222549438
7279.1  0.9386677742004394
7281.7  0.9463811516761779
7284.3  0.9545304179191589
7286.9  0.9601882696151733
7289.5  0.9634438753128051
7292.1  0.9659163355827331
7294.7  0.9685968160629272
7297.3  0.9707896709442138
7299.9  0.9709715843200683
7302.5  0.9686512351036071
7305.1  0.9654101729393005
7307.7  0.9640208482742309
7310.3  0.9663630127906799
7312.9  0.9720931649208068
7315.5  0.9792835116386413
7318.1  0.9859737753868103
7320.7  0.9909351468086242
7323.3  0.9935525655746459
7325.9  0.9937393069267272
7328.5  0.9920322299003601
7331.1  0.9894499778747558
7333.7  0.9870398044586181
7336.3  0.9854288697242736
7338.9  0.9846198558807373
7341.5  0.9839857220649719
7344.1  0.9823468923568725
7346.7  0.9781138896942138
7349.3  0.9699887633323669
7351.9  0.9586701989173889
7354.5  0.9481914043426513
7357.1  0.9440209865570068
7359.7  0.9483209252357482
7362.3  0.957768440246582
7364.9  0.9669581651687622
7367.5  0.9728732109069824
7370.1  0.9754373431205749
7372.7  0.9754468202590942
7375.3  0.9735194444656372
7377.9  0.970418632030487
7380.5  0.967090368270874
7383.1  0.9642274379730224
7385.7  0.9622883200645446
7388.3  0.9618366956710815
7390.9  0.9631724953651428
7393.5  0.9654914736747741
7396.1  0.9673827290534973
7398.7  0.9687743186950683
7401.3  0.9714657068252563
7403.9  0.9767488837242126
7406.5  0.9831152558326721
7409.1  0.9871475100517272
7411.7  0.986250877380371
7414.3  0.9797202348709106
7416.9  0.9679816961288452
7419.5  0.9528671503067016
7422.1  0.9393752217292785
7424.7  0.9346317648887634
7427.3  0.9421671032905578
7429.9  0.9579448699951171
7432.5  0.973931074142456
7435.1  0.9846556186676025
7437.7  0.9892653822898864
7440.3  0.9891256690025329
7442.9  0.9855616688728332
7445.5  0.9797804951667785
7448.1  0.9734681248664855
7450.7  0.9681202769279479
7453.3  0.9631425738334655
7455.9  0.9555569887161254
7458.5  0.9436355829238891
7461.1  0.9311750531196594
7463.7  0.9258902668952941
7466.3  0.931890845298767
7468.9  0.9453032612800598
7471.5  0.9586655497550964
7474.1  0.9677823781967163
7476.7  0.9730764031410217
7479.3  0.9766045212745666
7481.9  0.9798871874809265
7484.5  0.9836494326591491
7487.1  0.9878554940223693
7489.7  0.9917809963226318
7492.3  0.9946793913841247
7494.9  0.9964199066162109
7497.5  0.9974249005317687
7500.1  0.9981396794319152
7502.7  0.9987130761146545
7505.3  0.9990063309669494
7507.9  0.9987713098526
7510.5  0.9979028105735778
7513.1  0.9966120719909667
7515.7  0.9953147172927856
7518.3  0.9943519234657287
7520.9  0.9938511848449707
7523.5  0.9937794804573059
7526.1  0.9939819574356079
7528.7  0.9941493272781372
7531.3  0.9938673377037048
7533.9  0.9927855134010314
7536.5  0.9908239245414733
7539.1  0.9883581399917602
7541.7  0.9861977696418762
7544.3  0.9851585030555725
7546.9  0.9855052232742309
7549.5  0.9868043065071105
7552.1  0.98829185962677
7554.7  0.9892190098762512
7557.3  0.9888068437576293
7559.9  0.985963761806488
7562.5  0.9795260429382324
7565.1  0.9695391654968261
7567.7  0.9586632251739501
7570.3  0.9514769911766052
7572.9  0.9513102173805236
7575.5  0.9577789306640625
7578.1  0.9676199555397033
7580.7  0.9770785570144653
7583.3  0.982770025730133
7585.9  0.9802906513214111
7588.5  0.9626047015190124
7591.1  0.921273648738861
7593.7  0.8510879278182983
7596.3  0.7552053928375244
7598.9  0.6481155753135681
7601.5  0.5549092888832092
7604.1  0.5033678412437438
7606.7  0.5087391138076782
7609.3  0.5630605220794677
7611.9  0.6400229334831237
7614.5  0.7089996337890625
7617.1  0.7450787425041198
7619.7  0.7348771691322326
7622.3  0.682938277721405
7624.9  0.6127138137817382
7627.5  0.5541107654571533
7630.1  0.5261449217796325
7632.7  0.5306214094161987
7635.3  0.5571271777153015
7637.9  0.5911615490913391
7640.5  0.6205451488494873
7643.1  0.6385043859481811
7645.7  0.6449727416038513
7648.3  0.6481865048408508
7650.9  0.6606912016868591
7653.5  0.6877769827842712
7656.1  0.7216719388961791
7658.7  0.7509850859642028
7661.3  0.7735897898674011
7663.9  0.797428011894226
7666.5  0.8310085535049438
7669.1  0.8746219873428344
7671.7  0.9197356700897216
7674.3  0.9560120105743408
7676.9  0.9778977036476135
7679.5  0.9849072694778442
7682.1  0.9785457849502563
7684.7  0.9621349573135375
7687.3  0.9423997998237609
7689.9  0.9266496300697326
7692.5  0.9162308573722839
7695.1  0.9069443345069885
7697.7  0.8988250494003295
7700.3  0.9004495739936828
7702.9  0.9184817671775817
7705.5  0.9471816420555114
7708.1  0.9733141064643859
7710.7  0.9886274337768554
7713.3  0.9939873814582824
7715.9  0.9938300251960754
7718.5  0.9900078773498535
7721.1  0.9811126589775085
7723.7  0.9668440222740173
7726.3  0.9521629214286804
7728.9  0.945489227771759
7731.5  0.9513493776321411
7734.1  0.9657861590385437
7736.7  0.9798656105995178
7739.3  0.9863294959068298
7741.9  0.9826311469078063
7744.5  0.9708106517791748
7747.1  0.9570608139038085
7749.7  0.9496336579322814
7752.3  0.9535946249961853
7754.9  0.9667713642120361
7757.5  0.9819608926773071
7760.1  0.9927597045898437
7762.7  0.9965296387672424
7765.3  0.9932780861854553
7767.9  0.9845735430717468
7770.5  0.974384605884552
7773.1  0.9688571095466613
7775.7  0.9725868701934814
7778.3  0.9846946001052856
7780.9  0.9996382594108581
7783.5  1.01188063621521
7786.1  1.019035696983337
7788.7  1.021265745162964
7791.3  1.01945960521698
7793.9  1.014763593673706
7796.5  1.009076476097107
7799.1  1.004664778709412
7801.7  1.002565741539001
7804.3  1.001757025718689
7806.9  1.000656723976135
7809.5  0.9992890357971191
7812.1  0.9992494583129882
7814.7  1.001584053039551
7817.3  1.005439877510071
7819.9  1.00895619392395
7822.5  1.010866641998291
7825.1  1.011055827140808
7827.7  1.010140657424927
7830.3  1.008893013000488
7832.9  1.007847428321838
7835.5  1.007051944732666
7838.1  1.006076693534851
7840.7  1.00441324710846
7843.3  1.002038717269898
7845.9  0.9996463656425476
7848.5  0.9982300400733947
7851.1  0.9983587861061096
7853.7  0.9997709989547729
7856.3  1.001633405685425
7858.9  1.003243327140808
7861.5  1.00449013710022
7864.1  1.005700349807739
7866.7  1.007206797599793
7869.3  1.009164333343506
7871.9  1.011645674705505
7874.5  1.014678597450256
7877.1  1.018069624900818
7879.7  1.021299481391907
7882.3  1.023743629455566
7884.9  1.025030136108398
7887.5  1.025120258331299
7890.1  1.024157166481018
7892.7  1.022428393363953
7895.3  1.020493507385254
7897.9  1.019082546234131
7900.5  1.018543720245361
7903.1  1.018418550491333
7905.7  1.01781177520752
7908.3  1.016130924224854
7910.9  1.013325929641724
7913.5  1.009724020957947
7916.1  1.006080031394959
7918.7  1.003523111343384
7921.3  1.002701282501221
7923.9  1.002891659736633
7926.5  1.002582430839539
7929.1  1.001140832901001
7931.7  0.9993267655372619
7934.3  0.9977079629898071
7936.9  0.9946652650833129
7939.5  0.9869412779808044
7942.1  0.9735856652259826
7944.7  0.9596026539802551
7947.3  0.9536583423614501
7949.9  0.9603143334388732
7952.5  0.9755664467811584
7955.1  0.9912249445915222
7957.7  1.002151966094971
7960.3  1.008275389671326
7962.9  1.011669397354126
7965.5  1.013685822486878
7968.1  1.014518857002258
7970.7  1.014234066009521
7973.3  1.013608574867249
7975.9  1.013984203338623
7978.5  1.016267776489258
7981.1  1.020186305046082
7983.7  1.024609446525574
7986.3  1.028548121452332
7988.9  1.03162157535553
7991.5  1.033618092536926
7994.1  1.034070014953613
7996.7  1.032572388648987
7999.3  1.029347658157349
8001.9  1.025296211242676
8004.5  1.021550178527832
8007.1  1.018953323364258
8009.7  1.017729640007019
8012.3  1.017447233200073
8014.9  1.017308115959168
8017.5  1.016666889190674
8020.1  1.015434145927429
8022.7  1.01408851146698
8025.3  1.013319969177246
8027.9  1.013582229614258
8030.5  1.014776945114136
8033.1  1.016288757324219
8035.7  1.017386555671692
8038.3  1.017559885978699
8040.9  1.016448736190796
8043.5  1.013821005821228
8046.1  1.010039806365967
8048.7  1.006402969360352
8051.3  1.004458546638489
8053.9  1.004732251167297
8056.5  1.006339073181152
8059.1  1.007911562919617
8061.7  1.008623361587524
8064.3  1.00836992263794
8066.9  1.007564902305603
8069.5  1.00701904296875
8072.1  1.007518291473389
8074.7  1.009068369865418
8077.3  1.010867953300476
8079.9  1.012414216995239
8082.5  1.014231443405151
8085.1  1.017018556594849
8087.7  1.020283818244934
8090.3  1.022417306900025
8092.9  1.022361040115356
8095.5  1.020983219146729
8098.1  1.020358443260193
8100.7  1.021562814712524
8103.3  1.023588538169861
8105.9  1.024691939353943
8108.5  1.024261951446533
8111.1  1.022948622703552
8113.7  1.021483302116394
8116.3  1.019974946975708
8118.9  1.018127918243408
8121.5  1.015546202659607
8124.1  1.011519074440002
8126.7  1.005070924758911
8129.3  0.9963874816894531
8131.9  0.988411545753479
8134.5  0.9854280352592468
8137.1  0.9889279603958129
8139.7  0.9958024024963378
8142.3  1.00135862827301
8144.9  1.002921938896179
8147.5  1.000033736228943
8150.1  0.9930194616317749
8152.7  0.9825890660285949
8155.3  0.9699984192848205
8157.9  0.9572301506996154
8160.5  0.9477767348289489
8163.1  0.9460849165916442
8165.7  0.9536911249160766
8168.3  0.9662514328956604
8170.9  0.9765490293502807
8173.5  0.980580985546112
8176.1  0.9802230596542358
8178.7  0.9806756973266601
8181.3  0.9855995178222656
8183.9  0.9943260550498962
8186.5  1.003373026847839
8189.1  1.010049939155579
8191.7  1.014362335205078
8194.3  1.018127083778381
8196.9  1.02292263507843
8199.5  1.028716444969177
8202.1  1.034035325050354
8204.7  1.037179112434387
8207.3  1.037307381629944
8209.9  1.034831881523132
8212.5  1.031234622001648
8215.1  1.028306007385254
8217.7  1.026978254318237
8220.3  1.026633977890015
8222.9  1.025648713111877
8225.5  1.0227290391922
8228.1  1.017961740493774
8230.7  1.012902140617371
8233.3  1.009627938270569
8235.9  1.009266495704651
8238.5  1.011212229728699
8241.1  1.013879537582398
8243.7  1.016071081161499
8246.3  1.017429828643799
8248.9  1.017983078956604
8251.5  1.017898559570312
8254.1  1.017623424530029
8256.7  1.017720699310303
8259.3  1.01832926273346
8261.9  1.018866539001465
8264.5  1.018264174461365
8267.1  1.015340089797974
8269.7  1.009112000465393
8272.3  0.9992920160293579
8274.9  0.9870906472206115
8277.5  0.9757577180862426
8280.1  0.9698638319969177
8282.7  0.9728085994720458
8285.3  0.9839605093002319
8287.9  0.9985929727554321
8290.5  1.011380791664124
8293.1  1.019725322723389
8295.7  1.02377450466156
8298.3  1.024686336517334
8300.9  1.023764967918396
8303.5  1.022464036941528
8306.1  1.022121667861939
8308.7  1.023409247398377
8311.3  1.026130437850952
8313.9  1.029413342475891
8316.5  1.032163381576538
8319.1  1.033666372299194
8321.7  1.033949375152588
8324.3  1.033512353897095
8326.9  1.032743453979492
8329.5  1.031621813774109
8332.1  1.029747247695923
8334.7  1.026493906974793
8337.3  1.021206855773926
8339.9  1.01360809803009
8342.5  1.004615426063538
8345.1  0.9970702528953552
8347.7  0.9946929812431335
8350.3  0.9990031123161315
8352.9  1.007522940635681
8355.5  1.015891790390015
8358.1  1.021342158317566
8360.7  1.023708701133728
8363.3  1.024109840393066
8365.9  1.023663759231567
8368.5  1.023058176040649
8371.1  1.022447466850281
8373.7  1.021205067634583
8376.3  1.017759799957276
8378.9  1.009843111038208
8381.5  0.995865523815155
8384.1  0.9776061177253723
8386.7  0.961954653263092
8389.3  0.9577400684356689
8391.9  0.9683421850204467
8394.5  0.9880710244178771
8397.1  1.007290244102478
8399.7  1.020028114318848
8402.3  1.026017665863037
8404.9  1.027760863304138
8407.5  1.027620315551758
8410.1  1.026898980140686
8412.7  1.02606737613678
8415.3  1.025211811065674
8417.9  1.024484157562256
8420.5  1.024360656738281
8423.1  1.025560259819031
8425.7  1.028358817100525
8428.3  1.031815767288208
8430.9  1.034128189086914
8433.5  1.034295558929443
8436.1  1.033269286155701
8438.7  1.032992362976074
8441.3  1.034422993659973
8443.9  1.03683340549469
8446.5  1.038826107978821
8449.1  1.039567112922668
8451.7  1.039090871810913
8454.3  1.037644028663635
8456.9  1.03466808795929
8459.5  1.028011918067932
8462.1  1.014771103858948
8464.7  0.9948309659957885
8467.3  0.9744600653648376
8469.9  0.9640160202980041
8472.5  0.9693567752838134
8475.1  0.9863103628158569
8477.7  1.005067467689514
8480.3  1.018514513969421
8482.9  1.02508270740509
8485.5  1.025664448738098
8488.1  1.020018100738525
8490.7  1.006363749504089
8493.3  0.9843255281448364
8495.9  0.9585832357406616
8498.5  0.9387969970703125
8501.1  0.9338011741638183
8503.7  0.9448518753051757
8506.3  0.96455979347229
8508.9  0.9825258255004882
8511.5  0.9925659298896789
8514.1  0.9957490563392639
8516.7  0.9973182082176208
8519.3  1.000891804695129
8521.9  1.005561828613281
8524.5  1.007714748382568
8527.1  1.003312826156616
8529.7  0.9865117073059082
8532.3  0.9461361765861511
8534.9  0.8659663200378417
8537.5  0.733871579170227
8540.1  0.5566089153289794
8542.7  0.365741103887558
8545.3  0.2025479078292847
8547.9  0.09252721071243286
8550.5  0.03431238979101181
8553.1  0.01020782254636288
8555.7  0.002412181114777923
8558.3  4.451692511793226E-4
8560.9  5.924889046582393E-5
8563.5  0.
8566.1  0.
8568.7  0.
8571.3  0.
8573.9  0.
8576.5  0.
8579.1  0.
8581.7  0.
8584.3  0.
8586.9  0.
8589.5  0.
8592.1  0.
8594.7  0.
8597.3  0.
8599.9  0.
8602.5  0.
8605.1  0.
8607.7  0.
8610.3  0.
8612.9  0.
8615.5  0.
8618.1  0.
8620.7  0.
8623.3  0.
8625.9  0.
8628.5  0.
8631.1  0.
8633.7  0.
8636.3  0.
8638.9  0.
8641.5  5.026295548304915E-5
8644.1  3.785366716329008E-4
8646.7  0.002061198931187391
8649.3  0.008761622942984104
8651.9  0.0296153761446476
8654.5  0.08047877252101898
8657.1  0.1780775040388107
8659.7  0.3263314664363861
8662.3  0.5063308477401733
8664.9  0.6835214495658874
8667.5  0.827827513217926
8670.1  0.9277262091636657
8672.7  0.9885657429695129
8675.3  1.022481441497803
8677.9  1.040433645248413
8680.5  1.049537897109985
8683.1  1.053513050079346
8685.7  1.053832650184631
8688.3  1.05094850063324
8690.9  1.045605063438416
8693.5  1.039929986000061
8696.1  1.036823749542236
8698.7  1.037407994270325
8701.3  1.0391765832901
8703.9  1.037558555603027
8706.5  1.02987813949585
8709.1  1.018148303031921
8711.7  1.008064031600952
8714.3  1.004639983177185
8716.9  1.008532404899597
8719.5  1.016528487205505
8722.1  1.024536609649658
8724.7  1.029573202133179
8727.3  1.030092477798462
8729.9  1.025905609130859
8732.5  1.018412113189697
8735.1  1.010987520217896
8737.7  1.007779717445374
8740.3  1.010246872901917
8742.9  1.014894843101502
8745.5  1.015932440757752
8748.1  1.010581493377686
8750.7  1.0015949010849
8753.3  0.995032787322998
8755.9  0.9958075284957885
8758.5  1.004658818244934
8761.1  1.018230199813843
8763.7  1.0314199924469
8766.3  1.040266036987305
8768.9  1.043765664100647
8771.5  1.04381787776947
8774.1  1.043407678604126
8776.7  1.044272065162659
8779.3  1.045861005783081
8781.9  1.046270608901978
8784.5  1.043544173240662
8787.1  1.036513805389404
8789.7  1.026209592819214
8792.3  1.017229676246643
8794.9  1.015473008155823
8797.5  1.022164940834045
8800.1  1.031374096870422
8802.7  1.035842061042786
8805.3  1.034667134284973
8807.9  1.033312201499939
8810.5  1.036498308181763
8813.1  1.043310761451721
8815.7  1.049592971801758
8818.3  1.052929043769837
8820.9  1.054035305976868
8823.5  1.054731726646423
8826.1  1.055988430976868
8828.7  1.057587623596192
8831.3  1.058744549751282
8833.9  1.058903098106384
8836.5  1.058170437812805
8839.1  1.057050943374634
8841.7  1.05586838722229
8844.3  1.054492950439453
8846.9  1.052521228790283
8849.5  1.049500346183777
8852.1  1.044921636581421
8854.7  1.038236141204834
8857.3  1.029382109642029
8859.9  1.019750475883484
8862.5  1.012442588806152
8865.1  1.010730743408203
8867.7  1.015611410140991
8870.3  1.024940967559815
8872.9  1.035090565681458
8875.5  1.043240547180176
8878.1  1.048384189605713
8880.7  1.051020503044129
8883.3  1.052344918251038
8885.9  1.053411364555359
8888.5  1.054631471633911
8891.1  1.055865526199341
8893.7  1.056859135627747
8896.3  1.057568430900574
8898.9  1.058222651481628
8901.5  1.059115052223206
8904.1  1.060233116149902
8906.7  1.061126589775086
8909.3  1.061286687850952
8911.9  1.060661435127258
8914.5  1.059588551521301
8917.1  1.058201551437378
8919.7  1.056349039077759
8922.3  1.05450189113617
8924.9  1.054200887680054
8927.5  1.056731462478638
8930.1  1.061513900756836
8932.7  1.066437840461731
8935.3  1.069641470909119
8937.9  1.07063364982605
8940.5  1.070016741752625
8943.1  1.068605065345764
8945.7  1.066866874694824
8948.3  1.065035223960877
8950.9  1.063356280326843
8953.5  1.061861753463745
8956.1  1.060062646865845
8958.7  1.057289123535156
8961.3  1.05326509475708
8963.9  1.048130750656128
8966.5  1.04179310798645
8969.1  1.033616423606873
8971.7  1.023451328277588
8974.3  1.013088226318359
8976.9  1.004714965820313
8979.5  0.9963191151618957
8982.1  0.9805729389190673
8984.7  0.952237844467163
8987.3  0.9177268743515014
8989.9  0.8948423862457275
8992.5  0.8996230363845825
8995.1  0.9318910241127014
8997.7  0.9747449159622192
9000.3  1.00862181186676
9002.9  1.024351358413696
9005.5  1.023893594741821
9008.1  1.013301968574524
9010.7  0.9977554082870483
9013.3  0.9815682172775268
9015.9  0.9696038365364074
9018.5  0.9662798643112182
9021.1  0.9730648398399353
9023.7  0.9878385066986083
9026.3  1.006741642951965
9028.9  1.02584719657898
9031.5  1.041720986366272
9034.1  1.052078723907471
9036.7  1.056649565696716
9039.3  1.057096123695374
9041.9  1.055826544761658
9044.5  1.054809451103211
9047.1  1.055105805397034
9049.7  1.056646704673767
9052.3  1.057871699333191
9054.9  1.056253075599671
9057.5  1.050649046897888
9060.1  1.043584108352661
9062.7  1.039911270141602
9065.3  1.042170405387879
9067.9  1.048052787780762
9070.5  1.053032040596008
9073.1  1.054441332817078
9075.7  1.052664756774902
9078.3  1.049835920333862
9080.9  1.047695517539978
9083.5  1.045400381088257
9086.1  1.038880109786987
9088.7  1.023763656616211
9091.3  1.000905632972717
9093.9  0.979444682598114
9096.5  0.9719600081443786
9099.1  0.9838093519210815
9101.7  1.008021116256714
9104.3  1.032090067863464
9106.9  1.047980308532715
9109.5  1.05458402633667
9112.1  1.054010033607483
9114.7  1.048858165740967
9117.3  1.042262315750122
9119.9  1.037743330001831
9122.5  1.037432670593262
9125.1  1.040637612342835
9127.7  1.044479727745056
9130.3  1.046195030212402
9132.9  1.04523229598999
9135.5  1.043563961982727
9138.1  1.043738126754761
9140.7  1.046237230300903
9143.3  1.048642039299011
9145.9  1.047202229499817
9148.5  1.039569616317749
9151.1  1.027235627174377
9153.7  1.015937924385071
9156.3  1.012326598167419
9158.9  1.018683314323425
9161.5  1.031025052070618
9164.1  1.042791962623596
9166.7  1.049859404563904
9169.3  1.052194952964783
9171.9  1.052138090133667
9174.5  1.051814675331116
9177.1  1.051669836044312
9179.7  1.050966262817383
9182.3  1.049601793289185
9184.9  1.049088716506958
9187.5  1.05129861831665
9190.1  1.056471586227417
9192.7  1.062774062156677
9195.3  1.067596077919006
9197.9  1.06911301612854
9200.5  1.066973328590393
9203.1  1.061935186386109
9205.7  1.054821729660034
9208.3  1.045907020568848
9210.9  1.035720586776733
9213.5  1.026319146156311
9216.1  1.020488381385803
9218.7  1.018705368041992
9221.3  1.017733335494995
9223.9  1.013611674308777
9226.5  1.006047964096069
9229.1  0.9991026520729064
9231.7  0.9974022507667541
9234.3  1.002157807350159
9236.9  1.010963439941406
9239.5  1.020484924316406
9242.1  1.028357625007629
9244.7  1.033064484596253
9247.3  1.033436894416809
9249.9  1.029152035713196
9252.5  1.021887540817261
9255.1  1.015548706054688
9257.7  1.014215469360352
9260.3  1.019190788269043
9262.9  1.028308749198914
9265.5  1.037923812866211
9268.1  1.045040726661682
9270.7  1.048147797584534
9273.3  1.047387599945068
9275.9  1.044370770454407
9278.5  1.04126763343811
9281.1  1.039638757705688
9283.7  1.039939880371094
9286.3  1.041538953781128
9288.9  1.042482614517212
9291.5  1.038999080657959
9294.1  1.026491641998291
9296.7  1.003583073616028
9299.3  0.9764744639396667
9301.9  0.9563450813293457
9304.5  0.9485745429992675
9307.1  0.9438894987106323
9309.7  0.9226518273353576
9312.3  0.8700460195541381
9314.9  0.7907829284667968
9317.5  0.7123914361000061
9320.1  0.6721957921981811
9322.7  0.6937886476516723
9325.3  0.7692264318466186
9327.9  0.8627166748046875
9330.5  0.9342893958091735
9333.1  0.9609354734420776
9335.7  0.9390773773193359
9338.3  0.8789716958999633
9340.9  0.8050907850265502
9343.5  0.7517217993736267
9346.1  0.7415767312049865
9348.7  0.7676159739494323
9351.3  0.8048930168151855
9353.9  0.8374539017677307
9356.5  0.8661456704139709
9359.1  0.8947727084159851
9361.7  0.9179702997207641
9364.3  0.9245639443397521
9366.9  0.9109695553779602
9369.5  0.8898753523826599
9372.1  0.8820834755897521
9374.7  0.8968099951744079
9377.3  0.9224133491516113
9379.9  0.9393351078033447
9382.5  0.9399406909942626
9385.1  0.9339252710342407
9387.7  0.9369082450866699
9390.3  0.9553304314613342
9392.9  0.9818371534347534
9395.5  1.003669738769531
9398.1  1.013151526451111
9400.7  1.009651780128479
9403.3  0.9952351450920104
9405.9  0.9727954268455505
9408.5  0.9483116865158081
9411.1  0.9309766292572021
9413.7  0.9275649189949035
9416.3  0.9368441104888916
9418.9  0.9497869610786437
9421.5  0.9548770189285278
9424.1  0.945657730102539
9426.7  0.9272100329399108
9429.3  0.914175271987915
9431.9  0.9181016683578491
9434.5  0.9367732405662536
9437.1  0.9583039283752441
9439.7  0.9737933278083801
9442.3  0.982764184474945
9444.9  0.9878866672515869
9447.5  0.9889590144157409
9450.1  0.9829564690589904
9452.7  0.9661475419998168
9455.3  0.9327191114425659
9457.9  0.8733594417572021
9460.5  0.7836236953735351
9463.1  0.6815401315689086
9465.7  0.6111406683921813
9468.3  0.6125099658966064
9470.9  0.6834233403205871
9473.5  0.7804267406463623
9476.1  0.8598607778549194
9478.7  0.9091674089431762
9481.3  0.9397628903388977
9483.9  0.9620144367218017
9486.5  0.9735384583473205
9489.1  0.9682874679565429
9491.7  0.9503719210624694
9494.3  0.9344813823699951
9496.9  0.9329124689102172
9499.5  0.9463973045349121
9502.1  0.9674261212348937
9504.7  0.9860555529594421
9507.3  0.9898993968963623
9509.9  0.9652854800224304
9512.5  0.9060343503952026
9515.1  0.8243002295494079
9517.7  0.7509636878967285
9520.3  0.719923198223114
9522.9  0.7461296916007995
9525.5  0.8154054880142211
9528.1  0.8955050110816955
9530.7  0.958428680896759
9533.3  0.9938545823097229
9535.9  1.005498766899109
9538.5  1.000649571418762
9541.1  0.9850092530250549
9543.7  0.9631558656692504
9546.3  0.9394068121910095
9548.9  0.9177412986755371
9551.5  0.9028719067573547
9554.1  0.9002672433853149
9556.7  0.9119770526885986
9559.3  0.9320827722549438
9561.9  0.9493475556373596
9564.5  0.9562440514564514
9567.1  0.9549489617347717
9569.7  0.9538862109184265
9572.3  0.9583373069763183
9574.9  0.9652038812637329
9577.5  0.9675793051719665
9580.1  0.9631164669990539
9582.7  0.9559877514839172
9585.3  0.9515047669410705
9587.9  0.9516503810882568
9590.5  0.9556113481521606
9593.1  0.9616985917091369
9595.7  0.9670766592025756
9598.3  0.9663832783699035
9600.9  0.9521586894989013
9603.5  0.9168987870216369
9606.1  0.854461133480072
9608.7  0.7646902799606323
9611.3  0.6658077836036682
9613.9  0.5993781685829162
9616.5  0.6055981516838073
9619.1  0.6856317520141601
9621.7  0.7976897954940795
9624.3  0.8935596942901611
9626.9  0.9513877034187316
9629.5  0.9754661321640014
9632.1  0.9789568185806274
9634.7  0.9740101099014282
9637.3  0.9711066484451293
9639.9  0.9772122502326965
9642.5  0.9914448261260986
9645.1  1.005675911903381
9647.7  1.011393904685974
9650.3  1.005515336990357
9652.9  0.9905613660812377
9655.5  0.9721620678901672
9658.1  0.9572058320045471
9660.7  0.9521385431289672
9663.3  0.9600924849510192
9665.9  0.9783132076263427
9668.5  0.99929940700531
9671.1  1.01564884185791
9673.7  1.024058341979981
9676.3  1.025604367256165
9678.9  1.023853898048401
9681.5  1.022502779960632
9684.1  1.023289799690247
9686.7  1.025313973426819
9689.3  1.02602756023407
9691.9  1.022240519523621
9694.5  1.011080384254456
9697.1  0.9927504658699035
9699.7  0.9735049605369567
9702.3  0.9632794260978698
9704.9  0.9676099419593811
9707.5  0.9827030301094055
9710.1  0.9997044205665588
9712.7  1.012248277664185
9715.3  1.019205212593079
9717.9  1.022636651992798
9720.5  1.024975299835205
9723.1  1.02723228931427
9725.7  1.028448820114136
9728.3  1.026551127433777
9730.9  1.020219683647156
9733.5  1.010475993156433
9736.1  1.000700950622559
9738.7  0.9944950342178344
9741.3  0.9931166172027587
9743.9  0.9951315522193908
9746.5  0.9981774091720581
9749.1  1.000295400619507
9751.7  0.999174952507019
9754.3  0.9898647665977478
9756.9  0.961567223072052
9759.5  0.8972386121749877
9762.1  0.7838672399520874
9764.7  0.6341062784194946
9767.3  0.4979731440544128
9769.9  0.4389077425003052
9772.5  0.4857498705387116
9775.1  0.6091089844703674
9777.7  0.7483274340629577
9780.3  0.8576391339302062
9782.9  0.9256263375282287
9785.5  0.9626146554946899
9788.1  0.9821189641952514
9790.7  0.9929285049438476
9793.3  0.9992966055870056
9795.9  1.003133535385132
9798.5  1.005538940429687
9801.1  1.007379531860352
9803.7  1.009213089942932
9806.3  1.011258006095886
9808.9  1.013267636299133
9811.5  1.014504075050354
9814.1  1.014137625694275
9816.7  1.011762976646423
9819.3  1.00761604309082
9821.9  1.002637982368469
9824.5  0.9984240531921386
9827.1  0.9965643882751464
9829.7  0.9975390434265136
9832.3  1.000465989112854
9834.9  1.004088044166565
9837.5  1.007467031478882
9840.1  1.009473562240601
9842.7  1.008581757545471
9845.3  1.004148840904236
9847.9  0.9974820613861083
9850.5  0.9908342957496643
9853.1  0.9852708578109741
9855.7  0.9798950552940368
9858.3  0.9734619855880737
9860.9  0.9667725563049316
9863.5  0.9627965688705444
9866.1  0.9638581871986389
9868.7  0.9692559242248535
9871.3  0.9762214422225952
9873.9  0.9824109077453613
9876.5  0.986746072769165
9879.1  0.9886941313743591
9881.7  0.9876945614814758
9884.3  0.9833080172538757
9886.9  0.975934624671936
9889.5  0.9676084518432617
9892.1  0.96148681640625
9894.7  0.9597163796424865
9897.3  0.9621499180793762
9899.9  0.9673342108726501
9902.5  0.9736044406890869
9905.1  0.9787912368774414
9907.7  0.9796201586723327
9910.3  0.9709563851356506
9912.9  0.9430329799652099
9915.5  0.8792291283607482
9918.1  0.7636580467224121
9920.7  0.6012251377105712
9923.3  0.4330625534057617
9925.9  0.3238599598407745
9928.5  0.3230078518390656
9931.1  0.4306531548500061
9933.7  0.5976210236549377
9936.3  0.7592579126358032
9938.9  0.8743787407875061
9941.5  0.9382615685462951
9944.1  0.9674557447433471
9946.7  0.9796167016029357
9949.3  0.9853287935256958
9951.9  0.9894677996635437
9954.5  0.9935421347618103
9957.1  0.9968106746673583
9959.7  0.9976786375045776
9962.3  0.9952791929244995
9964.9  0.9902409315109252
9967.5  0.9842715859413146
9970.1  0.9791552424430847
9972.7  0.9756526947021484
9975.3  0.9730173349380493
9977.9  0.9696844220161437
9980.5  0.9645598530769348
9983.1  0.9571213722229003
9985.7  0.9449822902679443
9988.3  0.9189527630805969
9990.9  0.8601758480072021
9993.5  0.7483158111572265
9996.1  0.5815955996513366
