3501.3  0.4010202586650848
3503.9  0.4980697333812714
3506.5  0.568078875541687
3509.1  0.6224320530891418
3511.7  0.6668293476104736
3514.3  0.6925057768821716
3516.9  0.6861568689346313
3519.5  0.645138680934906
3522.1  0.5855360627174377
3524.7  0.533297061920166
3527.3  0.502836525440216
3529.9  0.4873438775539398
3532.5  0.4742342233657837
3535.1  0.465598464012146
3537.7  0.4768864512443543
3540.3  0.5164500474929809
3542.9  0.572495698928833
3545.5  0.6231554746627807
3548.1  0.654961884021759
3550.7  0.6665700674057006
3553.3  0.660026729106903
3555.9  0.6381739377975463
3558.5  0.6098222136497497
3561.1  0.5872474908828735
3563.7  0.5747085809707641
3566.3  0.5650384426116943
3568.9  0.5505933761596679
3571.5  0.5329080820083618
3574.1  0.5180779695510864
3576.7  0.5060520768165588
3579.3  0.4905140995979309
3581.9  0.469600647687912
3584.5  0.4515445232391357
3587.1  0.4485899806022644
3589.7  0.4669696986675263
3592.3  0.5005891919136047
3594.9  0.5321043133735656
3597.5  0.5431142449378967
3600.1  0.5289068222045898
3602.7  0.5037075281143188
3605.3  0.4886666536331177
3607.9  0.4964340925216675
3610.5  0.5282665491104125
3613.1  0.5781366229057312
3615.7  0.6346136331558227
3618.3  0.6844683289527893
3620.9  0.7179129123687744
3623.5  0.7292088866233825
3626.1  0.7166205644607543
3628.7  0.6880205273628234
3631.3  0.6618943810462951
3633.9  0.6539928913116455
3636.5  0.6631606817245483
3639.1  0.6735976338386535
3641.7  0.668152630329132
3644.3  0.6398350596427917
3646.9  0.5982134938240051
3649.5  0.5658514499664306
3652.1  0.5607587099075317
3654.7  0.5804852247238159
3657.3  0.6079132556915283
3659.9  0.6289982795715332
3662.5  0.6374423503875732
3665.1  0.6278284192085266
3667.7  0.5967378616333007
3670.3  0.5521052479743957
3672.9  0.511998176574707
3675.5  0.4916403591632843
3678.1  0.496157705783844
3680.7  0.5243049263954162
3683.3  0.5714435577392578
3685.9  0.6268187165260314
3688.5  0.6741478443145751
3691.1  0.7014580368995666
3693.7  0.7094599604606628
3696.3  0.7069635987281799
3698.9  0.6998674273490905
3701.5  0.688546597957611
3704.1  0.6751472949981689
3706.7  0.668403148651123
3709.3  0.676157534122467
3711.9  0.6925078630447387
3714.5  0.6986085772514343
3717.1  0.6824266910552978
3719.7  0.6532561182975769
3722.3  0.6293159127235412
3724.9  0.6142377853393554
3727.5  0.5940245389938354
3730.1  0.5560371875762939
3732.7  0.5049613714218139
3735.3  0.4582339525222778
3737.9  0.4281819462776184
3740.5  0.4124397039413452
3743.1  0.4042003750801086
3745.7  0.407556414604187
3748.3  0.4339810907840729
3750.9  0.481964111328125
3753.5  0.5285215973854064
3756.1  0.548556625843048
3758.7  0.5410487055778503
3761.3  0.5306637287139892
3763.9  0.543446660041809
3766.5  0.5854775309562683
3769.1  0.6453654766082763
3771.7  0.7090066075325012
3774.3  0.7653692364692687
3776.9  0.8040469288825988
3779.5  0.8181233406066894
3782.1  0.8093602061271667
3784.7  0.7837512493133544
3787.3  0.7425606846809387
3789.9  0.6841322183609008
3792.5  0.6169127821922302
3795.1  0.5646579265594482
3797.7  0.5507353544235229
3800.3  0.5760844349861145
3802.9  0.616715133190155
3805.5  0.6417565941810607
3808.1  0.6310792565345764
3810.7  0.5829636454582214
3813.3  0.5143975615501403
3815.9  0.4509462416172028
3818.5  0.4100900590419769
3821.1  0.3950502574443817
3823.7  0.4014932215213776
3826.3  0.421536922454834
3828.9  0.4426007866859436
3831.5  0.4535500109195709
3834.1  0.4557384848594666
3836.7  0.4617597460746765
3839.3  0.4813922941684723
3841.9  0.5139450430870056
3844.5  0.5540108084678649
3847.1  0.59688401222229
3849.7  0.6343215703964233
3852.3  0.6516778469085693
3854.9  0.6386640071868896
3857.5  0.6040129661560058
3860.1  0.5734443664550781
3862.7  0.567927062511444
3865.3  0.5854365229606628
3867.9  0.6060471534729003
3870.5  0.6107458472251892
3873.1  0.5914482474327087
3875.7  0.5496300458908081
3878.3  0.4950470626354218
3880.9  0.4459717273712158
3883.5  0.4249033033847809
3886.1  0.449494332075119
3888.7  0.5225365161895751
3891.3  0.6259300708770751
3893.9  0.7267921566963195
3896.5  0.7950542569160461
3899.1  0.8183642029762268
3901.7  0.804088532924652
3904.3  0.7709001302719116
3906.9  0.7367157936096191
3909.5  0.7102829217910766
3912.1  0.6930552721023559
3914.7  0.68534916639328
3917.3  0.6845385432243347
3919.9  0.678106665611267
3922.5  0.6469433307647705
3925.1  0.5808495283126831
3927.7  0.4907471537590027
3930.3  0.4055308103561401
3932.9  0.3562114834785461
3935.5  0.3592139780521393
3938.1  0.4096117317676544
3940.7  0.4873882532119751
3943.3  0.5697842240333557
3945.9  0.6397387981414794
3948.5  0.6874366998672485
3951.1  0.7082706689834594
3953.7  0.7003571987152099
3956.3  0.6633283495903015
3958.9  0.6002078056335449
3961.5  0.521281361579895
3964.1  0.4451355040073395
3966.7  0.3935457468032837
3969.3  0.3815653920173645
3971.9  0.4095741212368012
3974.5  0.4650682806968689
3977.1  0.5328869223594665
3979.7  0.6020381450653076
3982.3  0.6653289794921875
3984.9  0.7194663882255554
3987.5  0.7672374844551086
3990.1  0.8128269910812377
3992.7  0.8509995937347412
3995.3  0.8662639260292053
3997.9  0.8493971824645996
4000.5  0.8135329484939575
4003.1  0.7889776229858398
4005.7  0.8010749816894531
4008.3  0.8526333570480346
4010.9  0.9243628978729248
4013.5  0.9891544580459594
4016.1  1.02764368057251
4018.7  1.036532402038574
4021.3  1.027575135231018
4023.9  1.017934322357178
4026.5  1.0168696641922
4029.1  1.020370602607727
4031.7  1.01894211769104
4034.3  1.007311582565308
4036.9  0.9845315814018249
4039.5  0.9499427080154418
4042.1  0.9037951231002807
4044.7  0.8487335443496704
4047.3  0.7870571613311767
4049.9  0.721867561340332
4052.5  0.665850818157196
4055.1  0.6417905092239379
4057.7  0.6641475558280944
4060.3  0.7215392589569091
4062.9  0.785331904888153
4065.5  0.8347896933555603
4068.1  0.8671003580093383
4070.7  0.8849630951881408
4073.3  0.8860011100769042
4075.9  0.8696424961090087
4078.5  0.8476698994636535
4081.1  0.8395923972129821
4083.7  0.8564545512199401
4086.3  0.8910002708435058
4088.9  0.9223266243934631
4091.5  0.9282726049423217
4094.1  0.897370159626007
4096.7  0.8374250531196594
4099.3  0.7755239009857177
4101.9  0.7434606552124023
4104.5  0.7559494376182556
4107.1  0.8023791313171386
4109.7  0.8592433929443359
4112.3  0.9054782390594482
4114.9  0.9279078841209411
4117.5  0.9228686094284057
4120.1  0.8981028795242309
4122.7  0.8676007986068725
4125.3  0.8412808179855346
4127.9  0.8227214217185974
4130.5  0.816379964351654
4133.1  0.8291398286819458
4135.7  0.8608607649803161
4138.3  0.8992125988006591
4140.9  0.9293857216835021
4143.5  0.9456437826156616
4146.1  0.9486660957336425
4148.7  0.9359210729598999
4151.3  0.9025335907936096
4153.9  0.8531595468521118
4156.5  0.8077895045280456
4159.1  0.7899155616760253
4161.7  0.8064664006233215
4164.3  0.8402878642082214
4166.9  0.8654900789260864
4169.5  0.8710309267044067
4172.1  0.8663915991783142
4174.7  0.8632688522338867
4177.3  0.8587713837623596
4179.9  0.8431864976882934
4182.5  0.8201217651367187
4185.1  0.8079057931900024
4187.7  0.8178741335868835
4190.3  0.8403295874595642
4192.9  0.8581956624984741
4195.5  0.867759346961975
4198.1  0.8789551258087158
4200.7  0.8998825550079345
4203.3  0.9267774820327758
4205.9  0.9473432302474975
4208.5  0.9509416818618774
4211.1  0.9364628195762634
4213.7  0.912258505821228
4216.3  0.8884994983673095
4218.9  0.8688584566116333
4221.5  0.8500205874443054
4224.1  0.8312335014343261
4226.7  0.820989191532135
4229.3  0.8289825916290283
4231.9  0.8542225956916809
4234.5  0.8865835070610046
4237.1  0.916253387928009
4239.7  0.9365056157112121
4242.3  0.9420806169509887
4244.9  0.9321740865707397
4247.5  0.9130909442901611
4250.1  0.8918702006340026
4252.7  0.8693209290504455
4255.3  0.8454696536064147
4257.9  0.8279825448989868
4260.5  0.8260860443115234
4263.1  0.8372716903686523
4265.7  0.8495827317237854
4268.3  0.8574140667915344
4270.9  0.8662068843841552
4273.5  0.8803997039794921
4276.1  0.8948697447776794
4278.7  0.900718331336975
4281.3  0.8916175961494445
4283.9  0.8594272136688232
4286.5  0.7923309206962585
4289.1  0.6884463429450988
4291.7  0.5693238377571105
4294.3  0.4717989861965179
4296.9  0.4251686632633209
4299.5  0.435849130153656
4302.1  0.486914873123169
4304.7  0.5486665368080139
4307.3  0.5986815094947814
4309.9  0.6392818093299865
4312.5  0.6906927227973937
4315.1  0.762478768825531
4317.7  0.8362826704978942
4320.3  0.881454050540924
4322.9  0.8851773738861083
4325.5  0.863174021244049
4328.1  0.840672492980957
4330.7  0.8265600204467773
4333.3  0.8103569746017456
4335.9  0.7838532328605651
4338.5  0.759209394454956
4341.1  0.7600290775299072
4343.7  0.7965607643127441
4346.3  0.8551971316337585
4348.9  0.9124432206153869
4351.5  0.9541578888893127
4354.1  0.9799645543098449
4356.7  0.9944798350334167
4359.3  0.9998599886894226
4361.9  0.9966148734092712
4364.5  0.9873092174530029
4367.1  0.9758087992668151
4369.7  0.9628100991249084
4372.3  0.9446802139282226
4374.9  0.9182502031326293
4377.5  0.8858470320701599
4380.1  0.8552322387695312
4382.7  0.8360927700996398
4385.3  0.8347219824790954
4387.9  0.8477417230606079
4390.5  0.8626278638839721
4393.1  0.8687347173690795
4395.7  0.8659214377403259
4398.3  0.8585391640663146
4400.9  0.8446615934371948
4403.5  0.8191032409667968
4406.1  0.788206934928894
4408.7  0.7736396193504333
4411.3  0.7941353917121887
4413.9  0.8451786041259765
4416.5  0.9023511409759521
4419.1  0.9433120489120483
4421.7  0.9616658687591552
4424.3  0.9623879194259643
4426.9  0.9521211385726928
4429.5  0.9366493821144104
4432.1  0.9216192960739135
4434.7  0.9101549386978149
4437.3  0.9023764729499816
4439.9  0.9005813002586364
4442.5  0.9102137088775634
4445.1  0.9302477240562438
4447.7  0.9479542970657348
4450.3  0.9512082934379577
4452.9  0.9438676238059997
4455.5  0.9418509602546691
4458.1  0.9540193676948547
4460.7  0.9713571667671203
4463.3  0.9753136038780212
4465.9  0.9529076218605041
4468.5  0.9047898650169372
4471.1  0.8442275524139404
4473.7  0.7907996773719787
4476.3  0.7623115181922912
4478.9  0.7669671177864074
4481.5  0.798564076423645
4484.1  0.8388333916664123
4486.7  0.8674180507659912
4489.3  0.8740392327308654
4491.9  0.8646336197853088
4494.5  0.8575615882873535
4497.1  0.8713064193725585
4499.7  0.9103072881698608
4502.3  0.9612705111503601
4504.9  1.005072474479675
4507.5  1.030182003974915
4510.1  1.033980846405029
4512.7  1.017121911048889
4515.3  0.9832528829574584
4517.9  0.9430121779441833
4520.5  0.9103367924690246
4523.1  0.888943612575531
4525.7  0.8661924004554748
4528.3  0.8289137482643127
4530.9  0.7858006954193115
4533.5  0.7656192183494567
4536.1  0.7896133065223693
4538.7  0.8499878644943237
4541.3  0.9168969988822937
4543.9  0.9604648947715759
4546.5  0.9660100936889648
4549.1  0.939425766468048
4551.7  0.9058592915534973
4554.3  0.8960661888122558
4556.9  0.9228907823562622
4559.5  0.970524787902832
4562.1  1.01056957244873
4564.7  1.026048898696899
4567.3  1.0186527967453
4569.9  0.999007225036621
4572.5  0.9755031466484069
4575.1  0.9525103569030761
4577.7  0.9363693594932556
4580.3  0.9370760917663574
4582.9  0.9590848088264465
4585.5  0.9928730130195617
4588.1  1.02109968662262
4590.7  1.03226375579834
4593.3  1.026909470558167
4595.9  1.013605952262879
4598.5  1.000973701477051
4601.1  0.9904689192771911
4603.7  0.9749312996864318
4606.3  0.9475943446159362
4608.9  0.9154699444770812
4611.5  0.8992508649826049
4614.1  0.9143218398094177
4616.7  0.9540733695030212
4619.3  0.995987594127655
4621.9  1.021063089370728
4624.5  1.02448570728302
4627.1  1.012557983398437
4629.7  0.9951542615890502
4632.3  0.9804645776748657
4634.9  0.9729382395744323
4637.5  0.9731510281562805
4640.1  0.9786794781684875
4642.7  0.9858642220497131
4645.3  0.9923124909400939
4647.9  0.9980034232139587
4650.5  1.00347101688385
4653.1  1.006848812103272
4655.7  1.003438115119934
4658.3  0.9894391894340515
4660.9  0.9673705697059631
4663.5  0.9469567537307739
4666.1  0.9373278021812438
4668.7  0.9362617135047912
4671.3  0.9297361969947814
4673.9  0.9064900875091552
4676.5  0.8738539814949035
4679.1  0.8551439046859741
4681.7  0.8676981925964355
4684.3  0.9055818915367126
4686.9  0.9464117884635925
4689.5  0.9715898036956787
4692.1  0.9769379496574401
4694.7  0.9685369133949279
4697.3  0.9537359476089477
4699.9  0.9360812902450561
4702.5  0.9172292351722717
4705.1  0.9024516940116882
4707.7  0.9007647633552551
4710.3  0.9169610738754272
4712.9  0.9457051157951354
4715.5  0.9757470488548278
4718.1  0.9986300468444824
4720.7  1.012561917304993
4723.3  1.020039558410645
4725.9  1.023770451545715
4728.5  1.025266170501709
4731.1  1.026539921760559
4733.7  1.030853033065796
4736.3  1.040202498435974
4738.9  1.052902102470398
4741.5  1.065046072006226
4744.1  1.073811650276184
4746.7  1.078668475151062
4749.3  1.080446720123291
4751.9  1.080432891845703
4754.5  1.079559087753296
4757.1  1.077423691749573
4759.7  1.072704792022705
4762.3  1.065605998039246
4764.9  1.059410095214844
4767.5  1.058423638343811
4770.1  1.064108014106751
4772.7  1.073649644851685
4775.3  1.082374572753906
4777.9  1.087316274642944
4780.5  1.08858335018158
4783.1  1.087907671928406
4785.7  1.086196541786194
4788.3  1.08213484287262
4790.9  1.072523593902588
4793.5  1.05464243888855
4796.1  1.03019917011261
4798.7  1.007185459136963
4801.3  0.9953184127807617
4803.9  0.9983688592910766
4806.5  1.012376546859741
4809.1  1.030837893486023
4811.7  1.048907279968262
4814.3  1.063337206840515
4816.9  1.072075486183167
4819.5  1.074989199638367
4822.1  1.073679804801941
4824.7  1.070256948471069
4827.3  1.066485047340393
4829.9  1.063458919525147
4832.5  1.061176419258118
4835.1  1.058509469032288
4837.7  1.054397344589233
4840.3  1.049001693725586
4842.9  1.042379856109619
4845.5  1.030981659889221
4848.1  1.00696873664856
4850.7  0.9639948010444641
4853.3  0.9058655500411987
4855.9  0.8487067818641662
4858.5  0.8118961453437805
4861.1  0.8037061691284179
4863.7  0.8146555423736572
4866.3  0.8263925909996032
4868.9  0.8292904496192932
4871.5  0.8299031853675842
4874.1  0.8400726914405822
4876.7  0.8632135391235351
4879.3  0.8943124413490295
4881.9  0.9279360771179199
4884.5  0.9607922434806823
4887.1  0.9890624284744262
4889.7  1.008170247077942
4892.3  1.015426278114319
4894.9  1.011605143547058
4897.5  1.000309109687805
4900.1  0.9859797358512878
4902.7  0.9716490507125854
4905.3  0.9588823914527893
4907.9  0.9486989378929138
4910.5  0.9395162463188171
4913.1  0.9255434274673461
4915.7  0.9042391180992126
4918.3  0.8864389061927795
4920.9  0.8908358216285705
4923.5  0.9234893918037414
4926.1  0.9676564931869506
4928.7  0.9967572093009948
4931.3  0.9948152899742126
4933.9  0.9667017459869384
4936.5  0.9349823594093322
4939.1  0.9251590371131896
4941.7  0.9464337825775146
4944.3  0.9853614568710327
4946.9  1.019591927528381
4949.5  1.035536527633667
4952.1  1.033483743667603
4954.7  1.022403597831726
4957.3  1.012579202651978
4959.9  1.009512662887573
4962.5  1.012395739555359
4965.1  1.018221616744995
4967.7  1.025971412658691
4970.3  1.035714983940125
4972.9  1.045457363128662
4975.5  1.050540804862976
4978.1  1.046715140342713
4980.7  1.034532070159912
4983.3  1.020997524261475
4985.9  1.015246868133545
4988.5  1.020951747894287
4991.1  1.033623099327087
4993.7  1.045487642288208
4996.3  1.051323175430298
4998.9  1.049530148506165
5001.5  1.039904594421387
5004.1  1.020841479301453
5006.7  0.9883357882499694
5009.3  0.9411218762397766
5011.9  0.8899702429771423
5014.5  0.8570802211761474
5017.1  0.8578746318817138
5019.7  0.884512722492218
5022.3  0.9144653677940368
5024.9  0.9345608949661254
5027.5  0.9501841068267822
5030.1  0.9714883565902709
5032.7  0.9980841279029846
5035.3  1.020306348800659
5037.9  1.030228018760681
5040.5  1.02726948261261
5043.1  1.01642370223999
5045.7  1.005294322967529
5048.3  1.001259207725525
5050.9  1.007437944412231
5053.5  1.020614981651306
5056.1  1.033780217170715
5058.7  1.03935170173645
5061.3  1.030752658843994
5063.9  1.005603671073914
5066.5  0.9703187346458435
5069.1  0.9375140666961669
5071.7  0.9147766232490539
5074.3  0.8997406959533691
5076.9  0.8900794386863708
5079.5  0.891907513141632
5082.1  0.9113848209381103
5084.7  0.9430449604988098
5087.3  0.9728837609291076
5089.9  0.9898505210876464
5092.5  0.991813838481903
5095.1  0.9845877289772033
5097.7  0.97691410779953
5100.3  0.9720776677131652
5102.9  0.9637696743011474
5105.5  0.9448479413986206
5108.1  0.9212388396263122
5110.7  0.9110040664672851
5113.3  0.9257150888442993
5115.9  0.9570944309234619
5118.5  0.9860455393791198
5121.1  1.000978231430054
5123.7  1.00335431098938
5126.3  0.9993675947189331
5128.9  0.9923400282859802
5131.5  0.9835127592086791
5134.1  0.9756435751914978
5136.7  0.9727401733398437
5139.3  0.9772971868515014
5141.9  0.9885689616203308
5144.5  1.002742767333984
5147.1  1.014786243438721
5149.7  1.021199584007263
5152.3  1.020516753196716
5154.9  1.01090681552887
5157.5  0.9885117411613464
5160.1  0.9501338005065917
5162.7  0.8983028531074523
5165.3  0.8436442613601684
5167.9  0.8016359210014343
5170.5  0.7852210402488708
5173.1  0.7962481975555419
5175.7  0.8209826350212097
5178.3  0.8385491371154785
5180.9  0.8410050868988037
5183.5  0.8428908586502075
5186.1  0.8645656108856201
5188.7  0.9085769057273864
5191.3  0.958139419555664
5193.9  0.995542287826538
5196.5  1.01603376865387
5199.1  1.025464415550232
5201.7  1.030870676040649
5204.3  1.035293817520142
5206.9  1.038785696029663
5209.5  1.040429949760437
5212.1  1.038713693618774
5214.7  1.031808853149414
5217.3  1.01884925365448
5219.9  1.000832438468933
5222.5  0.9804646968841552
5225.1  0.9616994857788085
5227.7  0.9490011930465698
5230.3  0.9459334015846252
5232.9  0.9537006616592407
5235.5  0.97021484375
5238.1  0.990049123764038
5240.7  1.00594961643219
5243.3  1.011008739471436
5245.9  1.001015305519104
5248.5  0.9780732989311218
5251.1  0.9526818990707397
5253.7  0.9370663166046142
5256.3  0.9320106506347656
5258.9  0.9244635105133056
5261.5  0.9041545987129211
5264.1  0.879831314086914
5266.7  0.8726117610931396
5269.3  0.8937811851501464
5271.9  0.9340586066246032
5274.5  0.9740201830863952
5277.1  0.9999179244041442
5279.7  1.009816884994507
5282.3  1.01055634021759
5284.9  1.011301279067993
5287.5  1.017421960830689
5290.1  1.028134942054749
5292.7  1.03932785987854
5295.3  1.047788977622986
5297.9  1.052661538124085
5300.5  1.05430805683136
5303.1  1.053049445152283
5305.7  1.049016833305359
5308.3  1.04263436794281
5310.9  1.03451132774353
5313.5  1.024717807769775
5316.1  1.013031601905823
5318.7  1.000719666481018
5321.3  0.9912503957748413
5323.9  0.9880703091621398
5326.5  0.9919425845146179
5329.1  1.000916719436646
5331.7  1.012061595916748
5334.3  1.022583484649658
5336.9  1.030201554298401
5339.5  1.033497214317322
5342.1  1.032293200492859
5344.7  1.02808952331543
5347.3  1.024070382118225
5349.9  1.023540258407593
5352.5  1.027206063270569
5355.1  1.032225012779236
5357.7  1.034669637680054
5360.3  1.032996892929077
5362.9  1.028985977172852
5365.5  1.02578866481781
5368.1  1.025032043457031
5370.7  1.024828433990479
5373.3  1.019473075866699
5375.9  1.002493500709534
5378.5  0.9737939834594726
5381.1  0.9451223611831665
5383.7  0.9341196417808532
5386.3  0.9486310482025146
5388.9  0.9785712957382202
5391.5  1.005255222320557
5394.1  1.01524567604065
5396.7  1.004609823226929
5399.3  0.9775162935256958
5401.9  0.9464568495750427
5404.5  0.9289341568946838
5407.1  0.9359062910079956
5409.7  0.962729275226593
5412.3  0.9945311546325683
5414.9  1.019241809844971
5417.5  1.033693790435791
5420.1  1.040235877037048
5422.7  1.041584491729736
5425.3  1.039084434509277
5427.9  1.033905744552612
5430.5  1.028427004814148
5433.1  1.025557518005371
5435.7  1.026364326477051
5438.3  1.029057621955872
5440.9  1.030675172805786
5443.5  1.029508590698242
5446.1  1.026103377342224
5448.7  1.022517800331116
5451.3  1.020605206489563
5453.9  1.020673751831055
5456.5  1.021683573722839
5459.1  1.022606015205383
5461.7  1.023251414299011
5464.3  1.023568630218506
5466.9  1.022237539291382
5469.5  1.016825199127197
5472.1  1.006680727005005
5474.7  0.9959527254104614
5477.3  0.9917235970497131
5479.9  0.9973375797271728
5482.5  1.008845329284668
5485.1  1.019545793533325
5487.7  1.026158571243286
5490.3  1.02887499332428
5492.9  1.027269721031189
5495.5  1.019166707992554
5498.1  1.004440307617188
5500.7  0.988793134689331
5503.3  0.9814052581787109
5505.9  0.9871839880943298
5508.5  1.002252459526062
5511.1  1.018215537071228
5513.7  1.029382944107056
5516.3  1.035151720046997
5518.9  1.03765594959259
5521.5  1.039040803909302
5524.1  1.040380120277405
5526.7  1.041909098625183
5529.3  1.043558597564697
5531.9  1.045031428337097
5534.5  1.045536518096924
5537.1  1.044140100479126
5539.7  1.04060435295105
5542.3  1.035729765892029
5544.9  1.030367136001587
5547.5  1.023798108100891
5550.1  1.013306021690369
5552.7  0.9963065385818481
5555.3  0.9739623665809631
5557.9  0.9530247449874877
5560.5  0.942834198474884
5563.1  0.9483917355537414
5565.7  0.9658692479133605
5568.3  0.9858971238136291
5570.9  1.001272559165955
5573.5  1.010515451431275
5576.1  1.01435112953186
5578.7  1.010455250740051
5581.3  0.9939783215522766
5583.9  0.9652149081230163
5586.5  0.9360544681549072
5589.1  0.9243445396423339
5591.7  0.9381438493728637
5594.3  0.9677481055259704
5596.9  0.9957193732261657
5599.5  1.012055277824402
5602.1  1.017754912376404
5604.7  1.017559170722961
5607.3  1.013682246208191
5609.9  1.00646710395813
5612.5  0.9981522560119628
5615.1  0.9932373762130737
5617.7  0.9945910573005676
5620.3  1.000765919685364
5622.9  1.008087992668152
5625.5  1.013528943061829
5628.1  1.013974547386169
5630.7  1.005203604698181
5633.3  0.985930860042572
5635.9  0.9635649323463439
5638.5  0.9515137076377868
5641.1  0.9570725560188293
5643.7  0.9735885858535766
5646.3  0.9871215224266052
5648.9  0.9894570112228393
5651.5  0.9834074974060058
5654.1  0.9777676463127136
5656.7  0.9790343642234802
5659.3  0.9873194098472595
5661.9  0.9984750151634216
5664.5  1.008641839027405
5667.1  1.016478061676025
5669.7  1.022108316421509
5672.3  1.025447487831116
5674.9  1.026028752326965
5677.5  1.024068236351013
5680.1  1.021126747131348
5682.7  1.019279360771179
5685.3  1.019294381141663
5687.9  1.019796133041382
5690.5  1.018471717834473
5693.1  1.013916492462158
5695.7  1.005784153938294
5698.3  0.9927212595939636
5700.9  0.970810055732727
5703.5  0.9371997714042663
5706.1  0.8982225656509399
5708.7  0.8714857101440429
5711.3  0.8738061785697937
5713.9  0.9054278135299682
5716.5  0.9492929577827453
5719.1  0.9858401417732238
5721.7  1.005478382110596
5724.3  1.008803844451904
5726.9  1.001471996307373
5729.5  0.9913421273231506
5732.1  0.9864007234573364
5734.7  0.9907646179199218
5737.3  1.002210378646851
5739.9  1.014803290367126
5742.5  1.023785471916199
5745.1  1.027889132499695
5747.7  1.027884721755981
5750.3  1.023585319519043
5752.9  1.011868000030518
5755.5  0.9876701831817626
5758.1  0.9477106928825378
5760.7  0.8915121555328369
5763.3  0.8149802684783935
5765.9  0.7056694626808166
5768.5  0.5552026629447937
5771.1  0.3797478079795837
5773.7  0.2178779095411301
5776.3  0.1023059487342835
5778.9  0.03869558870792389
5781.5  0.01166820153594017
5784.1  0.002782893367111683
5786.7  5.214373231865465E-4
5789.3  6.934297562111169E-5
5791.9  0.
5794.5  0.
5797.1  0.
5799.7  0.
5802.3  0.
5804.9  0.
5807.5  0.
5810.1  0.
5812.7  0.
5815.3  0.
5817.9  0.
5820.5  7.027057290542870E-5
5823.1  5.284486687742173E-4
5825.7  0.002854599850252271
5828.3  0.01205404009670019
5830.9  0.0403829887509346
5833.5  0.1083093360066414
5836.1  0.2351218611001968
5838.7  0.4194495379924774
5841.3  0.6280750632286071
5843.9  0.8120059967041015
5846.5  0.9384129643440246
5849.1  1.006107330322266
5851.7  1.033969759941101
5854.3  1.041829347610474
5856.9  1.041740417480469
5859.5  1.039152503013611
5862.1  1.036319494247437
5864.7  1.034249305725098
5867.3  1.033263564109802
5869.9  1.032784819602966
5872.5  1.031515002250671
5875.1  1.028390288352966
5877.7  1.023367404937744
5880.3  1.01630437374115
5882.9  1.005110144615173
5885.5  0.9868382811546325
5888.1  0.9622793197631835
5890.7  0.9387988448143005
5893.3  0.9270560145378112
5895.9  0.9340092539787292
5898.5  0.9579977393150329
5901.1  0.9896243810653686
5903.7  1.017871975898743
5906.3  1.036378264427185
5908.9  1.044941902160645
5911.5  1.046812772750854
5914.1  1.045621156692505
5916.7  1.043819427490234
5919.3  1.042067646980286
5921.9  1.038994312286377
5924.5  1.031488299369812
5927.1  1.016358494758606
5929.7  0.9941847324371337
5932.3  0.9726298451423645
5934.9  0.9631948471069335
5937.5  0.9713619947433471
5940.1  0.990830659866333
5942.7  1.009244680404663
5945.3  1.018214225769043
5947.9  1.017397403717041
5950.5  1.012035250663757
5953.1  1.00813901424408
5955.7  1.008038401603699
5958.3  1.009260177612305
5960.9  1.008360862731934
5963.5  1.005762338638306
5966.1  1.005497217178345
5968.7  1.010184764862061
5971.3  1.017745494842529
5973.9  1.023744463920593
5976.5  1.025700211524963
5979.1  1.024299144744873
5981.7  1.021573901176453
5984.3  1.019034147262573
5986.9  1.017259836196899
5989.5  1.016342639923096
5992.1  1.016222953796387
5994.7  1.016671895980835
5997.3  1.017281055450439
5999.9  1.017705082893372
6002.5  1.017847657203674
6005.1  1.017850637435913
6007.7  1.017967581748962
6010.3  1.018308043479919
6012.9  1.0187166929245
6015.5  1.019033670425415
6018.1  1.019327521324158
6020.7  1.019736886024475
6023.3  1.020270943641663
6025.9  1.020883440971375
6028.5  1.021565437316895
6031.1  1.022204518318176
6033.7  1.022487044334412
6036.3  1.022108435630798
6038.9  1.020987749099731
6041.5  1.019219875335693
6044.1  1.016980648040771
6046.7  1.014598608016968
6049.3  1.012543320655823
6051.9  1.011117339134216
6054.5  1.010141611099243
6057.1  1.009045958518982
6059.7  1.007451415061951
6062.3  1.005842089653015
6064.9  1.005537152290344
6067.5  1.007502913475037
6070.1  1.01104474067688
6072.7  1.013985395431519
6075.3  1.014299392700195
6077.9  1.011622071266174
6080.5  1.007552266120911
6083.1  1.004625201225281
6085.7  1.004467487335205
6088.3  1.006636142730713
6090.9  1.009359240531921
6093.5  1.011173963546753
6096.1  1.011645078659058
6098.7  1.011085629463196
6101.3  1.01024329662323
6103.9  1.010032296180725
6106.5  1.010955214500427
6109.1  1.012623071670532
6111.7  1.013952732086182
6114.3  1.013927817344666
6116.9  1.012425422668457
6119.5  1.010500073432922
6122.1  1.009626269340515
6124.7  1.010350942611694
6127.3  1.011749148368835
6129.9  1.012276530265808
6132.5  1.010787129402161
6135.1  1.006645321846008
6137.7  0.9991281032562255
6140.3  0.9874479174613952
6142.9  0.9726943373680114
6145.5  0.9599707722663879
6148.1  0.9558761119842529
6150.7  0.9612287282943725
6153.3  0.9678093791007995
6155.9  0.9656282663345336
6158.5  0.9538093209266662
6161.1  0.9426597952842712
6163.7  0.9441476464271545
6166.3  0.9608062505722045
6168.9  0.9845852851867675
6171.5  1.005292773246765
6174.1  1.01805567741394
6176.7  1.023519635200501
6179.3  1.024189710617065
6181.9  1.022273898124695
6184.5  1.019720435142517
6187.1  1.018364429473877
6189.7  1.019221544265747
6192.3  1.021968364715576
6194.9  1.025484323501587
6197.5  1.028792381286621
6200.1  1.031394720077515
6202.7  1.03305983543396
6205.3  1.033506393432617
6207.9  1.032364964485169
6210.5  1.029614329338074
6213.1  1.026113033294678
6215.7  1.023341655731201
6218.3  1.022199749946594
6220.9  1.022039532661438
6223.5  1.021112084388733
6226.1  1.018211364746094
6228.7  1.014061450958252
6231.3  1.010906338691711
6233.9  1.010305404663086
6236.5  1.011406064033508
6239.1  1.011744260787964
6241.7  1.009528398513794
6244.3  1.004670023918152
6246.9  0.9980430603027343
6249.5  0.9908902645111083
6252.1  0.9851952791213989
6254.7  0.9834054112434387
6257.3  0.9867783784866333
6259.9  0.9942451119422912
6262.5  1.00300943851471
6265.1  1.010002136230469
6267.7  1.013059973716736
6270.3  1.011535882949829
6272.9  1.006542444229126
6275.5  1.0009765625
6278.1  0.9985047578811645
6280.7  1.000915288925171
6283.3  1.006082534790039
6285.9  1.009391784667969
6288.5  1.007225751876831
6291.1  0.9989319443702697
6293.7  0.9868630766868591
6296.3  0.9759179353713989
6298.9  0.9716890454292297
6301.5  0.9765577912330627
6304.1  0.9874181747436523
6306.7  0.9983997344970703
6309.3  1.005587935447693
6311.9  1.008640050888062
6314.5  1.009000062942505
6317.1  1.008152961730957
6319.7  1.007446646690369
6322.3  1.008083701133728
6324.9  1.010446190834045
6327.5  1.013722538948059
6330.1  1.016506195068359
6332.7  1.017719149589539
6335.3  1.017014265060425
6337.9  1.01472544670105
6340.5  1.011747241020203
6343.1  1.009222149848938
6345.7  1.007863640785217
6348.3  1.0074462890625
6350.9  1.00701642036438
6353.5  1.005576729774475
6356.1  1.002670407295227
6358.7  0.9986445307731628
6361.3  0.9942417740821838
6363.9  0.9897640347480773
6366.5  0.9851748943328857
6369.1  0.9814865589141845
6371.7  0.9810504913330078
6374.3  0.9852858185768127
6376.9  0.9927268624305725
6379.5  1.000280976295471
6382.1  1.005812168121338
6384.7  1.008413791656494
6387.3  1.006557822227478
6389.9  0.9966052174568176
6392.5  0.9743735790252685
6395.1  0.9409127831459045
6397.7  0.9078593254089355
6400.3  0.892766535282135
6402.9  0.9043573141098022
6405.5  0.9341930150985717
6408.1  0.9656185507774353
6410.7  0.9879283308982849
6413.3  1.000141024589539
6415.9  1.005766272544861
6418.5  1.007883191108704
6421.1  1.007838606834412
6423.7  1.005468249320984
6426.3  0.9990759491920471
6428.9  0.9853056669235229
6431.5  0.9608691334724426
6434.1  0.927804946899414
6436.7  0.8978287577629089
6439.3  0.8870295286178588
6441.9  0.9019235968589782
6444.5  0.9326478242874145
6447.1  0.9624555110931396
6449.7  0.9812282919883728
6452.3  0.988229215145111
6454.9  0.9866215586662292
6457.5  0.9800283908843994
6460.1  0.9731408357620239
6462.7  0.9711898565292358
6465.3  0.9763643741607666
6467.9  0.985838234424591
6470.5  0.9946462512016296
6473.1  1.00005304813385
6475.7  1.002498626708984
6478.3  1.00343930721283
6480.9  1.003386974334717
6483.5  1.001634836196899
6486.1  0.9971109628677368
6488.7  0.9896302223205566
6491.3  0.9809264540672302
6493.9  0.9742364287376403
6496.5  0.9722204804420471
6499.1  0.9751098752021789
6501.7  0.9808889627456665
6504.3  0.9869056940078735
6506.9  0.9912355542182922
6509.5  0.9931713938713073
6512.1  0.9931033253669738
6514.7  0.9920722842216491
6517.3  0.9911080598831176
6519.9  0.9906490445137023
6522.5  0.9905276894569396
6525.1  0.9905472993850708
6527.7  0.9909108877182006
6530.3  0.9918737411499023
6532.9  0.9931674599647521
6535.5  0.9940235018730163
6538.1  0.9936835169792175
6540.7  0.9916967153549194
6543.3  0.9877655506134033
6545.9  0.9812865853309631
6548.5  0.9709119796752929
6551.1  0.9547058343887329
6553.7  0.9313372373580932
6556.3  0.9021403193473815
6558.9  0.8727661967277526
6561.5  0.8522676229476928
6564.1  0.8482319116592407
6566.7  0.8610815405845642
6569.3  0.8838458657264709
6571.9  0.9083492159843444
6574.5  0.9306179285049438
6577.1  0.9501515626907348
6579.7  0.9665557146072387
6582.3  0.9786955118179321
6584.9  0.9857857823371887
6587.5  0.9875178933143615
6590.1  0.9838528037071228
6592.7  0.976271629333496
6595.3  0.9690593481063842
6597.9  0.9673786163330078
6600.5  0.9728107452392578
6603.1  0.9819681048393249
6605.7  0.9905596375465393
6608.3  0.9974894523620605
6610.9  1.003941774368286
6613.5  1.010253071784973
6616.1  1.015331864356995
6618.7  1.01817798614502
6621.3  1.018640398979187
6623.9  1.016902446746826
6626.5  1.013120174407959
6629.1  1.007908225059509
6631.7  1.003010272979736
6634.3  1.000705480575562
6636.9  1.001895546913147
6639.5  1.005098342895508
6642.1  1.007950782775879
6644.7  1.009462714195251
6647.3  1.010396242141724
6649.9  1.01184618473053
6652.5  1.014054656028748
6655.1  1.01643443107605
6657.7  1.018138647079468
6660.3  1.018582820892334
6662.9  1.017899751663208
6665.5  1.016958355903626
6668.1  1.016475319862366
6670.7  1.016103267669678
6673.3  1.015085935592651
6675.9  1.013946413993836
6678.5  1.014583230018616
6681.1  1.018093705177307
6683.7  1.023134827613831
6686.3  1.026962518692017
6688.9  1.027658700942993
6691.5  1.025248885154724
6694.1  1.021438360214233
6696.7  1.018550395965576
6699.3  1.018051385879517
6701.9  1.019635558128357
6704.5  1.02174961566925
6707.1  1.022920250892639
6709.7  1.022487878799439
6712.3  1.02052640914917
6714.9  1.017614722251892
6717.5  1.014730453491211
6720.1  1.012856006622314
6722.7  1.012215614318848
6725.3  1.011906504631042
6727.9  1.010380744934082
6730.5  1.006425738334656
6733.1  1.000112414360046
6735.7  0.9932873845100402
6738.3  0.9888156652450561
6740.9  0.9886361956596374
6743.5  0.9924964308738708
6746.1  0.9986622333526611
6748.7  1.005353093147278
6751.3  1.011297106742859
6753.9  1.015604734420776
6756.5  1.017807126045227
6759.1  1.018083095550537
6761.7  1.017179846763611
6764.3  1.015945434570313
6766.9  1.014861583709717
6769.5  1.013882875442505
6772.1  1.01263153553009
6774.7  1.010703682899475
6777.3  1.007980942726135
6779.9  1.004914522171021
6782.5  1.002536296844483
6785.1  1.001848936080933
6787.7  1.002993822097778
6790.3  1.005086898803711
6792.9  1.006917595863342
6795.5  1.007803559303284
6798.1  1.007879376411438
6800.7  1.007693529129028
6803.3  1.007585644721985
6805.9  1.007504224777222
6808.5  1.007383108139038
6811.1  1.007472991943359
6813.7  1.008118867874146
6816.3  1.009300231933594
6818.9  1.010566353797913
6821.5  1.011398673057556
6824.1  1.011508464813233
6826.7  1.010801196098328
6829.3  1.00913143157959
6831.9  1.006022214889526
6834.5  1.000830054283142
6837.1  0.9937966465950012
6839.7  0.9870539903640747
6842.3  0.9836277365684509
6844.9  0.984531283378601
6847.5  0.9873673915863037
6850.1  0.9887027144432067
6852.7  0.9873682856559753
6855.3  0.9844599962234497
6857.9  0.9802026748657226
6860.5  0.9717801213264465
6863.1  0.9550657272338867
6865.7  0.9281812906265258
6868.3  0.8934221863746643
6870.9  0.8578529953956604
6873.5  0.8336567878723144
6876.1  0.8336920738220214
6878.7  0.8605623245239257
6881.3  0.9013975262641906
6883.9  0.938063621520996
6886.5  0.9613192677497863
6889.1  0.9730076193809509
6891.7  0.9782958626747131
6894.3  0.9791035652160644
6896.9  0.9730732440948486
6899.5  0.9554767608642578
6902.1  0.9231942892074584
6904.7  0.8809736967086791
6907.3  0.8449081182479858
6909.9  0.8347933292388916
6912.5  0.8575143814086914
6915.1  0.8993334770202636
6917.7  0.9378971457481384
6920.3  0.9601688981056213
6922.9  0.9676228165626525
6925.5  0.9685512781143188
6928.1  0.9692586660385131
6930.7  0.971512496471405
6933.3  0.9749162197113037
6935.9  0.9789267778396606
6938.5  0.9825332164764404
6941.1  0.9834840297698974
6943.7  0.9793605804443359
6946.3  0.9700181484222412
6948.9  0.9593213200569152
6951.5  0.9535108804702758
6954.1  0.9563444852828979
6956.7  0.9658615589141845
6959.3  0.9766079783439636
6961.9  0.9842914342880249
6964.5  0.9876838326454162
6967.1  0.9874311089515686
6969.7  0.9844458699226379
6972.3  0.9793668389320373
6974.9  0.9731606841087341
6977.5  0.9681989550590515
6980.1  0.9677976965904235
6982.7  0.9732366800308227
6985.3  0.9816820621490478
6987.9  0.9883897304534912
6990.5  0.9905042648315429
6993.1  0.9878208637237548
6995.7  0.9808557629585266
6998.3  0.9700837731361389
7000.9  0.9573889374732971
7003.5  0.9468989372253417
7006.1  0.9427343606948852
7008.7  0.9453328847885131
7011.3  0.9508408308029174
7013.9  0.9548916816711425
7016.5  0.9561077952384948
7019.1  0.9554963707923889
7021.7  0.9543075561523437
7024.3  0.9536952376365661
7026.9  0.9549554586410522
7029.5  0.9586586356163024
7032.1  0.9640726447105407
7034.7  0.9699228405952453
7037.3  0.9751991033554077
7039.9  0.9793242812156677
7042.5  0.9822204113006591
7045.1  0.9842674732208251
7047.7  0.9857244491577148
7050.3  0.9860861897468566
7052.9  0.9842313528060913
7055.5  0.9796110987663269
7058.1  0.9736719131469726
7060.7  0.9697533249855041
7063.3  0.9706746339797973
7065.9  0.9762364029884338
7068.5  0.9835399985313415
7071.1  0.9895203709602355
7073.7  0.9926812052726745
7076.3  0.9929296970367431
7078.9  0.9908604025840759
7081.5  0.9875480532646179
7084.1  0.9843841195106506
7086.7  0.9823831915855407
7089.3  0.98160320520401
7091.9  0.9814826250076293
7094.5  0.9816111922264099
7097.1  0.9819281101226806
7099.7  0.9823985695838928
7102.3  0.9828351140022277
7104.9  0.9829334616661071
7107.5  0.9823166728019714
7110.1  0.980724275112152
7112.7  0.9783588051795959
7115.3  0.9759867787361145
7117.9  0.9745392799377441
7120.5  0.9744736552238464
7123.1  0.9754619002342224
7125.7  0.9767525196075439
7128.3  0.9779452681541442
7130.9  0.9793676733970642
7133.5  0.9815524220466613
7136.1  0.984334647655487
7138.7  0.9865216016769409
7141.3  0.9864718317985534
7143.9  0.9832765460014343
7146.5  0.9778509140014648
7149.1  0.9726296663284301
7151.7  0.9691845178604125
7154.3  0.9654967784881591
7156.9  0.9566344022750854
7159.5  0.940121591091156
7162.1  0.9212560653686523
7164.7  0.9109428524971008
7167.3  0.9158546328544616
7169.9  0.9315341711044311
7172.5  0.9469335079193115
7175.1  0.9546275734901428
7177.7  0.9552860856056213
7180.3  0.953919768333435
7182.9  0.9540849328041076
7185.5  0.9557718634605407
7188.1  0.9572628736495971
7190.7  0.9575447440147399
7193.3  0.9569417238235473
7195.9  0.9563915729522705
7198.5  0.9567734599113464
7201.1  0.9585648775100708
7203.7  0.9615250825881958
7206.3  0.9646793603897094
7208.9  0.9670723676681518
7211.5  0.9686826467514038
7214.1  0.9704052805900573
7216.7  0.9730584621429443
7219.3  0.9764564633369445
7221.9  0.9794696569442749
7224.5  0.9807870984077453
7227.1  0.9795495867729187
7229.7  0.9754243493080139
7232.3  0.9685480594635009
7234.9  0.9598014950752258
7237.5  0.9511621594429016
7240.1  0.9453247189521789
7242.7  0.9442740082740783
7245.3  0.9479128122329711
7247.9  0.9541729688644409
7250.5  0.9602764844894409
7253.1  0.9636705517768859
7255.7  0.9619882702827453
7258.3  0.9534199833869934
7260.9  0.9389506578445434
7263.5  0.924525499343872
7266.1  0.918550968170166
7268.7  0.9249374866485595
7271.3  0.9393475651741027
7273.9  0.9533162713050842
7276.5  0.9605270624160766
7279.1  0.9582462310791015
7281.7  0.9458009004592895
7284.3  0.9256694912910461
7286.9  0.9061200022697448
7289.5  0.8984124064445495
7292.1  0.9077605605125427
7294.7  0.928310751914978
7297.3  0.9490778446197509
7299.9  0.9633880853652954
7302.5  0.9714067578315734
7305.1  0.9762312173843383
7307.7  0.9801244735717773
7310.3  0.9837564229965209
7312.9  0.9870091676712036
7315.5  0.9895505905151367
7318.1  0.9909232854843139
7320.7  0.9904645085334777
7323.3  0.9875404834747314
7325.9  0.9822325706481933
7328.5  0.9760565757751464
7331.1  0.9715597033500671
7333.7  0.9704512953758239
7336.3  0.9719865918159484
7338.9  0.9735159277915954
7341.5  0.9724336862564086
7344.1  0.9675731062889099
7346.7  0.9597812891006469
7349.3  0.9521563053131103
7351.9  0.9488232135772705
7354.5  0.9517872929573059
7357.1  0.958962082862854
7359.7  0.9661693572998046
7362.3  0.9707346558570861
7364.9  0.9726789593696594
7367.5  0.9732682704925537
7370.1  0.973360002040863
7372.7  0.9728955030441284
7375.3  0.9712327122688293
7377.9  0.9677924513816833
7380.5  0.9628824591636657
7383.1  0.9582307934761047
7385.7  0.9563692212104797
7388.3  0.958831787109375
7390.9  0.96479994058609
7393.5  0.9717330932617187
7396.1  0.9773102402687072
7398.7  0.9806845188140869
7401.3  0.9821350574493408
7403.9  0.9820858240127563
7406.5  0.9808958172798156
7409.1  0.9794478416442871
7411.7  0.9791275858879089
7414.3  0.9806380271911621
7416.9  0.9832022190093994
7419.5  0.9854016900062561
7422.1  0.9865002036094665
7424.7  0.9866541028022766
7427.3  0.9863067269325256
7429.9  0.9858121275901794
7432.5  0.9853660464286804
7435.1  0.9848923683166503
7437.7  0.9840317964553833
7440.3  0.9824687838554382
7442.9  0.9803175926208496
7445.5  0.9782066345214843
7448.1  0.9769195318222045
7450.7  0.9767678976058959
7453.3  0.9771710634231567
7455.9  0.9769595861434936
7458.5  0.9753559827804565
7461.1  0.9727720618247985
7463.7  0.9703807830810546
7466.3  0.9686101078987121
7468.9  0.966459572315216
7471.5  0.9629200100898742
7474.1  0.9588838219642639
7476.7  0.9568766355514526
7479.3  0.9587243795394897
7481.9  0.9639704823493957
7484.5  0.9705840349197387
7487.1  0.9766188263893127
7489.7  0.9811853766441345
7492.3  0.9845408797264099
7494.9  0.987493097782135
7497.5  0.9903872013092041
7500.1  0.9926532506942749
7502.7  0.9935833811759948
7505.3  0.9933239817619323
7507.9  0.9926958084106445
7510.5  0.9922099113464355
7513.1  0.9915508031845092
7515.7  0.9899340867996215
7518.3  0.9868582487106323
7520.9  0.9826164841651916
7523.5  0.9781185984611511
7526.1  0.9743129014968872
7528.7  0.9720253348350524
7531.3  0.9719811677932739
7533.9  0.9741653800010681
7536.5  0.9772964715957641
7539.1  0.9797639846801757
7541.7  0.9810764193534851
7544.3  0.9818531274795532
7546.9  0.9825578331947326
7549.5  0.9827024936676025
7552.1  0.9813606142997741
7554.7  0.9783755540847778
7557.3  0.9750632643699645
7559.9  0.9734477996826171
7562.5  0.9744676351547241
7565.1  0.9771934151649475
7567.7  0.98004812002182
7570.3  0.982340395450592
7572.9  0.9842755794525146
7575.5  0.9859651327133178
7578.1  0.9868600964546203
7580.7  0.9855853915214538
7583.3  0.9793232083320617
7585.9  0.9622909426689147
7588.5  0.9251197576522827
7591.1  0.8592890501022338
7593.7  0.7659701704978942
7596.3  0.6597774028778076
7598.9  0.5618703961372375
7601.5  0.491939514875412
7604.1  0.4660999476909638
7606.7  0.492170661687851
7609.3  0.5601434707641601
7611.9  0.6414160728454589
7614.5  0.7008558511734008
7617.1  0.7102620005607604
7619.7  0.659382939338684
7622.3  0.5656400322914123
7624.9  0.4710876047611237
7627.5  0.4179277718067169
7630.1  0.4222078323364258
7632.7  0.4709655642509461
7635.3  0.5364640951156616
7637.9  0.590477705001831
7640.5  0.6179966926574707
7643.1  0.6278051733970642
7645.7  0.6450197100639343
7648.3  0.6872872114181518
7650.9  0.7492479085922241
7653.5  0.809781789779663
7656.1  0.8487909436225891
7658.7  0.8572911024093627
7661.3  0.8408042788505554
7663.9  0.8189553618431091
7666.5  0.8160516619682312
7669.1  0.8431743383407592
7671.7  0.8894792795181274
7674.3  0.9345820546150207
7676.9  0.9664512276649475
7679.5  0.9853761196136474
7682.1  0.9961972832679748
7684.7  1.002307415008545
7687.3  1.005446076393128
7689.9  1.007082462310791
7692.5  1.008402585983276
7695.1  1.009515047073364
7697.7  1.009012579917908
7700.3  1.004250288009644
7702.9  0.9923526048660278
7705.5  0.9725310206413269
7708.1  0.9488173723220825
7710.7  0.9296251535415649
7713.3  0.9225049018859863
7715.9  0.928687036037445
7718.5  0.9429377913475036
7721.1  0.9582265615463256
7723.7  0.9701648354530334
7726.3  0.9778047800064086
7728.9  0.9819478392601013
7731.5  0.9839175939559936
7734.1  0.9852564930915832
7736.7  0.987071931362152
7739.3  0.9894494414329528
7741.9  0.9918875694274902
7744.5  0.9941908121109008
7747.1  0.996521770954132
7749.7  0.9988600015640258
7752.3  1.000782132148743
7754.9  1.001883029937744
7757.5  1.002256870269775
7760.1  1.00226640701294
7762.7  1.001731753349304
7765.3  0.9991161227226257
7767.9  0.9916010499000549
7770.5  0.9764381051063537
7773.1  0.953595221042633
7775.7  0.928478717803955
7778.3  0.9117949604988098
7780.9  0.9138122200965881
7783.5  0.9357969164848327
7786.1  0.9676534533500671
7788.7  0.9958069324493408
7791.3  1.012845158576965
7793.9  1.019484162330628
7796.5  1.020182967185974
7799.1  1.018869638442993
7801.7  1.017461657524109
7804.3  1.016323685646057
7806.9  1.015283346176148
7809.5  1.014380216598511
7812.1  1.013818264007568
7814.7  1.013596296310425
7817.3  1.01337480545044
7819.9  1.012696981430054
7822.5  1.011105179786682
7825.1  1.008023977279663
7827.7  1.003024578094482
7830.3  0.9967544674873352
7832.9  0.9913293719291687
7835.5  0.9889714121818542
7838.1  0.9900951385498046
7840.7  0.9932219982147216
7843.3  0.9966288208961486
7845.9  0.9994873404502868
7848.5  1.001643419265747
7851.1  1.003015041351318
7853.7  1.00327467918396
7856.3  1.001986980438232
7858.9  0.99937504529953
7861.5  0.9970068931579589
7864.1  0.9970704317092895
7866.7  1.000436067581177
7869.3  1.005717396736145
7871.9  1.010485291481018
7874.5  1.013189673423767
7877.1  1.014015674591065
7879.7  1.014472246170044
7882.3  1.01625394821167
7884.9  1.019968390464783
7887.5  1.024698853492737
7890.1  1.028880476951599
7892.7  1.031512379646301
7895.3  1.032487392425537
7897.9  1.032110929489136
7900.5  1.030582070350647
7903.1  1.027657747268677
7905.7  1.022417545318604
7908.3  1.013194799423218
7910.9  0.9985315799713134
7913.5  0.9796929955482482
7916.1  0.9626535773277282
7918.7  0.9553366303443908
7921.3  0.9606527686119079
7923.9  0.9733314514160156
7926.5  0.9852057099342346
7929.1  0.992232322692871
7931.7  0.9952864050865173
7934.3  0.9963756799697875
7936.9  0.9963415265083312
7939.5  0.9955468773841857
7942.1  0.994994044303894
7944.7  0.9959913492202758
7947.3  0.9989811778068542
7949.9  1.003055095672607
7952.5  1.006738781929016
7955.1  1.008911728858948
7957.7  1.009031534194946
7960.3  1.006997108459473
7962.9  1.003195285797119
7965.5  0.9986924529075622
7968.1  0.995290458202362
7970.7  0.9949774146080017
7973.3  0.9987092614173889
7975.9  1.005666255950928
7978.5  1.01395058631897
7981.1  1.021824240684509
7983.7  1.027811884880066
7986.3  1.029731273651123
7988.9  1.023918986320496
7991.5  1.006654381752014
7994.1  0.9789180159568786
7996.7  0.9507166743278503
7999.3  0.9370335936546325
8001.9  0.9453753232955932
8004.5  0.9686588048934936
8007.1  0.9927172660827636
8009.7  1.00858473777771
8012.3  1.015941619873047
8014.9  1.018326044082642
8017.5  1.018505454063416
8020.1  1.017592310905457
8022.7  1.016134858131409
8025.3  1.014871597290039
8027.9  1.01448380947113
8030.5  1.014926433563232
8033.1  1.01542329788208
8035.7  1.014987111091614
8038.3  1.0129075050354
8040.9  1.009237408638
8043.5  1.005268454551697
8046.1  1.003053784370422
8048.7  1.003749370574951
8051.3  1.006573796272278
8053.9  1.009794354438782
8056.5  1.012400507926941
8059.1  1.014481902122498
8061.7  1.016413331031799
8064.3  1.018165826797485
8066.9  1.019346475601196
8069.5  1.019681930541992
8072.1  1.019408464431763
8074.7  1.019146203994751
8077.3  1.019248366355896
8079.9  1.019384860992432
8082.5  1.018844127655029
8085.1  1.017165184020996
8087.7  1.014646053314209
8090.3  1.012642741203308
8092.9  1.013046264648438
8095.5  1.016634702682495
8098.1  1.021960258483887
8100.7  1.026420712471008
8103.3  1.02836287021637
8105.9  1.027997255325317
8108.5  1.026697278022766
8111.1  1.025722742080689
8113.7  1.025409936904907
8116.3  1.025220394134521
8118.9  1.024401187896729
8121.5  1.022626399993896
8124.1  1.020101547241211
8126.7  1.017197847366333
8129.3  1.014135003089905
8131.9  1.011081576347351
8134.5  1.008295297622681
8137.1  1.00587010383606
8139.7  1.003394842147827
8142.3  1.000120520591736
8144.9  0.9955434799194335
8147.5  0.9900107979774475
8150.1  0.9849830269813537
8152.7  0.9824884533882141
8155.3  0.9838593006134033
8157.9  0.9887352585792541
8160.5  0.9953101277351379
8163.1  1.001570582389832
8165.7  1.006293296813965
8168.3  1.009069681167603
8170.9  1.009800791740418
8173.5  1.008288383483887
8176.1  1.004409432411194
8178.7  0.9990267157554626
8181.3  0.9946590065956115
8183.9  0.9943069815635681
8186.5  0.9986721873283386
8189.1  1.004697203636169
8191.7  1.007455468177795
8194.3  1.004054546356201
8196.9  0.9964609146118164
8199.5  0.9907518625259399
8202.1  0.9925079345703125
8204.7  1.001919031143189
8207.3  1.013799548149109
8209.9  1.022472143173218
8212.5  1.025826215744019
8215.1  1.025124073028565
8217.7  1.022792935371399
8220.3  1.02093243598938
8222.9  1.020629644393921
8225.5  1.021714210510254
8228.1  1.02323853969574
8230.7  1.024338483810425
8233.3  1.024613618850708
8235.9  1.023992896080017
8238.5  1.022561192512512
8241.1  1.020601868629456
8243.7  1.018599510192871
8246.3  1.016962289810181
8248.9  1.015762329101562
8251.5  1.014882564544678
8254.1  1.014253497123718
8256.7  1.013685941696167
8259.3  1.012417078018189
8261.9  1.009040832519531
8264.5  1.001686692237854
8267.1  0.9885410666465759
8269.7  0.969601571559906
8272.3  0.949036419391632
8274.9  0.9345672130584716
8277.5  0.9325005412101745
8280.1  0.9431257843971252
8282.7  0.9611115455627441
8285.3  0.979478120803833
8287.9  0.9932426810264587
8290.5  1.000676393508911
8293.1  1.002405405044556
8295.7  1.000113844871521
8298.3  0.9964017868041992
8300.9  0.9947739839553833
8303.5  0.9981096982955932
8306.1  1.00650703907013
8308.7  1.017072677612305
8311.3  1.0257408618927
8313.9  1.029504656791687
8316.5  1.027815222740173
8319.1  1.022590398788452
8321.7  1.016401648521423
8324.3  1.010014176368713
8326.9  1.002362132072449
8329.5  0.9933760166168212
8332.1  0.9854443669319152
8334.7  0.9812462329864501
8337.3  0.9816582798957824
8339.9  0.9864680171012878
8342.5  0.9950500726699829
8345.1  1.005481481552124
8347.7  1.01478898525238
8350.3  1.020846605300903
8352.9  1.023145437240601
8355.5  1.021676182746887
8358.1  1.01612389087677
8360.7  1.007082581520081
8363.3  0.9979239106178283
8365.9  0.993936002254486
8368.5  0.9980449676513671
8371.1  1.007815003395081
8373.7  1.017748951911926
8376.3  1.02395510673523
8378.9  1.025990128517151
8381.5  1.025422811508179
8384.1  1.023974418640137
8386.7  1.022733449935913
8389.3  1.022105693817139
8391.9  1.022057175636292
8394.5  1.022480130195618
8397.1  1.023167729377747
8399.7  1.023392796516418
8402.3  1.021809220314026
8404.9  1.0173259973526
8407.5  1.010590672492981
8410.1  1.004756212234497
8412.7  1.003924489021301
8415.3  1.00978410243988
8417.9  1.020068645477295
8420.5  1.0307377576828
8423.1  1.038794636726379
8425.7  1.042472720146179
8428.3  1.040382504463196
8430.9  1.032588362693787
8433.5  1.02257251739502
8436.1  1.016037106513977
8438.7  1.016148805618286
8441.3  1.020899772644043
8443.9  1.026203393936157
8446.5  1.030262231826782
8449.1  1.033663511276245
8451.7  1.036811351776123
8454.3  1.03915536403656
8456.9  1.040359139442444
8459.5  1.040766477584839
8462.1  1.040662407875061
8464.7  1.039856791496277
8467.3  1.038144707679749
8469.9  1.035818219184876
8472.5  1.033492684364319
8475.1  1.031633734703064
8477.7  1.030308246612549
8480.3  1.029201149940491
8482.9  1.027388453483582
8485.5  1.022790312767029
8488.1  1.011776566505432
8490.7  0.9906620979309082
8493.3  0.9604543447494506
8495.9  0.9312207102775573
8498.5  0.9180955290794372
8501.1  0.9288128614425659
8503.7  0.9561731219291687
8506.3  0.9850437045097351
8508.9  1.005032420158386
8511.5  1.015010118484497
8514.1  1.018519520759583
8516.7  1.017964839935303
8519.3  1.013024687767029
8521.9  1.00316309928894
8524.5  0.9904165267944335
8527.1  0.9776551127433776
8529.7  0.9617694616317749
8532.3  0.9282351732254028
8534.9  0.8547861576080322
8537.5  0.7257189750671386
8540.1  0.5486395955085754
8542.7  0.3579695522785187
8545.3  0.1964472681283951
8547.9  0.0888749212026596
8550.5  0.03265342861413956
8553.1  0.009632253088057041
8555.7  0.002259187633171678
8558.3  4.139795782975853E-4
8560.9  5.379282447393052E-5
8563.5  0.
8566.1  0.
8568.7  0.
8571.3  0.
8573.9  0.
8576.5  0.
8579.1  0.
8581.7  0.
8584.3  0.
8586.9  0.
8589.5  0.
8592.1  0.
8594.7  0.
8597.3  0.
8599.9  0.
8602.5  0.
8605.1  0.
8607.7  0.
8610.3  0.
8612.9  0.
8615.5  0.
8618.1  0.
8620.7  0.
8623.3  0.
8625.9  0.
8628.5  0.
8631.1  0.
8633.7  0.
8636.3  0.
8638.9  0.
8641.5  3.308684608782642E-5
8644.1  2.750537823885679E-4
8646.7  0.001549754175357521
8649.3  0.006807881873100996
8651.9  0.02387954853475094
8654.5  0.06762421131134033
8657.1  0.1563832461833954
8659.7  0.2994720637798309
8662.3  0.4834302663803101
8664.9  0.6726214289665222
8667.5  0.8284743428230285
8670.1  0.9312186241149902
8672.7  0.9857691526412963
8675.3  1.010857582092285
8677.9  1.024192094802856
8680.5  1.0347740650177
8683.1  1.044113874435425
8685.7  1.05119264125824
8688.3  1.055757164955139
8690.9  1.058390498161316
8693.5  1.059328675270081
8696.1  1.058321595191956
8698.7  1.055643558502197
8701.3  1.052627205848694
8703.9  1.050812363624573
8706.5  1.050666213035583
8709.1  1.051401615142822
8711.7  1.051940441131592
8714.3  1.051790833473206
8716.9  1.051023364067078
8719.5  1.049778819084168
8722.1  1.048064470291138
8724.7  1.045857548713684
8727.3  1.042951703071594
8729.9  1.038589358329773
8732.5  1.031411290168762
8735.1  1.020351886749268
8737.7  1.006529450416565
8740.3  0.9946387410163879
8742.9  0.9909431934356689
8745.5  0.9980336427688598
8748.1  1.012154698371887
8750.7  1.026823997497559
8753.3  1.038023710250855
8755.9  1.045244097709656
8758.5  1.049408793449402
8761.1  1.051336526870728
8763.7  1.051351547241211
8766.3  1.049291729927063
8768.9  1.045243144035339
8771.5  1.040880680084229
8774.1  1.039313673973084
8776.7  1.042626738548279
8779.3  1.049853920936585
8781.9  1.05804717540741
8784.5  1.064906597137451
8787.1  1.069948196411133
8789.7  1.073734998703003
8792.3  1.076632499694824
8794.9  1.078229188919067
8797.5  1.077544450759888
8800.1  1.07378363609314
8802.7  1.067444324493408
8805.3  1.060953259468079
8807.9  1.057555913925171
8810.5  1.058738470077515
8813.1  1.062888264656067
8815.7  1.066861867904663
8818.3  1.068645000457764
8820.9  1.068330764770508
8823.5  1.067062377929688
8826.1  1.065617442131042
8828.7  1.063948273658752
8831.3  1.061596274375916
8833.9  1.058318972587586
8836.5  1.054449915885925
8839.1  1.050774931907654
8841.7  1.048024654388428
8844.3  1.046458244323731
8846.9  1.045812129974365
8849.5  1.045357465744019
8852.1  1.043923854827881
8854.7  1.040314912796021
8857.3  1.034317493438721
8859.9  1.027584075927734
8862.5  1.023181557655335
8865.1  1.023654103279114
8867.7  1.029208064079285
8870.3  1.037711620330811
8872.9  1.046285152435303
8875.5  1.052944660186768
8878.1  1.057220339775085
8880.7  1.059752583503723
8883.3  1.061439990997315
8885.9  1.062756419181824
8888.5  1.063637256622314
8891.1  1.06388533115387
8893.7  1.063510298728943
8896.3  1.062656283378601
8898.9  1.061438798904419
8901.5  1.060093522071838
8904.1  1.059189200401306
8906.7  1.059399604797363
8909.3  1.061026692390442
8911.9  1.063791275024414
8914.5  1.06691837310791
8917.1  1.06919264793396
8919.7  1.069236159324646
8922.3  1.066573023796082
8924.9  1.062771320343018
8927.5  1.06075394153595
8930.1  1.062075614929199
8932.7  1.065091252326965
8935.3  1.066173076629639
8937.9  1.062621712684631
8940.5  1.054839134216309
8943.1  1.046588659286499
8945.7  1.042669296264649
8948.3  1.045010447502136
8950.9  1.051007390022278
8953.5  1.056159257888794
8956.1  1.057770490646362
8958.7  1.055907487869263
8961.3  1.05206036567688
8963.9  1.047755122184753
8966.5  1.043927311897278
8969.1  1.040915012359619
8971.7  1.038699269294739
8974.3  1.037009835243225
8976.9  1.035167217254639
8979.5  1.032005786895752
8982.1  1.026127696037293
8984.7  1.017073035240173
8987.3  1.006928205490112
8989.9  1.000091195106506
8992.5  1.000071406364441
8995.1  1.00605583190918
8997.7  1.012914299964905
9000.3  1.01493763923645
9002.9  1.010115265846252
9005.5  1.001807808876038
9008.1  0.9964007139205932
9010.7  0.998199462890625
9013.3  1.006219387054443
9015.9  1.01591169834137
9018.5  1.023113250732422
9021.1  1.02650260925293
9023.7  1.027957081794739
9026.3  1.031000018119812
9028.9  1.037676215171814
9031.5  1.046668410301209
9034.1  1.054918646812439
9036.7  1.060585618019104
9039.3  1.063902616500854
9041.9  1.065982580184937
9044.5  1.067706346511841
9047.1  1.069417715072632
9049.7  1.070610404014587
9052.3  1.069224715232849
9054.9  1.062187433242798
9057.5  1.048671245574951
9060.1  1.033521413803101
9062.7  1.025257349014282
9065.3  1.028539180755615
9067.9  1.039506435394287
9070.5  1.049669861793518
9073.1  1.052886486053467
9075.7  1.047897219657898
9078.3  1.036012291908264
9080.9  1.018360614776611
9083.5  0.9965513944625854
9086.1  0.9763029813766479
9088.7  0.9672703146934509
9091.3  0.9752560257911682
9093.9  0.9955881237983703
9096.5  1.017193555831909
9099.1  1.031671404838562
9101.7  1.036183714866638
9104.3  1.030745387077332
9106.9  1.017428398132324
9109.5  1.002232313156128
9112.1  0.9938056468963623
9114.7  0.9975003600120544
9117.3  1.011166572570801
9119.9  1.027457714080811
9122.5  1.039451241493225
9125.1  1.044158816337586
9127.7  1.042870163917542
9130.3  1.039472937583923
9132.9  1.03767204284668
9135.5  1.038683176040649
9138.1  1.040976524353027
9140.7  1.041560292243958
9143.3  1.036876678466797
9145.9  1.023181080818176
9148.5  0.9986405372619628
9151.1  0.9676973819732666
9153.7  0.9426357746124267
9156.3  0.9366067647933959
9158.9  0.9525172114372253
9161.5  0.9803481698036193
9164.1  1.006184458732605
9166.7  1.022201538085938
9169.3  1.028746724128723
9171.9  1.030594944953918
9174.5  1.032509922981262
9177.1  1.036337494850159
9179.7  1.040785789489746
9182.3  1.044225931167603
9184.9  1.047329425811768
9187.5  1.051962852478027
9190.1  1.058229923248291
9192.7  1.064027786254883
9195.3  1.067328810691834
9197.9  1.067702531814575
9200.5  1.065628290176392
9203.1  1.061108469963074
9205.7  1.053323745727539
9208.3  1.041643977165222
9210.9  1.027177810668945
9213.5  1.013401389122009
9216.1  1.004682898521423
9218.7  1.003277182579041
9221.3  1.007313132286072
9223.9  1.012268900871277
9226.5  1.015034794807434
9229.1  1.016013622283936
9231.7  1.016969084739685
9234.3  1.018049955368042
9236.9  1.017987728118897
9239.5  1.01653516292572
9242.1  1.015590667724609
9244.7  1.017561197280884
9247.3  1.022825002670288
9249.9  1.029141783714294
9252.5  1.033748269081116
9255.1  1.035678029060364
9257.7  1.036065816879273
9260.3  1.036857485771179
9262.9  1.039346575737
9265.5  1.043297410011292
9268.1  1.047299742698669
9270.7  1.050165295600891
9273.3  1.051788806915283
9275.9  1.052513480186463
9278.5  1.052275538444519
9281.1  1.050803065299988
9283.7  1.04841411113739
9286.3  1.046165347099304
9288.9  1.044707655906677
9291.5  1.042723178863525
9294.1  1.036539912223816
9296.7  1.022111892700195
9299.3  0.9989258050918579
9301.9  0.9719541072845458
9304.5  0.9475622177124023
9307.1  0.924994945526123
9309.7  0.8938450217247009
9312.3  0.8433671593666076
9314.9  0.776114284992218
9317.5  0.7128727436065673
9320.1  0.6834447383880615
9322.7  0.708132266998291
9325.3  0.7818316221237182
9327.9  0.8745484352111816
9330.5  0.9501245617866516
9333.1  0.9855960607528686
9335.7  0.9745945334434509
9338.3  0.922297179698944
9340.9  0.8471322655677795
9343.5  0.7826455235481262
9346.1  0.7611774802207946
9348.7  0.7865335345268249
9351.3  0.8298620581626892
9353.9  0.8580033183097839
9356.5  0.8600197434425354
9359.1  0.8437185883522033
9361.7  0.8163424730300903
9364.3  0.7794528603553771
9366.9  0.741275668144226
9369.5  0.7230865955352783
9372.1  0.7446291446685791
9374.7  0.8030734062194824
9377.3  0.8707096576690673
9379.9  0.916552722454071
9382.5  0.9301772713661193
9385.1  0.9258618354797363
9387.7  0.9264262914657592
9390.3  0.942132830619812
9392.9  0.9635031223297119
9395.5  0.9735374450683593
9398.1  0.9640776515007019
9400.7  0.9386354088783264
9403.3  0.90347820520401
9405.9  0.8637510538101196
9408.5  0.8297895193099975
9411.1  0.8190183639526367
9413.7  0.8426641821861267
9416.3  0.8920713663101196
9418.9  0.9440886974334716
9421.5  0.9795761108398437
9424.1  0.994386076927185
9426.7  0.9963237643241882
9429.3  0.9957030415534973
9431.9  0.9972317218780517
9434.5  0.9980843067169189
9437.1  0.9928170442581176
9439.7  0.9796985387802124
9442.3  0.9619566798210144
9444.9  0.9428961873054504
9447.5  0.9204376339912414
9450.1  0.8875652551651
9452.7  0.839564025402069
9455.3  0.7794867753982543
9457.9  0.7159175276756286
9460.5  0.6599795818328857
9463.1  0.6279184818267822
9465.7  0.6395295858383178
9468.3  0.7029449939727783
9470.9  0.8003327846527099
9473.5  0.896759033203125
9476.1  0.9654765725135803
9478.7  1.001769423484802
9481.3  1.015903115272522
9483.9  1.019623637199402
9486.5  1.018967032432556
9489.1  1.014628291130066
9491.7  1.005276679992676
9494.3  0.9907479882240295
9496.9  0.9737585186958312
9499.5  0.9604951739311218
9502.1  0.9577918052673339
9504.7  0.9657788872718811
9507.3  0.9724931120872497
9509.9  0.9592847824096679
9512.5  0.9141610860824584
9515.1  0.8420956134796142
9517.7  0.7651903629302978
9520.3  0.7133662104606628
9522.9  0.7095726728439331
9525.5  0.7559658885002136
9528.1  0.831652283668518
9530.7  0.9065337181091308
9533.3  0.9592050313949584
9535.9  0.9835469722747802
9538.5  0.9834792613983154
9541.1  0.9660287499427795
9543.7  0.9378724098205566
9546.3  0.903997778892517
9548.9  0.8685670495033264
9551.5  0.8387998938560485
9554.1  0.8243626356124877
9556.7  0.8270411491394042
9559.3  0.8342055678367614
9561.9  0.8318846225738525
9564.5  0.8238629102706909
9567.1  0.8290605545043945
9569.7  0.8589953780174255
9572.3  0.9050185680389404
9574.9  0.9488820433616638
9577.5  0.9787901043891906
9580.1  0.9927698969841003
9582.7  0.9920702576637268
9585.3  0.9769813418388366
9587.9  0.9501352310180664
9590.5  0.9213306307792663
9593.1  0.9043312072753906
9595.7  0.9057429432868957
9598.3  0.9184300303459167
9600.9  0.92695152759552
9603.5  0.9156534671783447
9606.1  0.8711463212966918
9608.7  0.7884057164192199
9611.3  0.6859371662139892
9613.9  0.608776569366455
9616.5  0.5983519554138183
9619.1  0.6548250913619995
9621.7  0.7395756840705871
9624.3  0.8148721456527709
9626.9  0.8702930212020874
9629.5  0.9128097295761108
9632.1  0.9476321339607238
9634.7  0.9748473167419433
9637.3  0.9947233200073242
9639.9  1.008263111114502
9642.5  1.015546202659607
9645.1  1.01736581325531
9647.7  1.01676607131958
9650.3  1.01678192615509
9652.9  1.017591118812561
9655.5  1.017295718193054
9658.1  1.014500021934509
9660.7  1.009116530418396
9663.3  1.001598596572876
9665.9  0.9930629134178161
9668.5  0.9863380789756774
9671.1  0.9851448535919189
9673.7  0.9906744956970214
9676.3  0.9996328353881835
9678.9  1.006739139556885
9681.5  1.008635520935059
9684.1  1.005326986312866
9686.7  0.9995263814926147
9689.3  0.9949915409088134
9691.9  0.9937237501144409
9694.5  0.9942781329154968
9697.1  0.9940536618232727
9699.7  0.9932670593261718
9702.3  0.9950546026229858
9704.9  1.001267433166504
9707.5  1.009673118591309
9710.1  1.016244649887085
9712.7  1.019093990325928
9715.3  1.019329309463501
9717.9  1.018901109695435
9720.5  1.018526792526245
9723.1  1.017542839050293
9725.7  1.015178203582764
9728.3  1.011350631713867
9730.9  1.00596296787262
9733.5  0.997976541519165
9736.1  0.9864686727523803
9738.7  0.9729555249214172
9741.3  0.9618236422538757
9743.9  0.9572945833206176
9746.5  0.9595255255699157
9749.1  0.9644522666931152
9751.7  0.9672659039497375
9754.3  0.9633089303970336
9756.9  0.9426714777946472
9759.5  0.8868443369865417
9762.1  0.780179738998413
9764.7  0.6343920230865478
9767.3  0.500788390636444
9769.9  0.4447780847549439
9772.5  0.4959008693695068
9775.1  0.6228158473968505
9777.7  0.7611647844314575
9780.3  0.8634147644042968
9782.9  0.9209652543067932
9785.5  0.9491446018218994
9788.1  0.9639839529991149
9790.7  0.9730753898620605
9793.3  0.978358507156372
9795.9  0.9807012677192687
9798.5  0.9815950989723205
9801.1  0.9827350378036499
9803.7  0.9848917722702026
9806.3  0.9873936176300048
9808.9  0.9888111948966979
9811.5  0.9884413480758666
9814.1  0.9868862628936767
9816.7  0.9850319027900695
9819.3  0.9829404950141906
9821.9  0.9804058074951171
9824.5  0.978295624256134
9827.1  0.9784094095230102
9829.7  0.9816309809684753
9832.3  0.9867841005325317
9834.9  0.9917033314704895
9837.5  0.9948424696922302
9840.1  0.9954472184181213
9842.7  0.9931023120880126
9845.3  0.9882175922393798
9847.9  0.9826464056968688
9850.5  0.9787048697471618
9853.1  0.9771698713302612
9855.7  0.9766307473182678
9858.3  0.9749248623847961
9860.9  0.9709808826446533
9863.5  0.9654735922813415
9866.1  0.9603466391563415
9868.7  0.9576277732849121
9871.3  0.957983911037445
9873.9  0.9601366519927978
9876.5  0.9617179036140441
9879.1  0.9602954387664794
9881.7  0.9538694620132446
9884.3  0.9421796798706054
9886.9  0.9288001656532287
9889.5  0.920579195022583
9892.1  0.9226847887039184
9894.7  0.9340137839317321
9897.3  0.9485475420951843
9899.9  0.960728645324707
9902.5  0.9685341715812683
9905.1  0.9722790122032165
9907.7  0.9716729521751403
9910.3  0.9629601240158081
9912.9  0.9357931613922119
9915.5  0.8724418878555297
9918.1  0.7568885684013366
9920.7  0.5949000716209411
9923.3  0.4284120202064514
9925.9  0.3221682608127594
9928.5  0.3250294625759125
9931.1  0.4362651109695435
9933.7  0.605445921421051
9936.3  0.7666139006614685
9938.9  0.878039002418518
9941.5  0.935693621635437
9944.1  0.9578443169593811
9946.7  0.9642378687858581
9949.3  0.9670312404632568
9951.9  0.971437931060791
9954.5  0.9781049489974975
9957.1  0.9847916960716247
9959.7  0.9882926940917968
9962.3  0.9866564273834228
9964.9  0.9806677103042602
9967.5  0.9732633233070373
9970.1  0.9672092199325561
9972.7  0.9632278084754943
9975.3  0.9604022502899169
9977.9  0.9578439593315124
9980.5  0.9552185535430908
9983.1  0.9510891437530517
9985.7  0.940198004245758
9988.3  0.9108953475952148
9990.9  0.8453888893127441
9993.5  0.7279565334320068
9996.1  0.5609226822853088
