3501.3  0.4184960126876831
3503.9  0.5192344188690185
3506.5  0.591414988040924
3509.1  0.6474981307983398
3511.7  0.6963391900062561
3514.3  0.732422649860382
3516.9  0.7407805323600769
3519.5  0.7095375657081604
3522.1  0.6437709331512451
3524.7  0.5678119659423828
3527.3  0.5089691877365112
3529.9  0.4793496131896973
3532.5  0.4754762053489685
3535.1  0.4904884696006775
3537.7  0.5203215479850769
3540.3  0.5580854415893554
3542.9  0.5886309742927551
3545.5  0.5971758365631103
3548.1  0.584333598613739
3550.7  0.5650069117546081
3553.3  0.5516019463539123
3555.9  0.5453281998634338
3558.5  0.5427411794662475
3561.1  0.5415093898773193
3563.7  0.5399202108383178
3566.3  0.5378221273422241
3568.9  0.537839651107788
3571.5  0.5407136678695678
3574.1  0.54009211063385
3576.7  0.5257735848426818
3579.3  0.4952911734580994
3581.9  0.4629029631614685
3584.5  0.4535177946090698
3587.1  0.4833060204982758
3589.7  0.5429329872131347
3592.3  0.5991743206977844
3594.9  0.6166145801544189
3597.5  0.5832807421684265
3600.1  0.5191718935966491
3602.7  0.4597442150115967
3605.3  0.4296733140945435
3607.9  0.4328040778636932
3610.5  0.4633523225784302
3613.1  0.5163016319274902
3615.7  0.5844451785087585
3618.3  0.6547695398330688
3620.9  0.7120513319969177
3623.5  0.7437543869018554
3626.1  0.7463353276252746
3628.7  0.7330882549285888
3631.3  0.7294642925262451
3633.9  0.7512869834899902
3636.5  0.7886350750923156
3639.1  0.8138086199760437
3641.7  0.8016042113304138
3644.3  0.7443422675132751
3646.9  0.6573162674903869
3649.5  0.570758581161499
3652.1  0.5104449987411499
3654.7  0.4860605299472809
3657.3  0.4981185793876648
3659.9  0.5443318486213684
3662.5  0.6113260388374328
3665.1  0.6713384389877319
3667.7  0.6998218297958374
3670.3  0.6952257752418518
3672.9  0.6759131550788879
3675.5  0.6603047251701354
3678.1  0.6552671790122985
3680.7  0.6607547998428344
3683.3  0.6768426299095153
3685.9  0.7029663324356079
3688.5  0.7348250150680541
3691.1  0.7663494944572448
3693.7  0.7933335900306701
3696.3  0.8122407793998718
3698.9  0.8168472647666931
3701.5  0.8009893894195556
3704.1  0.7676842808723449
3706.7  0.7332796454429626
3709.3  0.7153775095939636
3711.9  0.712678849697113
3714.5  0.7032581567764282
3717.1  0.6698300838470458
3719.7  0.6212185025215148
3722.3  0.581479787826538
3724.9  0.5625587105751037
3727.5  0.5541349649429321
3730.1  0.5370043516159057
3732.7  0.5018939971923828
3735.3  0.4550972878932953
3737.9  0.4074752926826477
3740.5  0.364264041185379
3743.1  0.3308181464672089
3745.7  0.320965439081192
3748.3  0.3477202355861664
3750.9  0.4053157866001129
3753.5  0.4672773480415344
3756.1  0.5060914158821105
3758.7  0.5159128904342651
3761.3  0.5170510411262512
3763.9  0.537873089313507
3766.5  0.591166079044342
3769.1  0.6661987900733947
3771.7  0.7384971976280212
3774.3  0.7833170294761657
3776.9  0.7848007082939147
3779.5  0.7422441244125366
3782.1  0.6695230603218078
3784.7  0.5845077633857727
3787.3  0.4996491670608521
3789.9  0.4239087402820587
3792.5  0.3693695664405823
3795.1  0.3483566343784332
3797.7  0.3609619438648224
3800.3  0.3898431360721588
3802.9  0.4137841165065765
3805.5  0.4243242144584656
3808.1  0.4239499568939209
3810.7  0.4138641059398651
3813.3  0.3928958475589752
3815.9  0.3652290999889374
3818.5  0.3408296704292297
3821.1  0.3291764259338379
3823.7  0.3344485461711884
3826.3  0.3518309593200684
3828.9  0.366824209690094
3831.5  0.3650721907615662
3834.1  0.3473934531211853
3836.7  0.3314735591411591
3839.3  0.3353550434112549
3841.9  0.3611022531986237
3844.5  0.396449625492096
3847.1  0.4291993677616119
3849.7  0.4538913369178772
3852.3  0.4653985500335693
3854.9  0.4562422335147858
3857.5  0.4261339902877808
3860.1  0.3887030780315399
3862.7  0.3624709844589233
3865.3  0.3572192192077637
3867.9  0.3710445761680603
3870.5  0.3946264088153839
3873.1  0.4127354621887207
3875.7  0.4084003269672394
3878.3  0.3767178654670715
3880.9  0.3353604972362518
3883.5  0.3163348734378815
3886.1  0.3458653688430786
3888.7  0.4289530813694
3891.3  0.5447465181350708
3893.9  0.6555799841880798
3896.5  0.7276864051818847
3899.1  0.7494394779205322
3901.7  0.7331613898277282
3904.3  0.7023696303367614
3906.9  0.6750241518020629
3909.5  0.6540036797523498
3912.1  0.6335610747337341
3914.7  0.613738477230072
3917.3  0.6012528538703918
3919.9  0.5941004157066345
3922.5  0.5744622945785522
3925.1  0.5245285034179687
3927.7  0.4474596083164215
3930.3  0.3699321448802948
3932.9  0.3247556686401367
3935.5  0.3307151198387146
3938.1  0.384898453950882
3940.7  0.4698091447353363
3943.3  0.5647196769714355
3945.9  0.6509820818901062
3948.5  0.711917221546173
3951.1  0.7339875698089599
3953.7  0.7107455730438232
3956.3  0.6465494632720947
3958.9  0.5570293068885803
3961.5  0.4644279479980469
3964.1  0.3899260759353638
3966.7  0.3488195538520813
3969.3  0.3486711382865906
3971.9  0.3874132037162781
3974.5  0.4546362459659576
3977.1  0.5384811758995056
3979.7  0.6294640302658081
3982.3  0.7171876430511474
3984.9  0.7901543378829956
3987.5  0.8432354927062988
3990.1  0.8797662854194641
3992.7  0.9018885493278503
3995.3  0.9041383266448974
3997.9  0.8826396465301513
4000.5  0.8483819961547851
4003.1  0.8256183862686157
4005.7  0.8353767395019531
4008.3  0.8818077445030212
4010.9  0.9520591497421264
4013.5  1.02419376373291
4016.1  1.076731085777283
4018.7  1.099085807800293
4021.3  1.097210884094238
4023.9  1.086438536643982
4026.5  1.075984835624695
4029.1  1.0620197057724
4031.7  1.036777853965759
4034.3  0.999298095703125
4036.9  0.9533610939979553
4039.5  0.9005898237228393
4042.1  0.8428084254264831
4044.7  0.7879683971405029
4047.3  0.7455021142959594
4049.9  0.7177541851997375
4052.5  0.7022369503974914
4055.1  0.6993187069892883
4057.7  0.7100656628608703
4060.3  0.728652000427246
4062.9  0.7463665604591369
4065.5  0.763631522655487
4068.1  0.7869173288345336
4070.7  0.8112117648124694
4073.3  0.8175225853919982
4075.9  0.7947666049003601
4078.5  0.7575341463088989
4081.1  0.736667513847351
4083.7  0.7549622058868408
4086.3  0.8105669617652893
4088.9  0.876720905303955
4091.5  0.9168880581855773
4094.1  0.9077666401863098
4096.7  0.8556809425354003
4099.3  0.7938026189804077
4101.9  0.7605752944946289
4104.5  0.774407684803009
4107.1  0.8252255916595458
4109.7  0.8870362043380737
4112.3  0.9342068433761596
4114.9  0.9492143988609313
4117.5  0.9276669025421142
4120.1  0.882850706577301
4122.7  0.8385030031204223
4125.3  0.811118721961975
4127.9  0.8023878335952758
4130.5  0.8083554506301879
4133.1  0.8258753418922424
4135.7  0.8476515412330627
4138.3  0.8625151515007019
4140.9  0.8676941990852355
4143.5  0.8733208775520324
4146.1  0.8872144818305969
4148.7  0.9003918170928955
4151.3  0.8950777649879455
4153.9  0.8659936785697937
4156.5  0.8285959959030151
4159.1  0.8056668043136596
4161.7  0.8083099722862243
4164.3  0.8294403553009033
4166.9  0.8540456295013427
4169.5  0.8742218613624572
4172.1  0.8902217745780944
4174.7  0.8960720300674438
4177.3  0.8750917315483093
4179.9  0.8198130130767822
4182.5  0.7514280676841735
4185.1  0.7067735195159912
4187.7  0.7035557627677917
4190.3  0.7268601059913635
4192.9  0.7522195577621459
4195.5  0.7725899219512939
4198.1  0.7961626648902893
4200.7  0.8253911137580871
4203.3  0.8473211526870727
4205.9  0.8435162901878356
4208.5  0.8067894577980041
4211.1  0.7504122853279113
4213.7  0.7022603750228881
4216.3  0.6868605017662048
4218.9  0.7083901762962341
4221.5  0.7495005130767822
4224.1  0.7901990413665771
4226.7  0.8254705071449279
4229.3  0.8595969080924987
4231.9  0.8899204134941101
4234.5  0.9067420959472656
4237.1  0.9049097895622253
4239.7  0.8868563175201416
4242.3  0.8586695194244384
4244.9  0.8312157392501831
4247.5  0.8204751014709472
4250.1  0.835112452507019
4252.7  0.8632672429084777
4255.3  0.8815469741821289
4257.9  0.878191590309143
4260.5  0.8595077395439147
4263.1  0.8347669839859008
4265.7  0.8076911568641662
4268.3  0.7853331565856933
4270.9  0.7822038531303405
4273.5  0.806721031665802
4276.1  0.8488367199897766
4278.7  0.8859907388687133
4281.3  0.8978484869003295
4283.9  0.872200608253479
4286.5  0.8049178123474121
4289.1  0.7041594386100769
4291.7  0.5922773480415344
4294.3  0.4964492917060852
4296.9  0.4356529712677002
4299.5  0.4154693186283112
4302.1  0.4302768707275391
4304.7  0.4667505621910095
4307.3  0.5114259719848632
4309.9  0.5625306367874145
4312.5  0.6301334500312805
4315.1  0.7159239649772644
4317.7  0.7964289784431457
4320.3  0.8383152484893798
4322.9  0.8337037563323974
4325.5  0.8119069933891296
4328.1  0.8095631599426269
4330.7  0.8328542113304138
4333.3  0.8563223481178283
4335.9  0.8568426370620727
4338.5  0.8404918313026428
4341.1  0.8338468670845031
4343.7  0.8546400070190429
4346.3  0.8955470323562622
4348.9  0.9355705976486206
4351.5  0.9622013568878173
4354.1  0.9790118932723999
4356.7  0.9940763711929321
4359.3  1.007272005081177
4361.9  1.011700510978699
4364.5  1.003983497619629
4367.1  0.9882347583770751
4369.7  0.9692707657814025
4372.3  0.9455472826957702
4374.9  0.9117188453674316
4377.5  0.8677433133125305
4380.1  0.824207603931427
4382.7  0.7980328798294067
4385.3  0.7995716333389282
4387.9  0.8218826055526733
4390.5  0.8473420143127441
4393.1  0.8658340573310852
4395.7  0.8793081045150756
4398.3  0.8878957629203796
4400.9  0.882554292678833
4403.5  0.8579643368721008
4406.1  0.826703667640686
4408.7  0.8123968839645385
4411.3  0.8273396492004394
4413.9  0.8610259890556335
4416.5  0.893862247467041
4419.1  0.918666660785675
4421.7  0.9436951279640197
4424.3  0.977285087108612
4426.9  1.015734553337097
4429.5  1.046599864959717
4432.1  1.057849645614624
4434.7  1.042610883712769
4437.3  1.003198742866516
4439.9  0.9561189413070678
4442.5  0.9257031679153442
4445.1  0.9224301576614379
4447.7  0.9311704635620117
4450.3  0.9299162626266479
4452.9  0.9167311787605285
4455.5  0.9093823432922363
4458.1  0.9210034012794494
4460.7  0.9459872245788574
4463.3  0.9699853062629699
4465.9  0.9829199314117431
4468.5  0.9794772267341613
4471.1  0.9570757150650024
4473.7  0.9201170206069946
4476.3  0.8823935985565185
4478.9  0.8588711023330688
4481.5  0.8544361591339111
4484.1  0.8622464537620544
4486.7  0.8722217082977294
4489.3  0.879879891872406
4491.9  0.8875665068626403
4494.5  0.9001743197441101
4497.1  0.9210650920867919
4499.7  0.94964200258255
4502.3  0.9817073345184326
4504.9  1.01252281665802
4507.5  1.038108468055725
4510.1  1.054967164993286
4512.7  1.062243103981018
4515.3  1.063346743583679
4517.9  1.061450242996216
4520.5  1.051959753036499
4523.1  1.022217273712158
4525.7  0.9623468518257141
4528.3  0.8798828125
4530.9  0.8034247159957885
4533.5  0.7672427296638488
4536.1  0.7879093289375305
4538.7  0.8534177541732788
4541.3  0.9335206747055053
4543.9  0.9998751878738403
4546.5  1.038577556610107
4549.1  1.051077961921692
4551.7  1.050090670585632
4554.3  1.051915407180786
4556.9  1.06507134437561
4559.5  1.084987878799439
4562.1  1.10143256187439
4564.7  1.108838558197021
4567.3  1.107406377792359
4569.9  1.098034977912903
4572.5  1.080116868019104
4575.1  1.054198145866394
4577.7  1.025710582733154
4580.3  1.004853129386902
4582.9  1.000421047210693
4585.5  1.012178421020508
4588.1  1.029839873313904
4590.7  1.039774656295776
4593.3  1.033859133720398
4595.9  1.014256715774536
4598.5  0.9908995628356933
4601.1  0.9719471335411071
4603.7  0.9551689028739929
4606.3  0.9323864579200744
4608.9  0.9053062200546264
4611.5  0.8916792273521423
4614.1  0.9093127846717834
4616.7  0.9558275341987609
4619.3  1.008861303329468
4621.9  1.043964743614197
4624.5  1.048656463623047
4627.1  1.023940205574036
4629.7  0.9802502393722534
4632.3  0.9330794215202331
4634.9  0.8975105881690979
4637.5  0.8825747966766357
4640.1  0.8890004754066467
4642.7  0.9109138846397399
4645.3  0.9399985074996948
4647.9  0.9696664810180664
4650.5  0.9955003261566162
4653.1  1.011293768882751
4655.7  1.007186055183411
4658.3  0.9758816957473754
4660.9  0.9231988787651062
4663.5  0.8708735108375549
4666.1  0.8438339233398437
4668.7  0.8508296608924865
4671.3  0.877989113330841
4673.9  0.9031451344490051
4676.5  0.9155201911926269
4679.1  0.9200709462165832
4681.7  0.9254981279373168
4684.3  0.9337297081947326
4686.9  0.9421689510345458
4689.5  0.950036346912384
4692.1  0.9569920301437377
4694.7  0.9573587179183959
4697.3  0.9410728216171264
4699.9  0.903204321861267
4702.5  0.8536322116851806
4705.1  0.8158902525901794
4707.7  0.8117755055427551
4710.3  0.844313621520996
4712.9  0.8963357210159301
4715.5  0.9447976350784301
4718.1  0.9756692051887512
4720.7  0.9884912371635437
4723.3  0.9906659126281738
4725.9  0.9886513948440551
4728.5  0.9857599139213562
4731.1  0.9872185587882995
4733.7  1.001073479652405
4736.3  1.030160427093506
4738.9  1.066643714904785
4741.5  1.097766518592835
4744.1  1.115371823310852
4746.7  1.119242787361145
4749.3  1.114548683166504
4751.9  1.108012199401856
4754.5  1.104074835777283
4757.1  1.102328181266785
4759.7  1.099123597145081
4762.3  1.092779159545898
4764.9  1.08625054359436
4767.5  1.083809494972229
4770.1  1.086294770240784
4772.7  1.090806841850281
4775.3  1.094123840332031
4777.9  1.095226168632507
4780.5  1.095116019248962
4783.1  1.095017910003662
4785.7  1.094396352767944
4788.3  1.090205550193787
4790.9  1.078660607337952
4793.5  1.05930244922638
4796.1  1.038471102714539
4798.7  1.026755452156067
4801.3  1.029995203018189
4803.9  1.04422390460968
4806.5  1.06160044670105
4809.1  1.0780109167099
4811.7  1.092395544052124
4814.3  1.102891445159912
4816.9  1.107556343078613
4819.5  1.106972575187683
4822.1  1.103691697120667
4824.7  1.099910616874695
4827.3  1.096540689468384
4829.9  1.093212842941284
4832.5  1.087808847427368
4835.1  1.076974034309387
4837.7  1.059889197349548
4840.3  1.041853547096252
4842.9  1.030632853507996
4845.5  1.026118874549866
4848.1  1.015766263008118
4850.7  0.9844136238098144
4853.3  0.9302225112915039
4855.9  0.8697195053100585
4858.5  0.8259671926498413
4861.1  0.8098175525665283
4863.7  0.8116084337234497
4866.3  0.8127804398536682
4868.9  0.8071363568305969
4871.5  0.8060216903686523
4874.1  0.8198767304420471
4876.7  0.8433035016059875
4879.3  0.8653481006622314
4881.9  0.8861164450645446
4884.5  0.9137352108955383
4887.1  0.9493187665939331
4889.7  0.9816211462020874
4892.3  0.9947742819786071
4894.9  0.9792912006378173
4897.5  0.9378649592399597
4900.1  0.8821476101875305
4902.7  0.8254799246788024
4905.3  0.7820814847946166
4907.9  0.7687286138534545
4910.5  0.7946743965148925
4913.1  0.8472720384597778
4915.7  0.8990843296051025
4918.3  0.9341323375701904
4920.9  0.9591259360313415
4923.5  0.9856080412864685
4926.1  1.009962201118469
4928.7  1.017077207565308
4931.3  0.9994424581527709
4933.9  0.9687593579292297
4936.5  0.949254035949707
4939.1  0.9587426781654357
4941.7  0.9939746856689453
4944.3  1.034150958061218
4946.9  1.057499051094055
4949.5  1.054140210151672
4952.1  1.028164744377136
4954.7  0.9927546977996826
4957.3  0.9612903594970703
4959.9  0.9393613934516906
4962.5  0.9264086484909057
4965.1  0.923654556274414
4967.7  0.9341296553611755
4970.3  0.955289602279663
4972.9  0.9785066843032836
4975.5  0.9965847730636596
4978.1  1.008048534393311
4980.7  1.01552152633667
4983.3  1.023266434669495
4985.9  1.034819841384888
4988.5  1.05031168460846
4991.1  1.066201090812683
4993.7  1.077909111976624
4996.3  1.08223569393158
4998.9  1.077888369560242
5001.5  1.064743876457214
5004.1  1.042296409606934
5006.7  1.008373379707337
5009.3  0.9622774124145507
5011.9  0.9122950434684753
5014.5  0.8767269253730773
5017.1  0.8701260685920715
5019.7  0.8884778618812561
5022.3  0.9138560891151428
5024.9  0.9336358904838562
5027.5  0.9497205018997192
5030.1  0.969140887260437
5032.7  0.9921019673347473
5035.3  1.012506604194641
5037.9  1.025526523590088
5040.5  1.029995322227478
5043.1  1.026147603988648
5045.7  1.015808939933777
5048.3  1.003938555717468
5050.9  0.9966027736663818
5053.5  0.9973418712615966
5056.1  1.006153225898743
5058.7  1.019590139389038
5061.3  1.030528426170349
5063.9  1.030988216400147
5066.5  1.018654227256775
5069.1  0.9999244809150695
5071.7  0.9844235181808471
5074.3  0.9770846366882324
5076.9  0.9770625233650207
5079.5  0.9819964170455932
5082.1  0.9892907738685607
5084.7  0.9940804243087768
5087.3  0.990053653717041
5089.9  0.9745234847068786
5092.5  0.9531454443931579
5095.1  0.9384511113166809
5097.7  0.9401888251304626
5100.3  0.954933762550354
5102.9  0.9672942757606506
5105.5  0.9639228582382202
5108.1  0.9461585879325866
5110.7  0.9284307360649108
5113.3  0.9248470664024353
5115.9  0.9368810057640075
5118.5  0.9534522294998168
5121.1  0.9629631042480468
5123.7  0.9641904234886169
5126.3  0.9639668464660644
5128.9  0.9653245210647583
5131.5  0.9611059427261352
5134.1  0.9413595795631408
5136.7  0.9075560569763183
5139.3  0.8781532049179077
5141.9  0.8755848407745361
5144.5  0.9050709009170532
5147.1  0.9496532082557678
5149.7  0.9872165322303771
5152.3  1.006523489952087
5154.9  1.005615234375
5157.5  0.9829552173614501
5160.1  0.937601089477539
5162.7  0.8765154480934143
5165.3  0.8167231678962707
5167.9  0.7775765061378479
5170.5  0.7698097229003906
5173.1  0.7882314324378967
5175.7  0.8116322755813598
5178.3  0.8156672120094299
5180.9  0.7962217330932617
5183.5  0.7789315581321716
5186.1  0.7962706089019775
5188.7  0.8548564910888671
5191.3  0.9311212301254272
5193.9  0.9959070086479187
5196.5  1.03601348400116
5199.1  1.054651618003845
5201.7  1.060913562774658
5204.3  1.061769485473633
5206.9  1.059576988220215
5209.5  1.051990151405335
5212.1  1.033830761909485
5214.7  1.001447916030884
5217.3  0.9574628472328186
5219.9  0.911710500717163
5222.5  0.8765170574188232
5225.1  0.8594117760658264
5227.7  0.8593372106552124
5230.3  0.8705335855484008
5232.9  0.8897944092750549
5235.5  0.916980504989624
5238.1  0.9484856724739074
5240.7  0.9751074910163879
5243.3  0.9878976345062255
5245.9  0.9839836359024047
5248.5  0.9682284593582153
5251.1  0.95145845413208
5253.7  0.9429605603218078
5256.3  0.9392065405845642
5258.9  0.9238345026969909
5261.5  0.8867096900939941
5264.1  0.8427662849426269
5266.7  0.8243049383163452
5269.3  0.8510202169418334
5271.9  0.91157728433609
5274.5  0.9764201045036315
5277.1  1.023212671279907
5279.7  1.047661662101746
5282.3  1.056680202484131
5284.9  1.057945847511292
5287.5  1.055803418159485
5290.1  1.052894473075867
5292.7  1.051988840103149
5295.3  1.054751992225647
5297.9  1.059873700141907
5300.5  1.064009547233582
5303.1  1.064399123191833
5305.7  1.060210347175598
5308.3  1.052054643630982
5310.9  1.040127515792847
5313.5  1.022615790367127
5316.1  0.9979571104049682
5318.7  0.9705545306205749
5321.3  0.9513176083564758
5323.9  0.9483898878097534
5326.5  0.9586328864097595
5329.1  0.9715557098388671
5331.7  0.9803274273872375
5334.3  0.9861642122268676
5336.9  0.9930261969566345
5339.5  1.000206470489502
5342.1  1.001443147659302
5344.7  0.9925943613052368
5347.3  0.9793661236763
5349.9  0.9737417101860046
5352.5  0.98052978515625
5355.1  0.9904912114143371
5357.7  0.9903051853179931
5360.3  0.9781411290168762
5362.9  0.9662162065505981
5365.5  0.9679890275001525
5368.1  0.9851694703102111
5370.7  1.007697224617004
5373.3  1.023213386535645
5375.9  1.025087237358093
5378.5  1.015151977539062
5381.1  1.002167463302612
5383.7  0.9959129095077514
5386.3  0.9996488690376281
5388.9  1.008609175682068
5391.5  1.016097187995911
5394.1  1.018692374229431
5396.7  1.015802025794983
5399.3  1.008349180221558
5401.9  0.999922752380371
5404.5  0.9963789582252502
5407.1  1.001424074172974
5409.7  1.013157844543457
5412.3  1.026158690452576
5414.9  1.036011934280396
5417.5  1.040969610214233
5420.1  1.040248990058899
5422.7  1.031855940818787
5425.3  1.013324499130249
5427.9  0.9866160154342651
5430.5  0.9623205661773681
5433.1  0.9547263979911804
5435.7  0.9692056775093078
5438.3  0.9965479373931884
5440.9  1.021718978881836
5443.5  1.035864949226379
5446.1  1.038959741592407
5448.7  1.034889698028565
5451.3  1.026919722557068
5453.9  1.016707181930542
5456.5  1.005791902542114
5459.1  0.9972758293151855
5461.7  0.9949552416801452
5464.3  0.9997903704643249
5466.9  1.008192181587219
5469.5  1.014989614486694
5472.1  1.017669796943665
5474.7  1.017282009124756
5477.3  1.015421032905579
5479.9  1.010631918907166
5482.5  0.9994693398475646
5485.1  0.9829564094543457
5487.7  0.9698177576065063
5490.3  0.9691500663757324
5492.9  0.9796661138534545
5495.5  0.9897591471672058
5498.1  0.98951917886734
5500.7  0.9810240864753723
5503.3  0.9757580161094665
5505.9  0.9826675653457641
5508.5  1.000038146972656
5511.1  1.018725991249085
5513.7  1.030742764472961
5516.3  1.033883929252625
5518.9  1.030680656433105
5521.5  1.025322079658508
5524.1  1.021239995956421
5526.7  1.020301103591919
5529.3  1.023092389106751
5531.9  1.028910875320435
5534.5  1.035502195358276
5537.1  1.040047407150269
5539.7  1.04082465171814
5542.3  1.037895560264587
5544.9  1.032663226127625
5547.5  1.027102828025818
5550.1  1.022578001022339
5552.7  1.018582820892334
5555.3  1.012947916984558
5557.9  1.004148483276367
5560.5  0.9936798214912414
5563.1  0.9859257340431213
5565.7  0.9849486947059631
5568.3  0.9908492565155029
5570.9  0.9997332096099853
5573.5  1.007555723190308
5576.1  1.012775421142578
5578.7  1.014796376228333
5581.3  1.012319445610046
5583.9  1.005707740783692
5586.5  0.9996668100357055
5589.1  1.000456929206848
5591.7  1.009674191474915
5594.3  1.022506952285767
5596.9  1.032532453536987
5599.5  1.036922216415405
5602.1  1.036768198013306
5604.7  1.034025549888611
5607.3  1.029589891433716
5609.9  1.023903250694275
5612.5  1.017694115638733
5615.1  1.010716676712036
5617.7  1.000755190849304
5620.3  0.9866095185279846
5622.9  0.9725360870361328
5625.5  0.9660106301307678
5628.1  0.9680731892585754
5630.7  0.9689756035804748
5633.3  0.9583706855773925
5635.9  0.9392761588096618
5638.5  0.9272339940071105
5641.1  0.9340451955795288
5643.7  0.9551722407341003
5646.3  0.9749802350997924
5648.9  0.9821030497550964
5651.5  0.9782187938690185
5654.1  0.9739101529121398
5656.7  0.977906584739685
5659.3  0.990473985671997
5661.9  1.005788803100586
5664.5  1.018347501754761
5667.1  1.02608847618103
5669.7  1.028852820396423
5672.3  1.025894403457642
5674.9  1.016000151634216
5677.5  1.000487327575684
5680.1  0.9853206872940063
5682.7  0.9780572056770324
5685.3  0.9814763665199279
5687.9  0.9916110038757324
5690.5  1.002338886260986
5693.1  1.009817481040955
5695.7  1.011631727218628
5698.3  1.003995776176453
5700.9  0.9819560050964355
5703.5  0.9440858960151672
5706.1  0.8988393545150756
5708.7  0.8652810454368591
5711.3  0.8622302412986755
5713.9  0.8925855159759521
5716.5  0.9400674104690551
5719.1  0.9833095073699951
5721.7  1.011066198348999
5724.3  1.023942232131958
5726.9  1.026981115341187
5729.5  1.024425745010376
5732.1  1.019641518592835
5734.7  1.016153693199158
5737.3  1.01658821105957
5739.9  1.020787477493286
5742.5  1.025974631309509
5745.1  1.029442310333252
5747.7  1.030527591705322
5750.3  1.029721736907959
5752.9  1.026553153991699
5755.5  1.018567323684692
5758.1  1.001147627830505
5760.7  0.9655835032463073
5763.3  0.8963770866394042
5765.9  0.7761887311935424
5768.5  0.6032248139381408
5771.1  0.4054108858108521
5773.7  0.2286320477724075
5776.3  0.1058390662074089
5778.9  0.0396057516336441
5781.5  0.01185203064233065
5784.1  0.00281176483258605
5786.7  5.221660248935222E-4
5789.3  6.934670818736776E-5
5791.9  0.
5794.5  0.
5797.1  0.
5799.7  0.
5802.3  0.
5804.9  0.
5807.5  0.
5810.1  0.
5812.7  0.
5815.3  0.
5817.9  0.
5820.5  7.033198926365002E-5
5823.1  5.296551389619708E-4
5825.7  0.002862061839550734
5828.3  0.01208927016705275
5830.9  0.04051629453897476
5833.5  0.1087076216936112
5836.1  0.2360641062259674
5838.7  0.4212270379066467
5841.3  0.6308065056800842
5843.9  0.8155944943428039
5846.5  0.942783772945404
5849.1  1.011412382125854
5851.7  1.040374517440796
5854.3  1.049119830131531
5856.9  1.04929792881012
5859.5  1.046266317367554
5862.1  1.042409777641296
5864.7  1.039022445678711
5867.3  1.037054777145386
5869.9  1.036760926246643
5872.5  1.037128448486328
5875.1  1.036193490028381
5877.7  1.032081246376038
5880.3  1.022781848907471
5882.9  1.005233407020569
5885.5  0.97681725025177
5888.1  0.9399075508117675
5890.7  0.9047943353652954
5893.3  0.8863571286201477
5895.9  0.8952673077583312
5898.5  0.9297144412994384
5901.1  0.9753941297531127
5903.7  1.015321135520935
5906.3  1.04033100605011
5908.9  1.050979375839233
5911.5  1.052528738975525
5914.1  1.050109386444092
5916.7  1.046874880790711
5919.3  1.043721079826355
5921.9  1.039268493652344
5924.5  1.030226349830627
5927.1  1.013148188591004
5929.7  0.9886495471000671
5932.3  0.9649848341941833
5934.9  0.9544937014579772
5937.5  0.9631492495536804
5940.1  0.984793484210968
5942.7  1.007424235343933
5945.3  1.023070693016052
5947.9  1.030672669410706
5950.5  1.032869100570679
5953.1  1.032480478286743
5955.7  1.030698895454407
5958.3  1.027134776115418
5960.9  1.021779894828796
5963.5  1.01700484752655
5966.1  1.016406059265137
5968.7  1.02103066444397
5971.3  1.027684569358826
5973.9  1.031905055046082
5976.5  1.03188169002533
5979.1  1.02886700630188
5981.7  1.024745225906372
5984.3  1.020261168479919
5986.9  1.015461564064026
5989.5  1.010950088500977
5992.1  1.007979512214661
5994.7  1.007317781448364
5997.3  1.008712291717529
5999.9  1.011647701263428
6002.5  1.01575756072998
6005.1  1.020231127738953
6007.7  1.023725867271423
6010.3  1.025399446487427
6012.9  1.025666236877441
6015.5  1.025575995445252
6018.1  1.025604248046875
6020.7  1.025359869003296
6023.3  1.02444064617157
6025.9  1.023205995559692
6028.5  1.022479891777039
6031.1  1.022670269012451
6033.7  1.023375391960144
6036.3  1.02374541759491
6038.9  1.02307391166687
6041.5  1.021159648895264
6044.1  1.01837956905365
6046.7  1.015544652938843
6049.3  1.013487339019776
6051.9  1.012533187866211
6054.5  1.012375950813294
6057.1  1.012666344642639
6059.7  1.013790369033814
6062.3  1.016798257827759
6064.9  1.022078633308411
6067.5  1.028037786483765
6070.1  1.031875610351563
6072.7  1.032178163528442
6075.3  1.030230402946472
6077.9  1.028463244438171
6080.5  1.028182625770569
6083.1  1.029015898704529
6085.7  1.029887199401856
6088.3  1.030033588409424
6090.9  1.029354810714722
6093.5  1.028306365013123
6096.1  1.027510166168213
6098.7  1.027191638946533
6101.3  1.02687680721283
6103.9  1.025868773460388
6106.5  1.024067878723145
6109.1  1.021947503089905
6111.7  1.019533038139343
6114.3  1.015897393226624
6116.9  1.010259985923767
6119.5  1.003419041633606
6122.1  0.9973723888397216
6124.7  0.9934197068214416
6127.3  0.991196870803833
6129.9  0.9896079897880554
6132.5  0.9880885481834411
6135.1  0.9871601462364196
6137.7  0.9878119230270385
6140.3  0.9897549748420715
6142.9  0.9911695122718811
6145.5  0.9914485812187194
6148.1  0.9924071431159973
6150.7  0.9947428107261657
6153.3  0.9947218894958496
6155.9  0.9869896173477172
6158.5  0.9712361693382263
6161.1  0.9554892182350158
6163.7  0.9512147307395935
6166.3  0.9633321166038513
6168.9  0.985622227191925
6171.5  1.007035851478577
6174.1  1.020913481712341
6176.7  1.027395606040955
6179.3  1.029661178588867
6181.9  1.030283808708191
6184.5  1.030444741249084
6187.1  1.030676126480103
6189.7  1.031383037567139
6192.3  1.032809257507324
6194.9  1.034819722175598
6197.5  1.036962985992432
6200.1  1.038764953613281
6202.7  1.040014028549194
6205.3  1.040650844573975
6207.9  1.04035758972168
6210.5  1.038426876068115
6213.1  1.034367203712463
6215.7  1.028800964355469
6218.3  1.023583173751831
6220.9  1.020535945892334
6223.5  1.019826412200928
6226.1  1.020002484321594
6228.7  1.019875764846802
6231.3  1.019741535186768
6233.9  1.020235419273377
6236.5  1.020674705505371
6239.1  1.019449591636658
6241.7  1.015886425971985
6244.3  1.01099693775177
6246.9  1.006417274475098
6249.5  1.003345251083374
6252.1  1.002522706985474
6254.7  1.004243135452271
6257.3  1.007938742637634
6259.9  1.012295722961426
6262.5  1.015931963920593
6265.1  1.017712473869324
6267.7  1.016575336456299
6270.3  1.011134386062622
6272.9  0.9999846220016479
6275.5  0.9838519096374511
6278.1  0.9677770733833312
6280.7  0.9582059383392333
6283.3  0.9560306668281555
6285.9  0.9552825689315795
6288.5  0.9510597586631774
6291.1  0.9459073543548583
6293.7  0.9461718201637268
6296.3  0.9547536373138427
6298.9  0.9693378806114196
6301.5  0.9853632450103759
6304.1  0.9986159205436706
6306.7  1.006092190742493
6309.3  1.006534457206726
6311.9  1.000921487808228
6314.5  0.9922733902931213
6317.1  0.9847160577774047
6319.7  0.9822182655334472
6322.3  0.9867773652076721
6324.9  0.9969017505645751
6327.5  1.008322834968567
6330.1  1.016973972320557
6332.7  1.021234750747681
6335.3  1.021667838096619
6337.9  1.019646286964417
6340.5  1.016701579093933
6343.1  1.014342665672302
6345.7  1.013310074806213
6348.3  1.012842416763306
6350.9  1.011171817779541
6353.5  1.006977200508118
6356.1  1.000468611717224
6358.7  0.9934279918670654
6361.3  0.9882495403289794
6363.9  0.9865393638610839
6366.5  0.9883561134338378
6369.1  0.992618441581726
6371.7  0.9979233741760253
6374.3  1.002920508384705
6376.9  1.006571769714355
6379.5  1.008718490600586
6382.1  1.010223507881165
6384.7  1.011623382568359
6387.3  1.011285305023193
6389.9  1.00510311126709
6392.5  0.9889165163040161
6395.1  0.9631423354148864
6397.7  0.9360232949256896
6400.3  0.9198936223983764
6402.9  0.9214476346969604
6405.5  0.9369363784790039
6408.1  0.9578059315681457
6410.7  0.9778667092323303
6413.3  0.9942476749420166
6415.9  1.005653619766235
6418.5  1.012007832527161
6421.1  1.014236807823181
6423.7  1.012831807136536
6426.3  1.006212949752808
6428.9  0.9898673892021179
6431.5  0.9585011005401611
6434.1  0.913566768169403
6436.7  0.8704355359077453
6439.3  0.8521247506141662
6441.9  0.8695001006126403
6444.5  0.9101560711860656
6447.1  0.9504798054695129
6449.7  0.9746599793434143
6452.3  0.9792237281799316
6454.9  0.9664634466171264
6457.5  0.9419686794281005
6460.1  0.917681872844696
6462.7  0.90897136926651
6465.3  0.9227208495140075
6467.9  0.9505338668823242
6470.5  0.9771097302436828
6473.1  0.993597388267517
6475.7  1.000895142555237
6478.3  1.003319978713989
6480.9  1.002623915672302
6483.5  0.9967381358146667
6486.1  0.9817108511924743
6488.7  0.955469012260437
6491.3  0.9223649501800537
6493.9  0.8938314318656921
6496.5  0.8821130394935607
6499.1  0.8918247818946838
6501.7  0.9172742962837219
6504.3  0.9472271800041198
6506.9  0.9720761179924011
6509.5  0.9877460598945617
6512.1  0.994940161705017
6514.7  0.9964908361434936
6517.3  0.9954991340637207
6519.9  0.9944473505020141
6522.5  0.9946444630622863
6525.1  0.9960324764251708
6527.7  0.9977508187294006
6530.3  0.9988840818405151
6532.9  0.9990118145942687
6535.5  0.9983667135238647
6538.1  0.9974300265312194
6540.7  0.9960253238677978
6543.3  0.992829144001007
6545.9  0.9857556223869323
6548.5  0.9727197885513305
6551.1  0.9526535272598266
6553.7  0.9268538951873779
6556.3  0.8995579481124877
6558.9  0.8766320347785949
6561.5  0.8634195327758789
6564.1  0.8629168272018432
6566.7  0.8744628429412841
6569.3  0.8940052986145019
6571.9  0.9165683388710021
6574.5  0.9386627078056335
6577.1  0.9583197832107543
6579.7  0.973854124546051
6582.3  0.9835030436515808
6584.9  0.9862659573554992
6587.5  0.9831556677818298
6590.1  0.978050410747528
6592.7  0.9763041734695434
6595.3  0.9808104634284973
6597.9  0.9893785119056701
6600.5  0.9969070553779602
6603.1  1.000250935554505
6605.7  1.000697016716003
6608.3  1.001980066299439
6610.9  1.006299614906311
6613.5  1.012494564056397
6616.1  1.017789483070374
6618.7  1.020319223403931
6621.3  1.019580006599426
6623.9  1.015060186386108
6626.5  1.005790710449219
6629.1  0.9924396872520446
6631.7  0.9797686338424682
6634.3  0.9748744964599609
6636.9  0.9811249375343322
6639.5  0.994660198688507
6642.1  1.008082151412964
6644.7  1.016581892967224
6647.3  1.019916653633118
6649.9  1.020316481590271
6652.5  1.020053029060364
6655.1  1.020286202430725
6657.7  1.020928263664246
6660.3  1.021353721618652
6662.9  1.02151346206665
6665.5  1.022188425064087
6668.1  1.024017691612244
6670.7  1.02660083770752
6673.3  1.028999328613281
6675.9  1.030933737754822
6678.5  1.03297233581543
6681.1  1.035504817962647
6683.7  1.037940502166748
6686.3  1.039108872413635
6688.9  1.038137078285217
6691.5  1.034900903701782
6694.1  1.030208706855774
6696.7  1.025836825370789
6699.3  1.023754477500916
6701.9  1.024618148803711
6704.5  1.027137756347656
6707.1  1.029179334640503
6709.7  1.02929162979126
6712.3  1.027267217636108
6714.9  1.023895382881165
6717.5  1.020518660545349
6720.1  1.018301129341126
6722.7  1.017356872558594
6725.3  1.016669869422913
6727.9  1.015149712562561
6730.5  1.012662410736084
6733.1  1.010014653205872
6735.7  1.008244872093201
6738.3  1.007912755012512
6740.9  1.008753895759583
6743.5  1.010136365890503
6746.1  1.011952519416809
6748.7  1.014535665512085
6751.3  1.017575144767761
6753.9  1.019821763038635
6756.5  1.020270109176636
6759.1  1.019291281700134
6761.7  1.01829743385315
6764.3  1.018424987792969
6766.9  1.019630670547485
6769.5  1.020874738693237
6772.1  1.020981192588806
6774.7  1.019355654716492
6777.3  1.016237616539002
6779.9  1.012648582458496
6782.5  1.010067582130432
6785.1  1.009632110595703
6787.7  1.011249780654907
6790.3  1.01354718208313
6792.9  1.014907002449036
6795.5  1.014710783958435
6798.1  1.01370644569397
6800.7  1.013164401054382
6803.3  1.01353919506073
6805.9  1.014052391052246
6808.5  1.013792991638184
6811.1  1.013038396835327
6813.7  1.013071298599243
6816.3  1.014712691307068
6818.9  1.017480850219727
6821.5  1.020259737968445
6824.1  1.022320628166199
6826.7  1.023399949073792
6829.3  1.023058533668518
6831.9  1.020272970199585
6834.5  1.014031529426575
6837.1  1.004893660545349
6839.7  0.995823323726654
6842.3  0.9903003573417663
6844.9  0.988278329372406
6847.5  0.9847633838653564
6850.1  0.9746820926666259
6852.7  0.9598264694213867
6855.3  0.9486827254295349
6857.9  0.947472333908081
6860.5  0.9530012011528015
6863.1  0.9564442038536071
6865.7  0.9529827237129211
6868.3  0.9458708763122558
6870.9  0.9419110417366027
6873.5  0.9449054598808288
6876.1  0.9534781575202941
6878.7  0.9631351232528686
6881.3  0.969473123550415
6883.9  0.9709717631340026
6886.5  0.9699706435203552
6889.1  0.9706221222877502
6891.7  0.9751865863800048
6894.3  0.9823945760726928
6896.9  0.9891745448112487
6899.5  0.993200659751892
6902.1  0.9940477609634399
6904.7  0.9930436015129089
6907.3  0.9922834038734436
6909.9  0.9928673505783081
6912.5  0.9934960603713989
6915.1  0.9908583164215087
6917.7  0.9819864630699157
6920.3  0.9673315286636352
6922.9  0.9523606896400451
6925.5  0.9448650479316711
6928.1  0.9486852288246154
6930.7  0.9605383276939392
6933.3  0.9739525914192199
6935.9  0.9845820069313049
6938.5  0.9907050728797912
6941.1  0.9906588792800903
6943.7  0.9822394251823425
6946.3  0.9654867649078369
6948.9  0.9459132552146911
6951.5  0.9331486821174621
6954.1  0.9341168403625488
6956.7  0.9474709630012512
6959.3  0.9655670523643493
6961.9  0.9808951020240783
6964.5  0.9901051521301269
6967.1  0.9936600923538208
6969.7  0.9935178160667419
6972.3  0.9915002584457397
6974.9  0.9892393350601196
6977.5  0.9885780215263366
6980.1  0.9909597635269165
6982.7  0.9959044456481933
6985.3  1.000596165657044
6987.9  1.001863121986389
6990.5  0.9986805915832519
6993.1  0.9920169711112976
6995.7  0.9819490313529968
6998.3  0.966675579547882
7000.9  0.9463686347007751
7003.5  0.9272132515907287
7006.1  0.918149709701538
7008.7  0.9218838810920715
7011.3  0.9316722750663757
7013.9  0.9387558698654174
7016.5  0.9403119087219238
7019.1  0.9389824271202087
7021.7  0.9386702179908752
7024.3  0.942725658416748
7026.9  0.9526383876800537
7029.5  0.9661768078804016
7032.1  0.9785752296447753
7034.7  0.9865286946296691
7037.3  0.990073800086975
7039.9  0.9910614490509033
7042.5  0.9910152554512023
7045.1  0.9904209971427917
7047.7  0.989046037197113
7050.3  0.9863021969795227
7052.9  0.9815139174461364
7055.5  0.9747552275657653
7058.1  0.9679648280143737
7060.7  0.9643943309783935
7063.3  0.9660792350769042
7065.9  0.9723972678184509
7068.5  0.9811903238296508
7071.1  0.9899983406066894
7073.7  0.9961146712303161
7076.3  0.9972460269927978
7078.9  0.9932085871696472
7081.5  0.9866787791252136
7084.1  0.9815331697463989
7086.7  0.9798688292503356
7089.3  0.9807619452476501
7091.9  0.9821447134017944
7094.5  0.9832205176353454
7097.1  0.9843983650207519
7099.7  0.9856624603271484
7102.3  0.9861946105957031
7104.9  0.9854020476341247
7107.5  0.9834277033805847
7110.1  0.98069828748703
7112.7  0.9777897596359252
7115.3  0.9757046699523925
7117.9  0.9753900170326232
7120.5  0.9765956997871398
7123.1  0.9778240919113159
7125.7  0.977862536907196
7128.3  0.977185845375061
7130.9  0.9775818586349487
7133.5  0.980453073978424
7136.1  0.985456109046936
7138.7  0.9904634952545166
7141.3  0.9924612045288085
7143.9  0.9889797568321228
7146.5  0.9801058173179626
7149.1  0.9695498943328857
7151.7  0.9619410634040832
7154.3  0.9569016695022583
7156.9  0.9473801851272583
7159.5  0.9277688860893249
7162.1  0.9040597677230834
7164.7  0.8914403915405273
7167.3  0.8987547159194946
7169.9  0.9185462594032287
7172.5  0.9357853531837463
7175.1  0.9434741139411926
7177.7  0.946023404598236
7180.3  0.9498428106307983
7182.9  0.9551700353622436
7185.5  0.9575716853141784
7188.1  0.9545166492462158
7190.7  0.9487417340278625
7193.3  0.9457274675369262
7195.9  0.9484760165214538
7198.5  0.9551201462745666
7201.1  0.9613367915153503
7203.7  0.9642040729522705
7206.3  0.9636641144752502
7208.9  0.9616073369979858
7211.5  0.960525631904602
7214.1  0.9623079299926757
7216.7  0.9671399593353271
7219.3  0.9733155965805053
7221.9  0.9785521030426025
7224.5  0.9813287854194641
7227.1  0.9807476997375488
7229.7  0.9753081798553466
7232.3  0.9630305767059326
7234.9  0.9445723891258239
7237.5  0.9265787601470947
7240.1  0.919074535369873
7242.7  0.9265584349632263
7245.3  0.9429714083671569
7247.9  0.9576970338821411
7250.5  0.9649891853332519
7253.1  0.9661182165145874
7255.7  0.9649266004562377
7258.3  0.9638135433197021
7260.9  0.9630852937698364
7263.5  0.9624269604682922
7266.1  0.9622917771339416
7268.7  0.9635126590728759
7271.3  0.9658129811286926
7273.9  0.9677088260650634
7276.5  0.9677851796150207
7279.1  0.9651263952255249
7281.7  0.9589083194732666
7284.3  0.9493258595466613
7286.9  0.9395174384117126
7289.5  0.9346489906311035
7292.1  0.9372623562812805
7294.7  0.9444755911827087
7297.3  0.9512320160865783
7299.9  0.9553052186965942
7302.5  0.9578644037246704
7305.1  0.9605066180229187
7307.7  0.963673710823059
7310.3  0.96763676404953
7312.9  0.9731581807136535
7315.5  0.9802154302597045
7318.1  0.9867451190948486
7320.7  0.9891558289527893
7323.3  0.9841973185539245
7325.9  0.9714372158050537
7328.5  0.9553973078727722
7331.1  0.9442504048347473
7333.7  0.9437772035598754
7336.3  0.9521912336349487
7338.9  0.9623224139213562
7341.5  0.9686340689659118
7344.1  0.970866322517395
7346.7  0.9716467261314392
7349.3  0.9727302193641662
7351.9  0.9740801453590393
7354.5  0.9751251935958862
7357.1  0.9756941199302673
7359.7  0.9759906530380249
7362.3  0.9762290120124816
7364.9  0.9762966036796569
7367.5  0.9755773544311523
7370.1  0.9732835292816162
7372.7  0.9689143896102905
7375.3  0.9622524976730346
7377.9  0.953579843044281
7380.5  0.9448709487915039
7383.1  0.9400492310523986
7385.7  0.9421495795249938
7388.3  0.9500430822372436
7390.9  0.9591304659843444
7393.5  0.9652302861213684
7396.1  0.9673492312431335
7398.7  0.9674904346466064
7401.3  0.9685765504837036
7403.9  0.9722545146942138
7406.5  0.9781606197357177
7409.1  0.9847850799560546
7411.7  0.9904841184616088
7414.3  0.9939262866973876
7416.9  0.99463951587677
7419.5  0.9934659600257873
7422.1  0.9920161366462707
7424.7  0.9913261532783508
7427.3  0.9911449551582336
7429.9  0.990547776222229
7432.5  0.9889014959335327
7435.1  0.9860685467720031
7437.7  0.9819099903106689
7440.3  0.9761292338371276
7442.9  0.969067096710205
7445.5  0.9627538323402404
7448.1  0.9603478908538818
7450.7  0.9634541273117065
7453.3  0.9701323509216308
7455.9  0.9763500094413757
7458.5  0.9793313741683959
7461.1  0.9790862798690795
7463.7  0.9771443605422973
7466.3  0.9745919108390808
7468.9  0.9714893102645874
7471.5  0.9676306247711181
7474.1  0.9632274508476257
7476.7  0.9589201211929321
7479.3  0.9556267857551574
7481.9  0.9545149803161621
7484.5  0.9565194249153137
7487.1  0.9615139365196228
7489.7  0.9683740139007568
7492.3  0.9761746525764465
7494.9  0.9847840070724487
7497.5  0.9938733577728271
7500.1  1.001951575279236
7502.7  1.007170081138611
7505.3  1.008900046348572
7507.9  1.007972002029419
7510.5  1.0055330991745
7513.1  1.002045750617981
7515.7  0.9970847368240356
7518.3  0.9897241592407226
7520.9  0.9789762496948242
7523.5  0.9643356204032897
7526.1  0.9472121000289916
7528.7  0.9327837228775024
7531.3  0.9284564852714538
7533.9  0.9373206496238708
7536.5  0.9537512063980102
7539.1  0.9681548476219177
7541.7  0.9756897687911987
7544.3  0.9785202741622924
7546.9  0.9804621338844299
7549.5  0.9816465377807617
7552.1  0.9790183305740356
7554.7  0.9711416363716125
7557.3  0.961650788784027
7559.9  0.9571713209152221
7562.5  0.9612416625022888
7565.1  0.9711014628410339
7567.7  0.9809483289718627
7570.3  0.9870861172676086
7572.9  0.9891769886016845
7575.5  0.9880806803703308
7578.1  0.9838659167289733
7580.7  0.9757100939750671
7583.3  0.9626806378364562
7585.9  0.9429693818092346
7588.5  0.9102236628532409
7591.1  0.8524626493453979
7593.7  0.7614616751670837
7596.3  0.6471002101898193
7598.9  0.5379488468170166
7601.5  0.4635232985019684
7604.1  0.4382182061672211
7606.7  0.460967093706131
7609.3  0.5207815170288085
7611.9  0.597588300704956
7614.5  0.6630234122276306
7617.1  0.6877008080482482
7619.7  0.6548886895179748
7622.3  0.5747595429420471
7624.9  0.4842377305030823
7627.5  0.4236560463905335
7630.1  0.4104928970336914
7632.7  0.4378320574760437
7635.3  0.4884766042232513
7637.9  0.5428623557090759
7640.5  0.5855608582496643
7643.1  0.6174879670143127
7645.7  0.6560396552085876
7648.3  0.7144396305084228
7650.9  0.7848091125488281
7653.5  0.8463314771652221
7656.1  0.8852468729019165
7658.7  0.9030840992927551
7661.3  0.9096314311027526
7663.9  0.9122002720832824
7666.5  0.9100793004035949
7669.1  0.8971282839775085
7671.7  0.8715876340866088
7674.3  0.8457472324371337
7676.9  0.8412919044494628
7679.5  0.8696852326393127
7682.1  0.9196890592575073
7684.7  0.9683684110641479
7687.3  1.000792980194092
7689.9  1.016448497772217
7692.5  1.022087812423706
7695.1  1.023619651794434
7697.7  1.023218035697937
7700.3  1.020161509513855
7702.9  1.012840151786804
7705.5  1.000890612602234
7708.1  0.9865623116493225
7710.7  0.9743794798851013
7713.3  0.9686641097068786
7715.9  0.9708037972450256
7718.5  0.9785743951797485
7721.1  0.9878928661346435
7723.7  0.9953685998916625
7726.3  0.9996712803840637
7728.9  1.001264452934265
7731.5  1.001479625701904
7734.1  1.001662373542786
7736.7  1.00252628326416
7739.3  1.004021167755127
7741.9  1.005730152130127
7744.5  1.007345080375671
7747.1  1.008752584457398
7749.7  1.009864568710327
7752.3  1.010438680648804
7754.9  1.010158896446228
7757.5  1.008993625640869
7760.1  1.007298827171326
7762.7  1.00530743598938
7765.3  1.002380847930908
7767.9  0.997090995311737
7770.5  0.9884276986122131
7773.1  0.9773333072662353
7775.7  0.9673866033554077
7778.3  0.9638146758079528
7780.9  0.9705300331115722
7783.5  0.9866186380386352
7786.1  1.005977392196655
7788.7  1.021559000015259
7791.3  1.029984474182129
7793.9  1.032114744186401
7796.5  1.030641555786133
7799.1  1.028002381324768
7801.7  1.025643467903137
7804.3  1.024055123329163
7806.9  1.023165225982666
7809.5  1.022840857505798
7812.1  1.023027300834656
7814.7  1.023540735244751
7817.3  1.023833513259888
7819.9  1.02290940284729
7822.5  1.019288063049317
7825.1  1.011089324951172
7827.7  0.9970667958259582
7830.3  0.9789713025093078
7832.9  0.9629590511322021
7835.5  0.9564629197120666
7838.1  0.96193528175354
7840.7  0.9746797084808349
7843.3  0.987701416015625
7845.9  0.9973080158233642
7848.5  1.003661632537842
7851.1  1.008063316345215
7853.7  1.011012077331543
7856.3  1.01211416721344
7858.9  1.011043667793274
7861.5  1.008481979370117
7864.1  1.006036043167114
7866.7  1.005038976669312
7869.3  1.005732178688049
7871.9  1.00771689414978
7874.5  1.010731935501099
7877.1  1.014680862426758
7879.7  1.019251585006714
7882.3  1.023826718330383
7884.9  1.027660965919495
7887.5  1.030194520950317
7890.1  1.03145968914032
7892.7  1.032181620597839
7895.3  1.033179759979248
7897.9  1.034510970115662
7900.5  1.035288572311401
7903.1  1.034262299537659
7905.7  1.030367612838745
7908.3  1.022696137428284
7910.9  1.010727763175964
7913.5  0.9957473278045654
7916.1  0.9820576906204223
7918.7  0.9750114679336547
7921.3  0.9764184355735778
7923.9  0.9828389883041381
7926.5  0.9892728328704833
7929.1  0.9931838512420654
7931.7  0.9943940043449401
7934.3  0.9932060241699218
7936.9  0.9903152585029602
7939.5  0.9876596927642822
7942.1  0.98771733045578
7944.7  0.9914097189903259
7947.3  0.9971821904182434
7949.9  1.002494096755982
7952.5  1.005977153778076
7955.1  1.007797360420227
7957.7  1.00853443145752
7960.3  1.008707046508789
7962.9  1.009082913398743
7965.5  1.01024329662323
7968.1  1.011762499809265
7970.7  1.01270580291748
7973.3  1.013088703155518
7975.9  1.014334797859192
7978.5  1.018107414245606
7981.1  1.024712204933167
7983.7  1.032372236251831
7986.3  1.037690877914429
7988.9  1.036782622337341
7991.5  1.027088642120361
7994.1  1.010158538818359
7996.7  0.99326753616333
7999.3  0.9858685135841369
8001.9  0.9919521212577819
8004.5  1.006568670272827
8007.1  1.020994186401367
8009.7  1.030112624168396
8012.3  1.034180760383606
8014.9  1.035563468933105
8017.5  1.035652875900269
8020.1  1.034463167190552
8022.7  1.031718254089356
8025.3  1.027541041374207
8027.9  1.022324681282043
8030.5  1.016413927078247
8033.1  1.010122179985046
8035.7  1.003571510314942
8038.3  0.9964581727981567
8040.9  0.9888191223144531
8043.5  0.9824665188789367
8046.1  0.9804869294166564
8048.7  0.9843150973320007
8051.3  0.9920560121536254
8053.9  1.000243902206421
8056.5  1.006473183631897
8059.1  1.010199904441834
8061.7  1.012179970741272
8064.3  1.013455629348755
8066.9  1.014245629310608
8069.5  1.013915896415711
8072.1  1.012365341186523
8074.7  1.010647296905518
8077.3  1.009490847587586
8079.9  1.008088827133179
8082.5  1.004909753799439
8085.1  0.9991326928138732
8087.7  0.9915230870246887
8090.3  0.9851556420326232
8092.9  0.9844527244567871
8095.5  0.991237461566925
8098.1  1.002026081085205
8100.7  1.011050701141358
8103.3  1.015617251396179
8105.9  1.017420768737793
8108.5  1.019384741783142
8111.1  1.022506594657898
8113.7  1.025768399238587
8116.3  1.027999758720398
8118.9  1.028955817222595
8121.5  1.028932332992554
8124.1  1.028251051902771
8126.7  1.027215123176575
8129.3  1.025736212730408
8131.9  1.022541046142578
8134.5  1.015368700027466
8137.1  1.002967357635498
8139.7  0.9873533844947814
8142.3  0.9735368490219116
8144.9  0.9662957191467285
8147.5  0.9672676920890808
8150.1  0.9748510718345642
8152.7  0.985641062259674
8155.3  0.9956852793693542
8157.9  1.001769661903381
8160.5  1.002816915512085
8163.1  1.000395178794861
8165.7  0.997673749923706
8168.3  0.9973204135894775
8170.9  0.9998515248298645
8173.5  1.003696918487549
8176.1  1.00674831867218
8178.7  1.007928371429443
8181.3  1.007768988609314
8183.9  1.007780075073242
8186.5  1.009204387664795
8189.1  1.012309193611145
8191.7  1.016681909561157
8194.3  1.021722078323364
8196.9  1.026597499847412
8199.5  1.02995228767395
8202.1  1.030005693435669
8204.7  1.025433421134949
8207.3  1.016899228096008
8209.9  1.00753116607666
8212.5  1.000731348991394
8215.1  0.9973695278167724
8217.7  0.9961277842521667
8220.3  0.996222972869873
8222.9  0.9982338547706604
8225.5  1.002497434616089
8228.1  1.008292198181152
8230.7  1.014584541320801
8233.3  1.020469665527344
8235.9  1.024904489517212
8238.5  1.026696801185608
8241.1  1.025167346000671
8243.7  1.020823955535889
8246.3  1.015056014060974
8248.9  1.009051203727722
8251.5  1.003427267074585
8254.1  0.9988661408424377
8256.7  0.9961190819740295
8259.3  0.9950878620147705
8261.9  0.9949874877929687
8264.5  0.9955546855926513
8267.1  0.9969362020492553
8269.7  0.9986172318458557
8272.3  0.9997618794441223
8274.9  1.000253796577454
8277.5  1.000513195991516
8280.1  1.000818610191345
8282.7  1.001299023628235
8285.3  1.001915097236633
8287.9  1.002129077911377
8290.5  1.001274466514587
8293.1  0.9994548559188842
8295.7  0.9974592924118041
8298.3  0.9959904551506042
8300.9  0.9957040548324584
8303.5  0.9976534843444824
8306.1  1.00253701210022
8308.7  1.00938093662262
8311.3  1.015561580657959
8313.9  1.018373608589172
8316.5  1.016385078430176
8319.1  1.009491801261902
8321.7  0.9976050853729248
8324.3  0.9796521663665771
8326.9  0.9559895992279052
8329.5  0.9332926273345947
8332.1  0.9237204194068908
8334.7  0.9346393346786499
8337.3  0.9604647755622863
8339.9  0.9881457686424255
8342.5  1.008858561515808
8345.1  1.02168345451355
8347.7  1.028861880302429
8350.3  1.031441211700439
8352.9  1.028925538063049
8355.5  1.02031135559082
8358.1  1.004950165748596
8360.7  0.9846775531768798
8363.3  0.9664766192436218
8365.9  0.9604771733283996
8368.5  0.9715850353240966
8371.1  0.9938034415245056
8373.7  1.015215754508972
8376.3  1.027622580528259
8378.9  1.03041422367096
8381.5  1.027563810348511
8384.1  1.023106813430786
8386.7  1.018479943275452
8389.3  1.012689590454102
8391.9  1.005101561546326
8394.5  0.9983357787132263
8397.1  0.9970411658287048
8399.7  1.002792000770569
8402.3  1.011329650878906
8404.9  1.016317367553711
8407.5  1.01510214805603
8410.1  1.010080218315125
8412.7  1.005292534828186
8415.3  1.002669930458069
8417.9  1.001888990402222
8420.5  1.003317832946777
8423.1  1.009229421615601
8425.7  1.02082622051239
8428.3  1.035260081291199
8430.9  1.04720401763916
8433.5  1.052888631820679
8436.1  1.051717400550842
8438.7  1.044979095458984
8441.3  1.035011172294617
8443.9  1.025827884674072
8446.5  1.022242426872253
8449.1  1.026284456253052
8451.7  1.035252928733826
8454.3  1.044494509696961
8456.9  1.051133155822754
8459.5  1.054350256919861
8462.1  1.053874611854553
8464.7  1.050037264823914
8467.3  1.044660210609436
8469.9  1.040333867073059
8472.5  1.038460373878479
8475.1  1.038418769836426
8477.7  1.038485050201416
8480.3  1.037225008010864
8482.9  1.033746480941773
8485.5  1.026631236076355
8488.1  1.0125572681427
8490.7  0.9873692393302917
8493.3  0.951837420463562
8495.9  0.9175942540168762
8498.5  0.9027233123779296
8501.1  0.9164598584175109
8503.7  0.949697732925415
8506.3  0.983487069606781
8508.9  1.004908084869385
8511.5  1.013446688652039
8514.1  1.015810012817383
8516.7  1.017899870872498
8519.3  1.020933985710144
8521.9  1.022726178169251
8524.5  1.02077853679657
8527.1  1.012968301773071
8529.7  0.9943438172340393
8532.3  0.9529749751091003
8534.9  0.8708903193473815
8537.5  0.7350066304206848
8540.1  0.553349494934082
8542.7  0.3599173128604889
8545.3  0.1969926804304123
8547.9  0.08890630304813385
8550.5  0.032591313123703
8553.1  0.009594989009201526
8555.7  0.002246410585939884
8558.3  4.109656438231468E-4
8560.9  5.307654282660223E-5
8563.5  0.
8566.1  0.
8568.7  0.
8571.3  0.
8573.9  0.
8576.5  0.
8579.1  0.
8581.7  0.
8584.3  0.
8586.9  0.
8589.5  0.
8592.1  0.
8594.7  0.
8597.3  0.
8599.9  0.
8602.5  0.
8605.1  0.
8607.7  0.
8610.3  0.
8612.9  0.
8615.5  0.
8618.1  0.
8620.7  0.
8623.3  0.
8625.9  0.
8628.5  0.
8631.1  0.
8633.7  0.
8636.3  0.
8638.9  0.
8641.5  1.530203735455871E-5
8644.1  1.596450892975554E-4
8646.7  9.633880108594894E-4
8649.3  0.004490592516958714
8651.9  0.01674855686724186
8654.5  0.05054652690887451
8657.1  0.1245734691619873
8659.7  0.2535431385040283
8662.3  0.4325967729091644
8664.9  0.6312344074249267
8667.5  0.8080131411552429
8670.1  0.9347877502441406
8672.7  1.008105754852295
8675.3  1.041730284690857
8677.9  1.053092956542969
8680.5  1.055297613143921
8683.1  1.055600762367249
8685.7  1.056887030601501
8688.3  1.059627652168274
8690.9  1.06298840045929
8693.5  1.065240502357483
8696.1  1.064869046211243
8698.7  1.062168598175049
8701.3  1.059409260749817
8703.9  1.058864951133728
8706.5  1.060690760612488
8709.1  1.063027143478394
8711.7  1.064051985740662
8714.3  1.063482046127319
8716.9  1.062096238136292
8719.5  1.060460686683655
8722.1  1.058619260787964
8724.7  1.056678175926209
8727.3  1.054962038993836
8729.9  1.053467392921448
8732.5  1.051661491394043
8735.1  1.049141645431519
8737.7  1.046269416809082
8740.3  1.044005036354065
8742.9  1.043172955513001
8745.5  1.043836355209351
8748.1  1.045392036437988
8750.7  1.047357201576233
8753.3  1.049830317497253
8755.9  1.052941560745239
8758.5  1.055870771408081
8761.1  1.056536793708801
8763.7  1.051871299743652
8766.3  1.038987040519714
8768.9  1.018392562866211
8771.5  0.9973332285881042
8774.1  0.9869879484176635
8776.7  0.9928991198539733
8779.3  1.009570598602295
8781.9  1.026908993721008
8784.5  1.039986371994019
8787.1  1.050454378128052
8789.7  1.060958385467529
8792.3  1.071198582649231
8794.9  1.078741431236267
8797.5  1.081435084342957
8800.1  1.078731894493103
8802.7  1.072117924690247
8805.3  1.064919829368591
8807.9  1.060849547386169
8810.5  1.061585426330566
8813.1  1.065775632858276
8815.7  1.070591568946838
8818.3  1.074046730995178
8820.9  1.075852394104004
8823.5  1.076584100723267
8826.1  1.076473832130432
8828.7  1.075100064277649
8831.3  1.07200825214386
8833.9  1.067261695861816
8836.5  1.060965538024902
8839.1  1.05256450176239
8841.7  1.041901350021362
8844.3  1.031569361686707
8846.9  1.026527643203735
8849.5  1.029525637626648
8852.1  1.0377037525177
8854.7  1.045195698738098
8857.3  1.048449873924255
8859.9  1.048243522644043
8862.5  1.047658205032349
8865.1  1.049249172210693
8867.7  1.053640484809875
8870.3  1.05971372127533
8872.9  1.065694093704224
8875.5  1.07030725479126
8878.1  1.073235988616943
8880.7  1.074833512306213
8883.3  1.075568318367004
8885.9  1.075701713562012
8888.5  1.075331449508667
8891.1  1.074639916419983
8893.7  1.073917388916016
8896.3  1.073228716850281
8898.9  1.072123527526856
8901.5  1.069851517677307
8904.1  1.065984010696411
8906.7  1.060856580734253
8909.3  1.055571556091309
8911.9  1.051612019538879
8914.5  1.050023913383484
8917.1  1.050017118453979
8919.7  1.04849910736084
8922.3  1.042915344238281
8924.9  1.035602688789368
8927.5  1.033180952072144
8930.1  1.0394686460495
8932.7  1.050459980964661
8935.3  1.058358550071716
8937.9  1.059552073478699
8940.5  1.057152509689331
8943.1  1.056585192680359
8945.7  1.06013011932373
8948.3  1.065579533576965
8950.9  1.068853735923767
8953.5  1.067020893096924
8956.1  1.059683322906494
8958.7  1.049104571342468
8961.3  1.039542198181152
8963.9  1.0351402759552
8966.5  1.037037014961243
8969.1  1.042580962181091
8971.7  1.047872424125671
8974.3  1.050790667533875
8976.9  1.051576375961304
8979.5  1.051257371902466
8982.1  1.049952268600464
8984.7  1.046943664550781
8987.3  1.042523384094238
8989.9  1.038884401321411
8992.5  1.038290619850159
8995.1  1.040647983551026
8997.7  1.043487787246704
9000.3  1.043972373008728
9002.9  1.04062557220459
9005.5  1.034127593040466
9008.1  1.027294635772705
9010.7  1.023151874542236
9013.3  1.02174711227417
9015.9  1.018595457077026
9018.5  1.007360696792603
9021.1  0.986548364162445
9023.7  0.9651831984519958
9026.3  0.9588328599929809
9028.9  0.9758018851280212
9031.5  1.008548617362976
9034.1  1.041267156600952
9036.7  1.063286542892456
9039.3  1.07325541973114
9041.9  1.074645400047302
9044.5  1.071552038192749
9047.1  1.067562699317932
9049.7  1.064850568771362
9052.3  1.062333464622498
9054.9  1.055972933769226
9057.5  1.043372750282288
9060.1  1.028915166854858
9062.7  1.021833658218384
9065.3  1.027288675308228
9067.9  1.040927648544312
9070.5  1.053598403930664
9073.1  1.059335470199585
9075.7  1.057780146598816
9078.3  1.050873160362244
9080.9  1.039376258850098
9083.5  1.02371621131897
9086.1  1.008195281028748
9088.7  1.00140130519867
9091.3  1.00946831703186
9093.9  1.029801845550537
9096.5  1.052857160568237
9099.1  1.068690061569214
9101.7  1.071155071258545
9104.3  1.058598041534424
9106.9  1.033998131752014
9109.5  1.005595088005066
9112.1  0.9849981665611267
9114.7  0.9809951782226562
9117.3  0.9937467575073242
9119.9  1.014868855476379
9122.5  1.033167123794556
9125.1  1.041400790214539
9127.7  1.039934396743774
9130.3  1.03515100479126
9132.9  1.033948540687561
9135.5  1.038840532302856
9138.1  1.047501683235168
9140.7  1.055898904800415
9143.3  1.060909986495972
9145.9  1.060846209526062
9148.5  1.055537819862366
9151.1  1.047172784805298
9153.7  1.040120244026184
9156.3  1.038108944892883
9158.9  1.040776968002319
9161.5  1.043395757675171
9164.1  1.039689421653748
9166.7  1.024966716766358
9169.3  0.9994981288909912
9171.9  0.971871793270111
9174.5  0.956249713897705
9177.1  0.9610549807548522
9179.7  0.9807450771331787
9182.3  1.001884698867798
9184.9  1.015682339668274
9187.5  1.022250294685364
9190.1  1.025859832763672
9192.7  1.029927372932434
9195.3  1.035540103912354
9197.9  1.04200553894043
9200.5  1.047958374023437
9203.1  1.052269577980042
9205.7  1.054412364959717
9208.3  1.054702997207642
9210.9  1.054170608520508
9213.5  1.053820848464966
9216.1  1.05393373966217
9218.7  1.053869485855103
9221.3  1.052376389503479
9223.9  1.048621535301209
9226.5  1.043355703353882
9229.1  1.038439273834229
9231.7  1.034807324409485
9234.3  1.031811833381653
9236.9  1.029020547866821
9239.5  1.027430415153503
9242.1  1.028087735176086
9244.7  1.030585169792175
9247.3  1.033802509307861
9249.9  1.037332057952881
9252.5  1.041393756866455
9255.1  1.045901536941528
9257.7  1.050365567207336
9260.3  1.054508686065674
9262.9  1.05824077129364
9265.5  1.060898542404175
9268.1  1.061224937438965
9270.7  1.05866003036499
9273.3  1.054373621940613
9275.9  1.050588250160217
9278.5  1.048803806304932
9281.1  1.048632264137268
9283.7  1.048554182052612
9286.3  1.048007369041443
9288.9  1.048098921775818
9291.5  1.049651861190796
9294.1  1.050972104072571
9296.7  1.047887206077576
9299.3  1.035377502441406
9301.9  1.010107517242432
9304.5  0.9741846323013305
9307.1  0.9370133280754089
9309.7  0.910075306892395
9312.3  0.8976299166679382
9314.9  0.8938638567924499
9317.5  0.8896816968917846
9320.1  0.8815047740936279
9322.7  0.875397503376007
9325.3  0.8831837773323059
9327.9  0.9107277393341064
9330.5  0.9491040706634521
9333.1  0.979985773563385
9335.7  0.9889820218086242
9338.3  0.9728449583053588
9340.9  0.9387319087982177
9343.5  0.8992193937301635
9346.1  0.8633270263671875
9348.7  0.8293908834457397
9351.3  0.7911679744720458
9353.9  0.7519835233688354
9356.5  0.7259166836738586
9359.1  0.7223141193389892
9361.7  0.7341527342796325
9364.3  0.7466318607330322
9366.9  0.7555058002471923
9369.5  0.7708001136779785
9372.1  0.8012541532516479
9374.7  0.8413885831832885
9377.3  0.877525508403778
9379.9  0.9029105305671691
9382.5  0.9226965308189392
9385.1  0.9453416466712951
9387.7  0.9733988642692565
9390.3  1.002130389213562
9392.9  1.023720979690552
9395.5  1.031642913818359
9398.1  1.022825241088867
9400.7  0.9984713792800903
9403.3  0.9639432430267333
9405.9  0.9273294210433959
9408.5  0.897560179233551
9411.1  0.883946418762207
9413.7  0.8938940167427062
9416.3  0.9258943796157836
9418.9  0.9662196040153503
9421.5  0.9979321360588073
9424.1  1.013659000396729
9426.7  1.017885088920593
9429.3  1.018446445465088
9431.9  1.018303632736206
9434.5  1.015411615371704
9437.1  1.008111953735352
9439.7  0.9985504150390625
9442.3  0.9909380078315734
9444.9  0.9871219396591186
9447.5  0.9836295843124389
9450.1  0.9714789390563964
9452.7  0.939878761768341
9455.3  0.8831950426101684
9457.9  0.8081586360931396
9460.5  0.7358537912368774
9463.1  0.6942305564880371
9465.7  0.7028278112411499
9468.3  0.7593339085578918
9470.9  0.8400806784629821
9473.5  0.915938913822174
9476.1  0.9690029025077819
9478.7  0.9964194893836975
9481.3  1.004050731658936
9483.9  0.9997590780258178
9486.5  0.9895475506782531
9489.1  0.9756504297256469
9491.7  0.9562139511108398
9494.3  0.9282796382904052
9496.9  0.8937066197395324
9499.5  0.8647283911705017
9502.1  0.8599249124526977
9504.7  0.8876577019691467
9507.3  0.9333744049072265
9509.9  0.9680087566375732
9512.5  0.9687196612358093
9515.1  0.9314440488815307
9517.7  0.8705008625984191
9520.3  0.8120099902153015
9522.9  0.7835769057273864
9525.5  0.8000890612602233
9528.1  0.8533613085746765
9530.7  0.9168930649757385
9533.3  0.9635867476463317
9535.9  0.9802095890045166
9538.5  0.9687377214431762
9541.1  0.940819501876831
9543.7  0.9125911593437194
9546.3  0.8983141779899597
9548.9  0.9025448560714721
9551.5  0.9183162450790405
9554.1  0.9344971179962158
9556.7  0.9428479671478271
9559.3  0.9388224482536315
9561.9  0.9228127598762512
9564.5  0.9045340418815612
9567.1  0.8995829224586486
9569.7  0.9149543046951293
9572.3  0.9410721659660339
9574.9  0.9627482295036315
9577.5  0.974251389503479
9580.1  0.9794636368751525
9582.7  0.9815661907196044
9585.3  0.979207694530487
9587.9  0.9722043275833129
9590.5  0.9653505086898803
9593.1  0.9639784097671508
9595.7  0.9682798981666564
9598.3  0.9731456041336059
9600.9  0.9707089662551879
9603.5  0.9502691030502319
9606.1  0.8984025120735168
9608.7  0.8082726597785949
9611.3  0.6968098282814025
9613.9  0.608112096786499
9616.5  0.585236370563507
9619.1  0.6341238021850585
9621.7  0.7224535346031188
9624.3  0.8121074438095092
9626.9  0.8838822245597839
9629.5  0.9354837536811828
9632.1  0.9704055190086364
9634.7  0.9932241439819335
9637.3  1.00834584236145
9639.9  1.017783284187317
9642.5  1.021458148956299
9645.1  1.020968556404114
9647.7  1.020882844924927
9650.3  1.024790048599243
9652.9  1.031531810760498
9655.5  1.036879539489746
9658.1  1.037685513496399
9660.7  1.033429145812988
9663.3  1.025230050086975
9665.9  1.015230774879456
9668.5  1.006812810897827
9671.1  1.003543734550476
9673.7  1.006465673446655
9676.3  1.01289165019989
9678.9  1.018709301948547
9681.5  1.02148425579071
9684.1  1.021299600601196
9686.7  1.01978325843811
9689.3  1.018582105636597
9691.9  1.017800807952881
9694.5  1.015995740890503
9697.1  1.012592315673828
9699.7  1.009989142417908
9702.3  1.011798739433289
9704.9  1.01869785785675
9707.5  1.027160406112671
9710.1  1.03282105922699
9712.7  1.034069299697876
9715.3  1.032065272331238
9717.9  1.028505802154541
9720.5  1.024269580841064
9723.1  1.019462704658508
9725.7  1.013660311698914
9728.3  1.005390405654907
9730.9  0.9915505051612854
9733.5  0.9682044982910156
9736.1  0.9342218041419982
9738.7  0.8959591388702392
9741.3  0.8676981329917907
9743.9  0.8634657859802246
9746.5  0.8847047090530395
9749.1  0.9175531268119812
9751.7  0.9445905685424804
9754.3  0.9555765986442565
9756.9  0.9426017999649047
9759.5  0.8906760215759277
9762.1  0.785547137260437
9764.7  0.6390666961669921
9767.3  0.5030113458633422
9769.9  0.4436956644058228
9772.5  0.4916204512119293
9775.1  0.6163268685340881
9777.7  0.7543103098869323
9780.3  0.8586809039115905
9782.9  0.9207921624183654
9785.5  0.9547004103660583
9788.1  0.9740912318229675
9790.7  0.9842416048049926
9793.3  0.9859443306922912
9795.9  0.9806582331657409
9798.5  0.97242933511734
9801.1  0.9668363332748413
9803.7  0.9678695201873779
9806.3  0.9754112362861633
9808.9  0.9856771230697631
9811.5  0.9942686557769775
9814.1  0.998922049999237
9816.7  0.999771237373352
9819.3  0.9977776408195495
9821.9  0.9937315583229064
9824.5  0.988766610622406
9827.1  0.9849984645843505
9829.7  0.9848477840423583
9832.3  0.9894095659255981
9834.9  0.9973561763763427
9837.5  1.005404949188233
9840.1  1.010082602500916
9842.7  1.009567499160767
9845.3  1.004588961601257
9847.9  0.9979208111763
9850.5  0.992630660533905
9853.1  0.9902036786079406
9855.7  0.9900239706039428
9858.3  0.9904615879058837
9860.9  0.9903472065925598
9863.5  0.989480435848236
9866.1  0.9881492853164672
9868.7  0.9865769743919372
9871.3  0.9848150610923767
9873.9  0.9828059077262878
9876.5  0.9803804755210876
9879.1  0.9773914813995361
9881.7  0.9738793969154357
9884.3  0.9700797796249389
9886.9  0.9666551351547241
9889.5  0.9650351405143737
9892.1  0.9667277932167053
9894.7  0.9717535972595214
9897.3  0.9782686829566955
9899.9  0.9839891791343688
9902.5  0.9874664545059204
9905.1  0.9879713654518127
9907.7  0.9843359589576721
9910.3  0.9729238748550415
9912.9  0.9441819190979003
9915.5  0.8808252811431884
9918.1  0.7660105228424072
9920.7  0.6037455201148986
9923.3  0.4346476197242737
9925.9  0.3233287334442139
9928.5  0.3192631900310516
9931.1  0.4227790236473084
9933.7  0.5852724909782409
9936.3  0.7430558800697326
9938.9  0.8556763529777526
9941.5  0.918308138847351
9944.1  0.9469065070152282
9946.7  0.9590584635734558
9949.3  0.9661248326301574
9951.9  0.9737650156021118
9954.5  0.9833450317382812
9957.1  0.9928216338157653
9959.7  0.9985702037811279
9962.3  0.9981576204299926
9964.9  0.9924578070640563
9967.5  0.984898030757904
9970.1  0.9783849120140075
9972.7  0.9733279943466186
9975.3  0.9687868952751159
9977.9  0.964468240737915
9980.5  0.9606252312660217
9983.1  0.9557248950004577
9985.7  0.9438694715499877
9988.3  0.9129452109336853
9990.9  0.8454400897026062
9993.5  0.7265125513076782
9996.1  0.5591201782226562
