3501.3  0.1797309815883637
3503.9  0.2317403256893158
3506.5  0.2668933570384979
3509.1  0.2851992845535278
3511.7  0.2926349639892578
3514.3  0.2952373623847961
3516.9  0.2962832450866699
3519.5  0.29685178399086
3522.1  0.297302782535553
3524.7  0.2979649007320404
3527.3  0.2990165054798126
3529.9  0.3003023862838745
3532.5  0.3015591502189636
3535.1  0.3027055561542511
3537.7  0.3038160502910614
3540.3  0.3049058020114899
3542.9  0.3058579564094544
3545.5  0.3065097630023956
3548.1  0.3067350387573242
3550.7  0.3065163195133209
3553.3  0.3060049712657929
3555.9  0.3053988516330719
3558.5  0.3046506345272064
3561.1  0.30340775847435
3563.7  0.3014154732227325
3566.3  0.2989539206027985
3568.9  0.2967670857906342
3571.5  0.2955410182476044
3574.1  0.2954013645648956
3576.7  0.2958075404167175
3579.3  0.29595947265625
3581.9  0.2954986989498138
3584.5  0.2949056625366211
3587.1  0.2951054871082306
3589.7  0.2965891659259796
3592.3  0.2989294528961182
3594.9  0.3011071085929871
3597.5  0.3022243976593018
3600.1  0.3020244538784027
3602.7  0.3009659647941589
3605.3  0.2998773753643036
3607.9  0.2994263172149658
3610.5  0.2997796535491943
3613.1  0.3006591498851776
3615.7  0.3016679584980011
3618.3  0.3025915324687958
3620.9  0.3034076392650604
3623.5  0.3040620088577271
3626.1  0.3044191598892212
3628.7  0.3045598864555359
3631.3  0.3049216568470001
3633.9  0.305846244096756
3636.5  0.3070642352104187
3639.1  0.3079137802124023
3641.7  0.3080768883228302
3644.3  0.3079153895378113
3646.9  0.3080958425998688
3649.5  0.3089932799339294
3652.1  0.3104149103164673
3654.7  0.3118234574794769
3657.3  0.3128437697887421
3659.9  0.3135599792003632
3662.5  0.3142943382263184
3665.1  0.3151413798332214
3667.7  0.3157659769058228
3670.3  0.3156416714191437
3672.9  0.3145182132720947
3675.5  0.3127306699752808
3678.1  0.3110608160495758
3680.7  0.3102678060531616
3683.3  0.3107635378837586
3685.9  0.3126202821731567
3688.5  0.3156304955482483
3691.1  0.3193199932575226
3693.7  0.3230682909488678
3696.3  0.3262819349765778
3698.9  0.3285564780235291
3701.5  0.3299533724784851
3704.1  0.331215888261795
3706.7  0.3335610628128052
3709.3  0.3381071388721466
3711.9  0.3449724018573761
3714.5  0.3525940477848053
3717.1  0.3590449690818787
3719.7  0.3648207783699036
3722.3  0.3724055886268616
3724.9  0.3815551102161408
3727.5  0.3876274228096008
3730.1  0.3877290785312653
3732.7  0.3868253231048584
3735.3  0.393501877784729
3737.9  0.4089196622371674
3740.5  0.423146665096283
3743.1  0.4248806536197662
3745.7  0.4143456518650055
3748.3  0.4051393866539002
3750.9  0.4126581847667694
3753.5  0.4403840899467468
3756.1  0.4766290783882141
3758.7  0.5031202435493469
3761.3  0.5067672133445739
3763.9  0.4869844019412994
3766.5  0.4567331075668335
3769.1  0.4370934069156647
3771.7  0.4461495876312256
3774.3  0.4880414009094238
3776.9  0.5504400134086608
3779.5  0.6120592355728149
3782.1  0.653328001499176
3784.7  0.6629512310028076
3787.3  0.6391335725784301
3789.9  0.5888072848320007
3792.5  0.5272520780563354
3795.1  0.4761435091495514
3797.7  0.4565388262271881
3800.3  0.4785745143890381
3802.9  0.5358968377113342
3805.5  0.6102405786514282
3808.1  0.6820794939994812
3810.7  0.738699734210968
3813.3  0.7752890586853027
3815.9  0.7910168170928955
3818.5  0.7850237488746643
3821.1  0.7558495998382568
3823.7  0.7038115859031677
3826.3  0.633640706539154
3828.9  0.5560911297798156
3831.5  0.4880791902542114
3834.1  0.449193149805069
3836.7  0.4535075128078461
3839.3  0.5015445351600646
3841.9  0.5797293186187744
3844.5  0.6681556701660156
3847.1  0.7498704195022583
3849.7  0.8154912590980529
3852.3  0.8629217743873596
3854.9  0.8949292302131652
3857.5  0.9161580801010131
3860.1  0.9301880598068237
3862.7  0.9377863407135009
3865.3  0.9371474981307983
3867.9  0.9253674745559692
3870.5  0.8998327851295471
3873.1  0.8588600754737854
3875.7  0.8018020391464233
3878.3  0.7295712828636169
3880.9  0.6466261744499206
3883.5  0.5638025403022766
3886.1  0.4985217750072479
3888.7  0.4688285291194916
3891.3  0.4834578335285187
3893.9  0.5363030433654785
3896.5  0.6108565926551818
3899.1  0.6902967691421508
3901.7  0.7642446756362915
3904.3  0.8285322785377502
3906.9  0.8815919756889343
3909.5  0.9224418997764587
3912.1  0.9512646198272705
3914.7  0.9698876142501831
3917.3  0.9800395965576171
3919.9  0.9806856513023376
3922.5  0.9674410820007324
3925.1  0.9360765218734741
3927.7  0.8893593549728393
3930.3  0.8417644500732421
3932.9  0.814300537109375
3935.5  0.8197852969169616
3938.1  0.8520128726959228
3940.7  0.8909308910369873
3943.3  0.9179562926292419
3945.9  0.9254368543624877
3948.5  0.9144283533096313
3951.1  0.8878870606422424
3953.7  0.8467211723327636
3956.3  0.7898681163787841
3958.9  0.7166928648948669
3961.5  0.6307076215744018
3964.1  0.5432578921318054
3966.7  0.4736583530902863
3969.3  0.4423796832561493
3971.9  0.4598799347877502
3974.5  0.5201014280319213
3977.1  0.6047592759132385
3979.7  0.6942102313041687
3982.3  0.7755866050720214
3984.9  0.8438509106636047
3987.5  0.8984691500663757
3990.1  0.9402804970741271
3992.7  0.9705734252929687
3995.3  0.9914185404777526
3997.9  1.005635738372803
4000.5  1.016110777854919
4003.1  1.025155067443848
4005.7  1.034161806106567
4008.3  1.043474912643433
4010.9  1.05263876914978
4013.5  1.060798048973084
4016.1  1.066723704338074
4018.7  1.068895220756531
4021.3  1.066417932510376
4023.9  1.060153961181641
4026.5  1.05270791053772
4029.1  1.047160744667053
4031.7  1.045544862747192
4034.3  1.047732591629028
4036.9  1.051302790641785
4039.5  1.053035378456116
4042.1  1.051260948181152
4044.7  1.046783447265625
4047.3  1.041443467140198
4049.9  1.036246061325073
4052.5  1.031069993972778
4055.1  1.025368809700012
4057.7  1.018483519554138
4060.3  1.009822607040405
4062.9  0.9993870854377746
4065.5  0.9878100752830505
4068.1  0.9755515456199645
4070.7  0.9624461531639099
4073.3  0.9481709599494934
4075.9  0.9325032830238342
4078.5  0.9145981073379516
4081.1  0.8922139406204223
4083.7  0.8620029687881469
4086.3  0.8205690383911132
4088.9  0.7654824256896972
4091.5  0.6966106295585632
4094.1  0.6185582876205444
4096.7  0.5430051684379577
4099.3  0.4874316453933716
4101.9  0.4681220948696137
4104.5  0.4911092519760132
4107.1  0.5486122965812683
4109.7  0.6241405606269836
4112.3  0.7012820839881896
4114.9  0.7693032622337341
4117.5  0.8237379789352416
4120.1  0.8643909096717834
4122.7  0.8933103680610656
4125.3  0.9137701988220214
4127.9  0.9298192858695983
4130.5  0.9452139735221862
4133.1  0.9615712761878967
4135.7  0.9775192737579345
4138.3  0.9903136491775512
4140.9  0.9985853433609008
4143.5  1.003311157226563
4146.1  1.00629460811615
4148.7  1.008438587188721
4151.3  1.009815216064453
4153.9  1.010735988616943
4156.5  1.011946678161621
4159.1  1.013762950897217
4161.7  1.015337824821472
4164.3  1.014906525611878
4166.9  1.010989189147949
4169.5  1.003875017166138
4172.1  0.9961104989051818
4174.7  0.9911551475524902
4177.3  0.9911465048789978
4179.9  0.9957687258720397
4182.5  1.003020405769348
4185.1  1.010792136192322
4187.7  1.017654180526733
4190.3  1.022541642189026
4192.9  1.024570465087891
4195.5  1.023805022239685
4198.1  1.021910190582275
4200.7  1.021219611167908
4203.3  1.022818446159363
4205.9  1.025715589523315
4208.5  1.027933716773987
4211.1  1.028152346611023
4213.7  1.026232361793518
4216.3  1.02249801158905
4218.9  1.017141819000244
4221.5  1.010738492012024
4224.1  1.004904389381409
4226.7  1.001529216766357
4229.3  1.001172780990601
4231.9  1.002774477005005
4234.5  1.004860877990723
4237.1  1.006358742713928
4239.7  1.00644314289093
4242.3  1.004658102989197
4244.9  1.001567602157593
4247.5  0.9987044930458068
4250.1  0.9974347949028015
4252.7  0.9979782104492187
4255.3  0.9996769428253173
4257.9  1.00192403793335
4260.5  1.004337787628174
4263.1  1.006046772003174
4265.7  1.00570821762085
4268.3  1.0030357837677
4270.9  0.9998809695243835
4273.5  0.9987450242042541
4276.1  1.000043749809265
4278.7  1.001417994499207
4281.3  0.999854028224945
4283.9  0.9941250681877136
4286.5  0.9852967262268066
4289.1  0.9753890633583068
4291.7  0.9656726121902465
4294.3  0.9561725258827209
4296.9  0.9467896819114685
4299.5  0.9384678602218627
4302.1  0.9325425624847412
4304.7  0.9289220571517944
4307.3  0.9255905747413635
4309.9  0.9201680421829223
4312.5  0.9114431738853454
4315.1  0.8990020751953125
4317.7  0.881828486919403
4320.3  0.8580000400543212
4322.9  0.8256760835647583
4325.5  0.7836508750915527
4328.1  0.7310346961021423
4330.7  0.667900264263153
4333.3  0.5981850624084472
4335.9  0.5327038764953613
4338.5  0.4877326190471649
4341.1  0.4774113297462463
4343.7  0.5050211548805236
4346.3  0.5611153841018676
4348.9  0.6302063465118408
4351.5  0.6992566585540771
4354.1  0.7611394524574279
4356.7  0.8130913376808166
4359.3  0.8542767763137817
4361.9  0.8848498463630676
4364.5  0.9060620069503784
4367.1  0.9203138351440429
4369.7  0.9305588006973266
4372.3  0.9390548467636108
4374.9  0.9462316632270812
4377.5  0.9509190320968627
4380.1  0.9523152709007263
4382.7  0.9518384933471679
4385.3  0.9523798823356628
4387.9  0.9555437564849853
4390.5  0.9603902101516723
4393.1  0.9650868773460388
4395.7  0.9689281582832336
4398.3  0.9724122881889343
4400.9  0.9761140942573547
4403.5  0.9798722863197326
4406.1  0.9826468229293823
4408.7  0.9830691814422607
4411.3  0.9808086156845092
4413.9  0.9776884317398071
4416.5  0.9767764210700988
4419.1  0.9797523617744445
4421.7  0.985392153263092
4424.3  0.9908958673477172
4426.9  0.9942948818206787
4429.5  0.9953746199607849
4432.1  0.9948248267173767
4434.7  0.9930352568626403
4437.3  0.9898062348365783
4439.9  0.985173225402832
4442.5  0.9801809787750244
4445.1  0.9763082861900329
4447.7  0.9741215705871582
4450.3  0.9729646444320678
4452.9  0.9718894958496093
4455.5  0.9703423380851745
4458.1  0.968044638633728
4460.7  0.9648847579956054
4463.3  0.9612650275230407
4465.9  0.9582383036613464
4468.5  0.956686794757843
4471.1  0.9560159444808959
4473.7  0.9541579484939575
4476.3  0.9498045444488525
4478.9  0.9446136951446533
4481.5  0.9421601891517639
4484.1  0.9444066286087036
4486.7  0.9501023888587951
4489.3  0.9567416310310363
4491.9  0.9628718495368957
4494.5  0.9681649208068847
4497.1  0.9724822044372558
4499.7  0.9756276011466979
4502.3  0.9775174856185913
4504.9  0.9781566858291625
4507.5  0.9776062369346618
4510.1  0.976022720336914
4512.7  0.9736115336418151
4515.3  0.9706674218177795
4517.9  0.9676989316940307
4520.5  0.9652723670005798
4523.1  0.9636083245277404
4525.7  0.9625003933906555
4528.3  0.9618440866470336
4530.9  0.9621217846870422
4533.5  0.9639695286750793
4536.1  0.9670861959457397
4538.7  0.9697427749633789
4541.3  0.9696433544158935
4543.9  0.9655667543411254
4546.5  0.9585077166557312
4549.1  0.951382040977478
4551.7  0.947416067123413
4554.3  0.9484295845031738
4556.9  0.9541244506835937
4559.5  0.9624902009963989
4562.1  0.9708906412124633
4564.7  0.9772469401359558
4567.3  0.9806400537490844
4569.9  0.981144905090332
4572.5  0.9792701005935668
4575.1  0.9754675030708312
4577.7  0.9701428413391113
4580.3  0.964197039604187
4582.9  0.9593154788017272
4585.5  0.9572364091873168
4588.1  0.9585779309272766
4590.7  0.962486445903778
4593.3  0.9673617482185363
4595.9  0.9718230962753295
4598.5  0.9752228260040283
4601.1  0.977566659450531
4603.7  0.9790287017822265
4606.3  0.9794563651084899
4608.9  0.9783169031143188
4611.5  0.9752252101898193
4614.1  0.9706349372863769
4616.7  0.9659129381179809
4619.3  0.9624013900756835
4621.9  0.9602765440940856
4624.5  0.9585407376289367
4627.1  0.9562742114067077
4629.7  0.9536921381950378
4632.3  0.9518649578094482
4634.9  0.9515752792358398
4637.5  0.9525627493858337
4640.1  0.9538163542747497
4642.7  0.9545164108276367
4645.3  0.9546462297439575
4647.9  0.9547069668769836
4650.5  0.9550237655639648
4653.1  0.9554569125175476
4655.7  0.9555675983428955
4658.3  0.9548301696777343
4660.9  0.9529312252998352
4663.5  0.9502972364425659
4666.1  0.9482728838920593
4668.7  0.9483133554458618
4671.3  0.950785756111145
4673.9  0.9546828269958496
4676.5  0.9585538506507873
4679.1  0.9615892171859741
4681.7  0.963806927204132
4684.3  0.9655050039291381
4686.9  0.9668024182319641
4689.5  0.9676193594932556
4692.1  0.9678162932395935
4694.7  0.967312216758728
4697.3  0.9662837386131286
4699.9  0.9653676152229309
4702.5  0.9655147194862365
4705.1  0.9674152731895446
4707.7  0.9710116982460021
4710.3  0.9756145477294921
4712.9  0.9804455637931823
4715.5  0.9849700927734375
4718.1  0.9887798428535461
4720.7  0.9913806915283203
4723.3  0.9923123121261596
4725.9  0.9915657043457031
4728.5  0.9898423552513122
4731.1  0.9883051514625549
4733.7  0.9879818558692932
4736.3  0.9893034100532531
4738.9  0.9920522570610046
4741.5  0.9956004619598388
4744.1  0.9991852045059204
4746.7  1.002115607261658
4749.3  1.003874659538269
4751.9  1.004145741462708
4754.5  1.002837777137756
4757.1  1.00019645690918
4759.7  0.9969229698181152
4762.3  0.9940595030784606
4764.9  0.9925315380096435
4767.5  0.9926773905754089
4770.1  0.9941624402999877
4772.7  0.9962386488914489
4775.3  0.9980712532997131
4777.9  0.999070405960083
4780.5  0.9991761445999145
4783.1  0.9988596439361572
4785.7  0.9987871050834655
4788.3  0.9993610978126525
4790.9  1.000384092330933
4793.5  1.00108277797699
4796.1  1.000596284866333
4798.7  0.9986405968666076
4801.3  0.9958009123802185
4803.9  0.9931463599205017
4806.5  0.991438090801239
4809.1  0.9905928373336791
4811.7  0.989764392375946
4814.3  0.9878009557723999
4816.9  0.9837541580200195
4819.5  0.9774013757705688
4822.1  0.9694832563400268
4824.7  0.9611352086067199
4827.3  0.9528055191040039
4829.9  0.943790853023529
4832.5  0.9328213334083557
4835.1  0.9188110828399658
4837.7  0.9009005427360534
4840.3  0.8780493736267089
4842.9  0.8489050269126892
4845.5  0.8120234012603759
4848.1  0.7661439776420593
4850.7  0.7108581662178039
4853.3  0.6485299468040466
4855.9  0.5869055390357971
4858.5  0.5392908453941345
4861.1  0.519478440284729
4863.7  0.5337073802947998
4866.3  0.5765348076820373
4868.9  0.6346331238746643
4871.5  0.6947320103645324
4874.1  0.7488369941711425
4876.7  0.7942124605178833
4879.3  0.8307633399963378
4881.9  0.8591323494911193
4884.5  0.8804402351379394
4887.1  0.8966009616851806
4889.7  0.9099767208099365
4892.3  0.9223058223724365
4894.9  0.9339274168014526
4897.5  0.9441168308258056
4900.1  0.9521118998527526
4902.7  0.9577570557594299
4905.3  0.9613868594169616
4907.9  0.9634042978286743
4910.5  0.9639680385589599
4913.1  0.9629539251327514
4915.7  0.9604153037071228
4918.3  0.9573506116867065
4920.9  0.9557395577430725
4923.5  0.9571980834007263
4926.1  0.9614323377609252
4928.7  0.9664233326911926
4931.3  0.970351219177246
4933.9  0.9730837345123291
4936.5  0.9757039546966552
4939.1  0.9790198802947998
4941.7  0.9827955961227416
4944.3  0.9860808849334716
4946.9  0.9878847002983093
4949.5  0.9877406954765319
4952.1  0.9861510396003723
4954.7  0.9845888018608093
4957.3  0.9846360087394714
4959.9  0.9867696166038513
4962.5  0.9900709390640258
4965.1  0.9932204484939575
4967.7  0.9955335855484008
4970.3  0.9968856573104858
4972.9  0.9970589280128479
4975.5  0.9957184195518493
4978.1  0.9931119084358215
4980.7  0.9904265403747558
4983.3  0.9891092181205749
4985.9  0.9897454380989074
4988.5  0.9916446805000305
4991.1  0.9934215545654296
4993.7  0.9938394427299499
4996.3  0.9923427700996398
4998.9  0.9892909526824951
5001.5  0.9858009815216064
5004.1  0.9829651713371276
5006.7  0.9808986783027648
5009.3  0.9786783456802368
5011.9  0.975486934185028
5014.5  0.9719077944755554
5017.1  0.9699254631996154
5019.7  0.9713388681411743
5022.3  0.9760401248931884
5024.9  0.9819673299789428
5027.5  0.9866753220558166
5030.1  0.9887904524803161
5032.7  0.98831707239151
5035.3  0.9862983226776123
5037.9  0.9843548536300659
5040.5  0.9838520884513854
5043.1  0.9848712086677551
5045.7  0.986114501953125
5048.3  0.9862465262413024
5050.9  0.9853401184082031
5053.5  0.9847902059555053
5056.1  0.9858617186546325
5058.7  0.9884937405586242
5061.3  0.9914436340332031
5063.9  0.9933739900588989
5066.5  0.9937598705291748
5069.1  0.9929903149604797
5071.7  0.9918740987777709
5074.3  0.9911108016967773
5076.9  0.9910641908645629
5079.5  0.9917987585067749
5082.1  0.9931462407112121
5084.7  0.9946693181991577
5087.3  0.995654284954071
5089.9  0.9953611493110656
5092.5  0.993542194366455
5095.1  0.9908806681632995
5097.7  0.9888380765914916
5100.3  0.9887560606002807
5102.9  0.9908844232559204
5105.5  0.9942919015884399
5108.1  0.9977074265480041
5110.7  1.000292778015137
5113.3  1.001668572425842
5115.9  1.001582860946655
5118.5  0.9998385906219482
5121.1  0.9965273141860961
5123.7  0.9921929836273193
5126.3  0.987698495388031
5128.9  0.9838305711746215
5131.5  0.9809363484382629
5134.1  0.9789482951164245
5136.7  0.9778066873550415
5139.3  0.9777329564094543
5141.9  0.9789367318153381
5144.5  0.9811409711837768
5147.1  0.9836179614067077
5149.7  0.9856761693954467
5152.3  0.9869059920310974
5154.9  0.9868403673171997
5157.5  0.9845146536827087
5160.1  0.9787874817848205
5162.7  0.9696526527404785
5165.3  0.9594390988349914
5167.9  0.9521887898445129
5170.5  0.9509276151657104
5173.1  0.9550407528877258
5175.7  0.9604837298393249
5178.3  0.9629562497138977
5180.9  0.9611548781394958
5183.5  0.957205057144165
5186.1  0.9543023705482482
5188.7  0.9541722536087036
5191.3  0.9565354585647583
5193.9  0.9602318406105041
5196.5  0.9642332196235656
5199.1  0.967794120311737
5201.7  0.9703848361968994
5204.3  0.9719427227973937
5206.9  0.9729835391044616
5209.5  0.9741162657737731
5212.1  0.9754269123077392
5214.7  0.9763671159744262
5217.3  0.9760376214981079
5219.9  0.973594844341278
5222.5  0.9688413143157958
5225.1  0.962742805480957
5227.7  0.9572036266326904
5230.3  0.9541484117507934
5232.9  0.9547255039215087
5235.5  0.958972692489624
5238.1  0.9657634496688842
5240.7  0.9731466770172119
5243.3  0.9792078137397766
5245.9  0.9829102754592895
5248.5  0.984228491783142
5251.1  0.983559250831604
5253.7  0.9810317754745483
5256.3  0.976340115070343
5258.9  0.9692967534065246
5261.5  0.9606098532676696
5264.1  0.9520444869995117
5266.7  0.9456493258476257
5269.3  0.9427201747894287
5271.9  0.9433920383453369
5274.5  0.9469928741455078
5277.1  0.9525995850563049
5279.7  0.9593762755393981
5282.3  0.9666734337806701
5284.9  0.9739041328430175
5287.5  0.9803193807601928
5290.1  0.9850517511367797
5292.7  0.9875426292419433
5295.3  0.9878953099250793
5297.9  0.9867344498634338
5300.5  0.9847242832183837
5303.1  0.982179582118988
5305.7  0.9790012836456298
5308.3  0.9749637246131896
5310.9  0.9702557921409606
5313.5  0.9658049941062927
5316.1  0.9627755880355834
5318.7  0.9615142345428466
5321.3  0.9612460136413574
5323.9  0.9610772132873535
5326.5  0.9610258340835571
5329.1  0.9617677330970764
5331.7  0.9636640548706054
5334.3  0.9664773344993591
5336.9  0.9698904752731323
5339.5  0.97381591796875
5342.1  0.9781045913696289
5344.7  0.9822824597358703
5347.3  0.9857465624809265
5349.9  0.9880421161651611
5352.5  0.9888043999671936
5355.1  0.9876200556755065
5357.7  0.9842675328254699
5360.3  0.9792413115501403
5362.9  0.9739488363265991
5365.5  0.9702078104019165
5368.1  0.9693256616592407
5370.7  0.9713523983955383
5373.3  0.9750283956527709
5375.9  0.9786127209663391
5378.5  0.9810831546783447
5381.1  0.9826329350471496
5383.7  0.9839710593223571
5386.3  0.985271394252777
5388.9  0.9859338402748107
5391.5  0.9852179884910583
5394.1  0.9828847050666809
5396.7  0.9792937040328979
5399.3  0.9751585125923156
5401.9  0.971310019493103
5404.5  0.9684841632843017
5407.1  0.9670587182044982
5409.7  0.9669275879859924
5412.3  0.9677091836929321
5414.9  0.9690514802932739
5417.5  0.9706717729568481
5420.1  0.9722756743431091
5422.7  0.9736714959144592
5425.3  0.9749571084976196
5427.9  0.976461112499237
5430.5  0.9784731268882751
5433.1  0.9809812307357788
5435.7  0.9835399389266967
5438.3  0.9854193925857543
5440.9  0.9861044883728027
5443.5  0.9857203364372253
5446.1  0.9848546981811523
5448.7  0.9839383363723754
5451.3  0.9829680919647216
5453.9  0.9818313717842102
5456.5  0.9806753993034362
5459.1  0.9798654317855834
5461.7  0.9797286391258239
5464.3  0.9803711771965026
5466.9  0.9815473556518554
5469.5  0.9826844334602355
5472.1  0.9833313822746276
5474.7  0.9837148785591125
5477.3  0.9846164584159851
5479.9  0.986538827419281
5482.5  0.9891217947006225
5485.1  0.9914652109146118
5487.7  0.9928447604179382
5490.3  0.9930059909820556
5492.9  0.9919654726982116
5495.5  0.9898198843002319
5498.1  0.9868218898773193
5500.7  0.9835548996925354
5503.3  0.98089599609375
5505.9  0.9796721339225769
5508.5  0.9802578687667846
5511.1  0.982431411743164
5513.7  0.9854696989059448
5516.3  0.9883002638816833
5518.9  0.9897881746292114
5521.5  0.9893156886100769
5524.1  0.9873527288436889
5526.7  0.9853276014328002
5529.3  0.9846941232681274
5531.9  0.9859905838966369
5534.5  0.9886617064476013
5537.1  0.9915651082992553
5539.7  0.9936413168907165
5542.3  0.9944211244583129
5544.9  0.9941514134407043
5547.5  0.9934116005897521
5550.1  0.9925833344459533
5552.7  0.9917159080505371
5555.3  0.9907626509666442
5557.9  0.9897352457046508
5560.5  0.9886961579322814
5563.1  0.9878273010253906
5565.7  0.9874985814094543
5568.3  0.9880872368812561
5570.9  0.9896585941314697
5573.5  0.9918200969696044
5576.1  0.9938088655471801
5578.7  0.9947395324707031
5581.3  0.9940392971038818
5583.9  0.9918998479843139
5586.5  0.9892534613609313
5589.1  0.9870865941047668
5591.7  0.9857169985771179
5594.3  0.9848228096961975
5596.9  0.9840971827507019
5599.5  0.983686089515686
5602.1  0.9839369654655456
5604.7  0.9848124384880065
5607.3  0.9856936335563659
5609.9  0.9859104752540588
5612.5  0.9854928255081176
5615.1  0.9852620363235473
5617.7  0.9860848784446716
5620.3  0.9881247878074645
5622.9  0.9908497333526611
5625.5  0.9935541152954101
5628.1  0.9957015514373779
5630.7  0.9969468712806701
5633.3  0.9971641898155212
5635.9  0.9965355396270751
5638.5  0.9954750537872314
5641.1  0.9943475723266601
5643.7  0.9931691288948059
5646.3  0.9915088415145874
5648.9  0.9887546300888061
5651.5  0.9846889376640319
5654.1  0.9799258708953857
5656.7  0.9757141470909118
5659.3  0.9731981754302978
5661.9  0.9728069901466369
5664.5  0.9742478132247924
5667.1  0.9769007563591003
5669.7  0.9800997972488403
5672.3  0.9831385612487792
5674.9  0.9853020906448364
5677.5  0.9861319661140441
5680.1  0.985716700553894
5682.7  0.9846745729446411
5685.3  0.9837914705276489
5687.9  0.983571171760559
5690.5  0.9839719533920288
5693.1  0.9844698905944824
5695.7  0.9844038486480712
5698.3  0.9833754897117614
5700.9  0.9814265966415405
5703.5  0.9789416790008544
5706.1  0.9764545559883117
5708.7  0.9744902849197387
5711.3  0.9734278917312622
5713.9  0.9734056591987609
5716.5  0.9743621349334716
5719.1  0.9761833548545837
5721.7  0.9787599444389343
5724.3  0.9818837046623229
5726.9  0.9851841926574707
5729.5  0.9882486462593078
5732.1  0.9908099174499511
5734.7  0.9927893877029418
5737.3  0.9941876530647277
5739.9  0.9949952960014343
5742.5  0.995219349861145
5745.1  0.9949408173561096
5747.7  0.9943183064460754
5750.3  0.9934693574905395
5752.9  0.9922114014625549
5755.5  0.9891363978385925
5758.1  0.9794775247573852
5760.7  0.9517748951911926
5763.3  0.8869632482528686
5765.9  0.7669761776924133
5768.5  0.59292733669281
5771.1  0.395839661359787
5773.7  0.2218671143054962
5776.3  0.1022219508886337
5778.9  0.03812951594591141
5781.5  0.01138848625123501
5784.1  0.002699061762541533
5786.7  4.999632947146893E-4
5789.3  6.652833690168336E-5
5791.9  0.
5794.5  0.
5797.1  0.
5799.7  0.
5802.3  0.
5804.9  0.
5807.5  0.
5810.1  0.
5812.7  0.
5815.3  0.
5817.9  0.
5820.5  6.912010576343163E-5
5823.1  5.203934852033853E-4
5825.7  0.002814670093357563
5828.3  0.01189862098544836
5830.9  0.03991059586405754
5833.5  0.1071858555078507
5836.1  0.2330219149589539
5838.7  0.416323333978653
5841.3  0.6242225766181945
5843.9  0.8077120780944824
5846.5  0.9335228204727172
5849.1  1.00023090839386
5851.7  1.027241826057434
5854.3  1.035300493240357
5856.9  1.036876320838928
5859.5  1.036988258361817
5862.1  1.037016153335571
5864.7  1.037153005599976
5867.3  1.037293910980225
5869.9  1.037206649780273
5872.5  1.036682486534119
5875.1  1.035556077957153
5877.7  1.033579468727112
5880.3  1.030365347862244
5882.9  1.025688290596008
5885.5  1.02006208896637
5888.1  1.015005111694336
5890.7  1.012477278709412
5893.3  1.013795971870422
5895.9  1.018902659416199
5898.5  1.026414632797241
5901.1  1.034274339675903
5903.7  1.040643572807312
5906.3  1.044644117355347
5908.9  1.046518445014954
5911.5  1.047145485877991
5914.1  1.047323822975159
5916.7  1.047318935394287
5919.3  1.046904087066651
5921.9  1.045791149139404
5924.5  1.044045686721802
5927.1  1.042125701904297
5929.7  1.040520787239075
5932.3  1.039371848106384
5934.9  1.038433074951172
5937.5  1.037361145019531
5940.1  1.036033630371094
5942.7  1.034679412841797
5945.3  1.033759117126465
5947.9  1.033617496490479
5950.5  1.034176707267761
5953.1  1.035035014152527
5955.7  1.03586483001709
5958.3  1.036611199378967
5960.9  1.037328600883484
5963.5  1.037968754768372
5966.1  1.038366794586182
5968.7  1.038328528404236
5971.3  1.037691354751587
5973.9  1.036391615867615
5976.5  1.034537434577942
5979.1  1.032374024391174
5981.7  1.0301433801651
5984.3  1.028036952018738
5986.9  1.02628219127655
5989.5  1.025111317634583
5992.1  1.024537205696106
5994.7  1.024253129959107
5997.3  1.023892760276794
5999.9  1.023364067077637
6002.5  1.022868752479553
6005.1  1.022635698318482
6007.7  1.022706031799316
6010.3  1.022979736328125
6012.9  1.02337121963501
6015.5  1.023836970329285
6018.1  1.024333953857422
6020.7  1.024873375892639
6023.3  1.02558708190918
6025.9  1.02658474445343
6028.5  1.027687191963196
6031.1  1.028407573699951
6033.7  1.028278470039368
6036.3  1.027163624763489
6038.9  1.025262713432312
6041.5  1.022928357124329
6044.1  1.02053964138031
6046.7  1.018442869186401
6049.3  1.016897559165955
6051.9  1.016029834747314
6054.5  1.015817046165466
6057.1  1.016053318977356
6059.7  1.016373634338379
6062.3  1.016521334648132
6064.9  1.016746520996094
6067.5  1.017707347869873
6070.1  1.019673705101013
6072.7  1.022020220756531
6075.3  1.023813247680664
6077.9  1.024724245071411
6080.5  1.025154113769531
6083.1  1.025654435157776
6085.7  1.026409506797791
6088.3  1.027154088020325
6090.9  1.027426838874817
6093.5  1.026905298233032
6096.1  1.025617122650147
6098.7  1.023934364318848
6101.3  1.022389054298401
6103.9  1.021416306495667
6106.5  1.021171808242798
6109.1  1.021482825279236
6111.7  1.02191686630249
6114.3  1.021995902061463
6116.9  1.021519780158997
6119.5  1.020767450332642
6122.1  1.020339846611023
6124.7  1.020682692527771
6127.3  1.021668076515198
6129.9  1.022653818130493
6132.5  1.023024439811707
6135.1  1.022695183753967
6137.7  1.022064685821533
6140.3  1.021528482437134
6142.9  1.021137714385986
6145.5  1.02067494392395
6148.1  1.019872069358826
6150.7  1.018558144569397
6153.3  1.016899704933167
6155.9  1.015620350837708
6158.5  1.015691757202148
6161.1  1.017539024353027
6163.7  1.020610094070435
6166.3  1.023846030235291
6168.9  1.026495337486267
6171.5  1.028449177742004
6174.1  1.030000448226929
6176.7  1.031457543373108
6179.3  1.032886028289795
6181.9  1.034077167510986
6184.5  1.03478991985321
6187.1  1.035088658332825
6189.7  1.035372257232666
6192.3  1.036046624183655
6194.9  1.0372394323349
6197.5  1.038810729980469
6200.1  1.040505409240723
6202.7  1.042034149169922
6205.3  1.0431067943573
6207.9  1.043518662452698
6210.5  1.043262243270874
6213.1  1.042536497116089
6215.7  1.041602373123169
6218.3  1.040580868721008
6220.9  1.039339900016785
6223.5  1.037562370300293
6226.1  1.034994006156921
6228.7  1.031704664230347
6231.3  1.028135776519776
6233.9  1.024845123291016
6236.5  1.022150874137879
6239.1  1.020028233528137
6241.7  1.018395185470581
6244.3  1.017477989196777
6246.9  1.017815589904785
6249.5  1.019833922386169
6252.1  1.02339506149292
6254.7  1.027760148048401
6257.3  1.031993746757507
6259.9  1.035439610481262
6262.5  1.037847518920898
6265.1  1.039111375808716
6267.7  1.038820266723633
6270.3  1.03611946105957
6272.9  1.030275702476502
6275.5  1.021798014640808
6278.1  1.013161420822144
6280.7  1.008049726486206
6283.3  1.009088754653931
6285.9  1.015689373016357
6288.5  1.024263143539429
6291.1  1.030986189842224
6293.7  1.034338116645813
6296.3  1.035142660140991
6298.9  1.034942984580994
6301.5  1.034705400466919
6304.1  1.034568905830383
6306.7  1.034238815307617
6309.3  1.033477306365967
6311.9  1.032436013221741
6314.5  1.03163743019104
6317.1  1.031624555587769
6319.7  1.032511353492737
6322.3  1.033857583999634
6324.9  1.034983158111572
6327.5  1.035395979881287
6330.1  1.034975528717041
6332.7  1.033820748329163
6335.3  1.031944274902344
6337.9  1.029166698455811
6340.5  1.025479435920715
6343.1  1.021594643592834
6345.7  1.018861651420593
6348.3  1.018295288085938
6350.9  1.019662499427795
6353.5  1.021665811538696
6356.1  1.022975087165833
6358.7  1.022988915443421
6361.3  1.021799564361572
6363.9  1.019820690155029
6366.5  1.017662286758423
6369.1  1.016172170639038
6371.7  1.016131281852722
6374.3  1.017656087875366
6376.9  1.02004599571228
6379.5  1.022374987602234
6382.1  1.024145126342773
6384.7  1.025332689285278
6387.3  1.026067733764648
6389.9  1.026488661766052
6392.5  1.026776313781738
6395.1  1.027129888534546
6397.7  1.027651071548462
6400.3  1.028255820274353
6402.9  1.028663873672485
6405.5  1.028496265411377
6408.1  1.027533769607544
6410.7  1.025979280471802
6413.3  1.024425387382507
6415.9  1.023465871810913
6418.5  1.023245811462402
6421.1  1.02334475517273
6423.7  1.023099660873413
6426.3  1.022097587585449
6428.9  1.020441889762878
6431.5  1.018623232841492
6434.1  1.017176508903503
6436.7  1.016384482383728
6439.3  1.016121745109558
6441.9  1.015814542770386
6444.5  1.014602661132813
6447.1  1.011858105659485
6449.7  1.007861018180847
6452.3  1.00399124622345
6454.9  1.002022385597229
6457.5  1.002985715866089
6460.1  1.006504535675049
6462.7  1.011067509651184
6465.3  1.014976263046265
6467.9  1.017260789871216
6470.5  1.017979621887207
6473.1  1.017840147018433
6475.7  1.017505049705505
6478.3  1.017065525054932
6480.9  1.016015529632568
6483.5  1.013693451881409
6486.1  1.009814262390137
6488.7  1.004792213439942
6491.3  0.9997954964637756
6493.9  0.996428370475769
6496.5  0.9959133863449096
6499.1  0.9981778860092163
6501.7  1.001717805862427
6504.3  1.004529118537903
6506.9  1.0052649974823
6509.5  1.003714799880982
6512.1  1.000601530075073
6514.7  0.9970917701721191
6517.3  0.9941974282264709
6519.9  0.9922514557838439
6522.5  0.9907222986221313
6525.1  0.9885588288307189
6527.7  0.9848847389221191
6530.3  0.9795251488685607
6532.9  0.9728336930274963
6535.5  0.9649044871330261
6538.1  0.9550187587738037
6540.7  0.9419018030166625
6543.3  0.924296498298645
6545.9  0.9010906219482421
6548.5  0.8711026310920715
6551.1  0.8333595991134643
6553.7  0.7884884476661682
6556.3  0.7408152222633361
6558.9  0.699352204799652
6561.5  0.6754001975059509
6564.1  0.6768795847892761
6566.7  0.7033953666687011
6569.3  0.7464740276336669
6571.9  0.7947309613227844
6574.5  0.8393536210060119
6577.1  0.8762186169624328
6579.7  0.904873788356781
6582.3  0.9266577959060668
6584.9  0.9434427022933959
6587.5  0.9570354223251342
6590.1  0.968810498714447
6592.7  0.9794565439224243
6595.3  0.989016830921173
6597.9  0.9972390532493591
6600.5  1.003988265991211
6603.1  1.009444713592529
6605.7  1.013994932174683
6608.3  1.017972230911255
6610.9  1.021486282348633
6613.5  1.024463891983032
6616.1  1.026822805404663
6618.7  1.028590798377991
6621.3  1.029888510704041
6623.9  1.030866026878357
6626.5  1.031668543815613
6629.1  1.03240692615509
6631.7  1.033130645751953
6634.3  1.033836007118225
6636.9  1.034495830535889
6639.5  1.035046100616455
6642.1  1.035368084907532
6644.7  1.035369038581848
6647.3  1.035129070281982
6649.9  1.034907698631287
6652.5  1.034937381744385
6655.1  1.035243511199951
6657.7  1.035707592964172
6660.3  1.036274552345276
6662.9  1.037034749984741
6665.5  1.038093090057373
6668.1  1.039410471916199
6670.7  1.040806651115418
6673.3  1.04214608669281
6675.9  1.043504595756531
6678.5  1.045080661773682
6681.1  1.046918630599976
6683.7  1.048768281936646
6686.3  1.050241351127625
6688.9  1.051064252853394
6691.5  1.051182866096497
6694.1  1.050732970237732
6696.7  1.04997444152832
6699.3  1.049156546592713
6701.9  1.048349738121033
6704.5  1.047440409660339
6707.1  1.046297788619995
6709.7  1.044904947280884
6712.3  1.043370246887207
6714.9  1.041906833648682
6717.5  1.040766477584839
6720.1  1.040106296539307
6722.7  1.039905190467834
6725.3  1.040006637573242
6727.9  1.040184497833252
6730.5  1.040159940719605
6733.1  1.039692640304566
6735.7  1.038795232772827
6738.3  1.037840604782105
6740.9  1.037317037582397
6743.5  1.037420392036438
6746.1  1.037955760955811
6748.7  1.038627147674561
6751.3  1.03932511806488
6753.9  1.040113568305969
6756.5  1.041013598442078
6759.1  1.041869521141052
6761.7  1.04243803024292
6764.3  1.042558789253235
6766.9  1.042216658592224
6769.5  1.041476488113403
6772.1  1.040419101715088
6774.7  1.039111852645874
6777.3  1.037603497505188
6779.9  1.03597104549408
6782.5  1.034433960914612
6785.1  1.033367276191712
6787.7  1.033055663108826
6790.3  1.03341007232666
6792.9  1.034024000167847
6795.5  1.034518122673035
6798.1  1.034758806228638
6800.7  1.034769535064697
6803.3  1.034557104110718
6805.9  1.034131407737732
6808.5  1.033682823181152
6811.1  1.033596038818359
6813.7  1.034075140953064
6816.3  1.034599542617798
6818.9  1.033756494522095
6821.5  1.029872417449951
6824.1  1.022449851036072
6826.7  1.013564825057984
6829.3  1.007516980171204
6831.9  1.007918119430542
6834.5  1.014543533325195
6837.1  1.023514628410339
6839.7  1.030675530433655
6842.3  1.034265637397766
6844.9  1.034752011299133
6847.5  1.033422827720642
6850.1  1.031568288803101
6852.7  1.030060768127441
6855.3  1.028804421424866
6857.9  1.025989413261414
6860.5  1.017437100410461
6863.1  0.9965114593505859
6865.7  0.9568966627120971
6868.3  0.9002560973167419
6870.9  0.8435710668563842
6873.5  0.8136590123176574
6876.1  0.826450765132904
6878.7  0.8715306520462036
6881.3  0.9218106269836425
6883.9  0.9572712182998657
6886.5  0.9758353233337402
6889.1  0.9846453666687011
6891.7  0.9875622391700744
6894.3  0.9813011288642883
6896.9  0.9598757624626159
6899.5  0.9230607151985168
6902.1  0.8835793137550354
6904.7  0.8630827069282531
6907.3  0.8752604722976684
6909.9  0.9134289026260375
6912.5  0.9577628374099731
6915.1  0.9921953082084655
6917.7  1.012264728546143
6920.3  1.02122437953949
6922.9  1.023437857627869
6925.5  1.020914554595947
6928.1  1.013562202453613
6930.7  1.002031922340393
6933.3  0.9905214309692382
6935.9  0.9853667616844177
6938.5  0.9897247552871704
6941.1  1.000455379486084
6943.7  1.011302709579468
6946.3  1.018081903457642
6948.9  1.020161151885986
6951.5  1.018520474433899
6954.1  1.014051914215088
6956.7  1.00782322883606
6959.3  1.00210440158844
6961.9  0.9998826384544372
6964.5  1.002572894096375
6967.1  1.008632659912109
6969.7  1.015111207962036
6972.3  1.020100116729736
6974.9  1.023338913917542
6977.5  1.025284051895142
6980.1  1.026379108428955
6982.7  1.026941537857056
6985.3  1.027184009552002
6987.9  1.027189493179321
6990.5  1.026889562606812
6993.1  1.026015758514404
6995.7  1.024229645729065
6998.3  1.021547198295593
7000.9  1.018606781959534
7003.5  1.016292214393616
7006.1  1.015020966529846
7008.7  1.014467358589172
7011.3  1.014015078544617
7013.9  1.013438701629639
7016.5  1.013057708740234
7019.1  1.013258814811707
7021.7  1.014020562171936
7024.3  1.014928579330444
7026.9  1.015471339225769
7029.5  1.015252232551575
7032.1  1.014114379882813
7034.7  1.012282490730286
7037.3  1.010416865348816
7039.9  1.009354829788208
7042.5  1.009576916694641
7045.1  1.010888814926148
7047.7  1.012697219848633
7050.3  1.014556169509888
7052.9  1.016337633132935
7055.5  1.017983436584473
7058.1  1.019351243972778
7060.7  1.020373225212097
7063.3  1.021161079406738
7065.9  1.021790266036987
7068.5  1.022056341171265
7071.1  1.021601438522339
7073.7  1.020299792289734
7076.3  1.018444895744324
7078.9  1.016536235809326
7081.5  1.014934062957764
7084.1  1.01374876499176
7086.7  1.012957572937012
7089.3  1.012460589408875
7091.9  1.012032389640808
7094.5  1.011409878730774
7097.1  1.010496497154236
7099.7  1.009342670440674
7102.3  1.00784957408905
7104.9  1.00562846660614
7107.5  1.002329349517822
7110.1  0.9981446266174316
7112.7  0.993934154510498
7115.3  0.990816593170166
7117.9  0.9895904660224914
7120.5  0.9903819561004638
7123.1  0.9926618933677673
7125.7  0.9955813884735107
7128.3  0.9984643459320068
7130.9  1.001122832298279
7133.5  1.003723978996277
7136.1  1.006339550018311
7138.7  1.008655548095703
7141.3  1.010174751281738
7143.9  1.010696291923523
7146.5  1.010536551475525
7149.1  1.010255813598633
7151.7  1.010177850723267
7154.3  1.010171175003052
7156.9  1.009850740432739
7159.5  1.008951425552368
7162.1  1.007475256919861
7164.7  1.005481839179993
7167.3  1.002704620361328
7169.9  0.9984959363937377
7172.5  0.9924412369728088
7175.1  0.9850744605064392
7177.7  0.9773336052894592
7180.3  0.9692361950874328
7182.9  0.9604089260101318
7185.5  0.9524317979812622
7188.1  0.9484636783599853
7190.7  0.9488619565963745
7193.3  0.9494196772575378
7195.9  0.9465695023536682
7198.5  0.9428613781929016
7201.1  0.944500982761383
7203.7  0.9540191292762756
7206.3  0.9676476120948791
7208.9  0.979577898979187
7211.5  0.9867264628410339
7214.1  0.9894405007362365
7216.7  0.9897525906562805
7219.3  0.9898110628128051
7221.9  0.9910006523132324
7224.5  0.9935176372528076
7227.1  0.996610403060913
7229.7  0.9993691444396972
7232.3  1.001325607299805
7234.9  1.002317905426025
7237.5  1.001830101013184
7240.1  0.9988049268722534
7242.7  0.9924185872077941
7245.3  0.9831963181495666
7247.9  0.9734631776809692
7250.5  0.9665638208389282
7253.1  0.9649416208267211
7255.7  0.9681372046470642
7258.3  0.972893476486206
7260.9  0.9760242700576782
7263.5  0.9771074652671813
7266.1  0.9779256582260131
7268.7  0.9797697663307189
7271.3  0.9821741580963134
7273.9  0.9841102957725524
7276.5  0.9853525161743164
7279.1  0.9862699508666992
7281.7  0.9870096445083618
7284.3  0.9873466491699218
7286.9  0.9871164560317993
7289.5  0.9865234494209289
7292.1  0.9860486984252929
7294.7  0.9860187172889709
7297.3  0.9862205386161804
7299.9  0.9860195517539978
7302.5  0.9849609732627868
7305.1  0.9833937287330627
7307.7  0.9825555682182312
7310.3  0.9838486313819885
7312.9  0.9877316951751708
7315.5  0.9932771921157836
7318.1  0.9988208413124084
7320.7  1.002913594245911
7323.3  1.004732608795166
7325.9  1.004073977470398
7328.5  1.00139844417572
7331.1  0.9979021549224853
7333.7  0.9951476454734802
7336.3  0.9941693544387817
7338.9  0.9948213100433349
7341.5  0.9960365295410156
7344.1  0.9966650009155273
7346.7  0.996122658252716
7349.3  0.9946122169494628
7351.9  0.9929713010787963
7354.5  0.992134153842926
7357.1  0.9924498796463012
7359.7  0.9934600591659545
7362.3  0.9943878650665283
7364.9  0.9947744011878967
7367.5  0.9946131706237792
7370.1  0.9940671324729919
7372.7  0.9932487607002258
7375.3  0.9921884536743164
7377.9  0.9908413290977478
7380.5  0.989111840724945
7383.1  0.9870035052299499
7385.7  0.9848272800445556
7388.3  0.9832624793052673
7390.9  0.9830653071403503
7393.5  0.9845222830772399
7396.1  0.9871575832366943
7398.7  0.9900555610656738
7401.3  0.992512047290802
7403.9  0.9943851232528686
7406.5  0.9959067702293395
7409.1  0.997266948223114
7411.7  0.9984067678451538
7414.3  0.9991305470466613
7416.9  0.999309480190277
7419.5  0.998986005783081
7422.1  0.9983611106872558
7424.7  0.9977151751518249
7427.3  0.997275948524475
7429.9  0.9970680475234985
7432.5  0.9968612194061279
7435.1  0.9963175058364868
7437.7  0.9952549338340759
7440.3  0.9938137531280517
7442.9  0.9924015402793884
7445.5  0.991462767124176
7448.1  0.9912029504776
7450.7  0.9913939833641052
7453.3  0.9914215207099914
7455.9  0.9906373023986816
7458.5  0.9888093471527099
7461.1  0.9863187074661254
7463.7  0.983920931816101
7466.3  0.9822729229927062
7468.9  0.9816223382949829
7471.5  0.9818296432495117
7474.1  0.9825624227523803
7476.7  0.9834851026535034
7479.3  0.9844435453414916
7481.9  0.9855745434761047
7484.5  0.9871956706047058
7487.1  0.9895086884498596
7489.7  0.9924060106277465
7492.3  0.9955618977546691
7494.9  0.998652696609497
7497.5  1.001396179199219
7500.1  1.003403306007385
7502.7  1.004208207130432
7505.3  1.003621101379395
7507.9  1.002023577690125
7510.5  1.000208258628845
7513.1  0.9989076256752014
7515.7  0.9984192252159118
7518.3  0.9985246658325195
7520.9  0.998680830001831
7523.5  0.9983919262886047
7526.1  0.9975563883781433
7528.7  0.9964789748191833
7531.3  0.9955144524574279
7533.9  0.9947504997253417
7536.5  0.994119644165039
7539.1  0.9937049150466918
7541.7  0.9936699867248535
7544.3  0.9938849210739135
7546.9  0.9938874840736389
7549.5  0.9933018088340759
7552.1  0.9921526312828063
7554.7  0.990751028060913
7557.3  0.989425778388977
7559.9  0.9884044528007507
7562.5  0.9878299236297607
7565.1  0.9877609610557556
7567.7  0.9881132245063781
7570.3  0.9886010289192199
7572.9  0.9888314008712768
7575.5  0.9886045455932617
7578.1  0.9881693720817565
7580.7  0.9877817034721374
7583.3  0.9863433837890625
7585.9  0.979756474494934
7588.5  0.9604544639587402
7591.1  0.9198623299598693
7593.7  0.8532347679138183
7596.3  0.764002501964569
7598.9  0.6658961176872253
7601.5  0.5822882652282714
7604.1  0.5389310717582702
7606.7  0.5491958856582641
7609.3  0.6039050221443176
7611.9  0.6770179867744445
7614.5  0.7397660613059997
7617.1  0.7695501446723937
7619.7  0.7545173168182373
7622.3  0.699526309967041
7624.9  0.6274932026863098
7627.5  0.5679553747177124
7630.1  0.5407133102416992
7632.7  0.5489336252212524
7635.3  0.5818011164665222
7637.9  0.6214296817779541
7640.5  0.6519197225570678
7643.1  0.6666182875633239
7645.7  0.6696862578392028
7648.3  0.6734516620635986
7650.9  0.6910732388496398
7653.5  0.725483238697052
7656.1  0.7650259733200073
7658.7  0.7936697602272033
7661.3  0.8063942193984985
7663.9  0.8135924935340881
7666.5  0.8309062123298645
7669.1  0.8645954132080078
7671.7  0.9066234230995178
7674.3  0.9435815215110778
7676.9  0.9677981734275817
7679.5  0.979417860507965
7682.1  0.9816607236862182
7684.7  0.9780550599098205
7687.3  0.9730289578437805
7689.9  0.9714731574058532
7692.5  0.9755425453186035
7695.1  0.9830508828163146
7697.7  0.990127146244049
7700.3  0.994769275188446
7702.9  0.9971576333045959
7705.5  0.9979516863822937
7708.1  0.9975488185882568
7710.7  0.9964649677276611
7713.3  0.9953873753547668
7715.9  0.9946694374084472
7718.5  0.9941624999046325
7721.1  0.9936283826828002
7723.7  0.9931502938270568
7726.3  0.9930052161216735
7728.9  0.993259847164154
7731.5  0.9936439990997314
7734.1  0.9937970638275146
7736.7  0.9935268759727478
7739.3  0.9928612112998962
7741.9  0.9919671416282653
7744.5  0.9910808205604553
7747.1  0.9904801249504089
7749.7  0.9904226660728454
7752.3  0.9909617900848388
7754.9  0.9916989803314208
7757.5  0.9916595816612243
7760.1  0.9894053936004638
7762.7  0.9834447503089904
7765.3  0.973158836364746
7767.9  0.9600806832313537
7770.5  0.9482955932617187
7773.1  0.9427631497383117
7775.7  0.946315586566925
7778.3  0.9578000903129577
7780.9  0.9730123281478881
7783.5  0.9874467849731445
7786.1  0.9984186887741088
7788.7  1.005272269248962
7791.3  1.008505582809448
7793.9  1.009088277816772
7796.5  1.008168458938599
7799.1  1.006765604019165
7801.7  1.005454182624817
7804.3  1.004329800605774
7806.9  1.003262519836426
7809.5  1.002150416374207
7812.1  1.000965118408203
7814.7  0.999657928943634
7817.3  0.998150885105133
7819.9  0.9964821338653564
7822.5  0.9948894381523132
7825.1  0.9936185479164123
7827.7  0.9926365613937377
7830.3  0.9916869401931762
7832.9  0.9907015562057495
7835.5  0.9900087714195251
7838.1  0.989997923374176
7840.7  0.9906650185585021
7843.3  0.9915612339973449
7845.9  0.9920803308486938
7848.5  0.9917599558830261
7851.1  0.9904786348342895
7853.7  0.988504946231842
7856.3  0.9863192439079284
7858.9  0.9843678474426269
7861.5  0.9829685091972351
7864.1  0.9822809100151062
7866.7  0.982184886932373
7869.3  0.98233562707901
7871.9  0.9826471209526062
7874.5  0.983682096004486
7877.1  0.9862276911735534
7879.7  0.9903700947761535
7882.3  0.995121955871582
7884.9  0.9989871382713317
7887.5  1.000879287719727
7890.1  1.000730037689209
7892.7  0.9995240569114685
7895.3  0.998730719089508
7897.9  0.9993701577186584
7900.5  1.00135350227356
7903.1  1.003626227378845
7905.7  1.004894971847534
7908.3  1.00432026386261
7910.9  1.001751899719238
7913.5  0.9975921511650085
7916.1  0.9926695227622985
7918.7  0.9881747961044311
7921.3  0.9852189421653747
7923.9  0.9840339422225952
7926.5  0.9838161468505859
7929.1  0.983605682849884
7931.7  0.9830706715583801
7934.3  0.9823062419891357
7936.9  0.981295883655548
7939.5  0.9799206256866455
7942.1  0.9783618450164794
7944.7  0.9772531390190124
7947.3  0.9773494601249694
7949.9  0.9790045619010925
7952.5  0.9818521738052368
7955.1  0.9849577546119689
7957.7  0.9873464703559875
7960.3  0.9885462522506713
7962.9  0.9887428283691406
7965.5  0.9884894490242004
7968.1  0.9882891774177551
7970.7  0.9883583784103393
7973.3  0.9886953234672546
7975.9  0.9893745183944702
7978.5  0.9907546639442443
7981.1  0.9932369589805603
7983.7  0.9967384934425354
7986.3  1.000522613525391
7988.9  1.003615498542786
7991.5  1.005325436592102
7994.1  1.005448579788208
7996.7  1.004210472106934
7999.3  1.002087593078613
8001.9  0.9995788931846618
8004.5  0.9970783591270446
8007.1  0.9948887825012207
8009.7  0.9931918978691101
8012.3  0.9919279813766479
8014.9  0.9908183217048645
8017.5  0.9896398186683654
8020.1  0.98851078748703
8022.7  0.9878507852554321
8025.3  0.987962782382965
8027.9  0.9886287450790405
8030.5  0.9891591668128967
8033.1  0.9889016151428222
8035.7  0.9877055883407592
8038.3  0.9859436154365539
8040.9  0.9841772317886352
8043.5  0.9828437566757202
8046.1  0.9821197390556335
8048.7  0.9819021821022033
8051.3  0.9819242358207702
8053.9  0.9819806218147277
8056.5  0.9820788502693176
8059.1  0.9823315739631652
8061.7  0.9827222228050231
8064.3  0.9830654263496398
8066.9  0.9832294583320617
8069.5  0.9832736253738403
8072.1  0.9832421541213989
8074.7  0.9829371571540832
8077.3  0.9821369647979736
8079.9  0.9810694456100463
8082.5  0.9805284738540649
8085.1  0.9814189076423645
8087.7  0.9840638637542724
8090.3  0.9878470301628112
8092.9  0.9915243983268737
8095.5  0.9939649701118469
8098.1  0.9946725964546203
8100.7  0.9937648773193359
8103.3  0.9917461276054382
8105.9  0.989430546760559
8108.5  0.9877482652664184
8111.1  0.9871702194213867
8113.7  0.9872961044311523
8116.3  0.987217366695404
8118.9  0.9861270785331726
8121.5  0.9832609891891479
8124.1  0.977337896823883
8126.7  0.9669959545135498
8129.3  0.953040063381195
8131.9  0.940228521823883
8134.5  0.934798777103424
8137.1  0.9387752413749694
8139.7  0.9476668834686279
8142.3  0.9545531272888183
8144.9  0.9549826383590698
8147.5  0.9477519392967224
8150.1  0.9340410232543945
8152.7  0.9175590872764587
8155.3  0.9033671617507934
8157.9  0.89481782913208
8160.5  0.8929519653320312
8163.1  0.8984759449958801
8165.7  0.9110181331634521
8168.3  0.9264333844184875
8170.9  0.9381924867630004
8173.5  0.942423403263092
8176.1  0.9407266378402709
8178.7  0.9382500648498535
8181.3  0.9391857385635375
8183.9  0.9438276290893554
8186.5  0.9496229290962219
8189.1  0.9543386697769165
8191.7  0.9577861428260803
8194.3  0.9611916542053222
8196.9  0.9657114148139953
8199.5  0.9713793396949768
8202.1  0.9770228862762451
8204.7  0.9809638857841491
8207.3  0.9819564223289489
8209.9  0.979894995689392
8212.5  0.9760570526123046
8215.1  0.9725229144096374
8217.7  0.9708443284034729
8220.3  0.9709846973419189
8222.9  0.9716104269027709
8225.5  0.9714809656143188
8228.1  0.9705256223678588
8230.7  0.9695455431938171
8233.3  0.9690059423446655
8235.9  0.9683985710144042
8238.5  0.9669083356857299
8241.1  0.9644896388053894
8243.7  0.962032675743103
8246.3  0.9605525135993957
8248.9  0.9604469537734985
8251.5  0.9614755511283874
8254.1  0.963144302368164
8256.7  0.965002954006195
8259.3  0.9667139053344726
8261.9  0.9678601622581481
8264.5  0.9675897359848022
8267.1  0.9643950462341308
8269.7  0.9565081000328063
8272.3  0.9426251649856567
8274.9  0.9227461218833923
8277.5  0.8998299241065979
8280.1  0.8815075159072875
8282.7  0.8775075078010559
8285.3  0.8917127251625061
8287.9  0.9173675179481506
8290.5  0.9424640536308288
8293.1  0.9589790105819702
8295.7  0.9660675525665283
8298.3  0.9671111106872558
8300.9  0.966150939464569
8303.5  0.9661138653755187
8306.1  0.9682009220123291
8308.7  0.9719191789627075
8311.3  0.9758200049400329
8313.9  0.9785156846046447
8316.5  0.9794281721115112
8319.1  0.9787670373916625
8321.7  0.9769497513771057
8324.3  0.9741559624671936
8326.9  0.9704934358596801
8329.5  0.9664163589477539
8332.1  0.9627751111984252
8334.7  0.960489273071289
8337.3  0.9602218866348266
8339.9  0.9621062874794006
8342.5  0.9654532670974731
8345.1  0.9688028097152709
8347.7  0.9706335663795471
8350.3  0.9703201055526733
8352.9  0.9685478806495666
8355.5  0.966802179813385
8358.1  0.9662492275238037
8360.7  0.9668611884117126
8363.3  0.9676318168640136
8365.9  0.9676794409751892
8368.5  0.9670289158821105
8371.1  0.9663177728652954
8373.7  0.9659833908081054
8376.3  0.965887427330017
8378.9  0.965636670589447
8381.5  0.9651136398315429
8384.1  0.9646482467651367
8386.7  0.9646961092948913
8389.3  0.9654297828674316
8391.9  0.9666938185691833
8394.5  0.968227744102478
8397.1  0.9697363376617431
8399.7  0.970754861831665
8402.3  0.9707465767860412
8404.9  0.9695837497711181
8407.5  0.9678608179092407
8410.1  0.9665644764900207
8412.7  0.9664046168327331
8415.3  0.9675018787384033
8417.9  0.9696042537689208
8420.5  0.9723469614982604
8423.1  0.9751768708229064
8425.7  0.9771696925163269
8428.3  0.9772091507911682
8430.9  0.9745444059371948
8433.5  0.9692776203155517
8436.1  0.9624379873275756
8438.7  0.9557023644447326
8441.3  0.9510150551795959
8443.9  0.9500960111618041
8446.5  0.9536512494087219
8449.1  0.9605588912963867
8451.7  0.9678751230239868
8454.3  0.9721520543098449
8456.9  0.9713645577430725
8459.5  0.9660420417785644
8462.1  0.9588767886161804
8464.7  0.9532071948051452
8467.3  0.9514132142066955
8469.9  0.9541237354278564
8472.5  0.9604264497756958
8475.1  0.968541145324707
8477.7  0.976367175579071
8480.3  0.9818840026855468
8482.9  0.9835165739059448
8485.5  0.9802799820899963
8488.1  0.9717190265655517
8490.7  0.9581809639930725
8493.3  0.9415717720985412
8495.9  0.925618827342987
8498.5  0.9147142767906188
8501.1  0.9119287729263305
8503.7  0.9177099466323852
8506.3  0.9300574660301208
8508.9  0.9458054304122924
8511.5  0.961996853351593
8514.1  0.9764801859855651
8516.7  0.9877405166625976
8519.3  0.9947323203086853
8521.9  0.9969267845153808
8524.5  0.9940469861030578
8527.1  0.9847948551177978
8529.7  0.9645637869834899
8532.3  0.9229166507720947
8534.9  0.8441066145896911
8537.5  0.7156013250350952
8540.1  0.5429997444152832
8542.7  0.356734961271286
8545.3  0.1973564624786377
8547.9  0.09000148624181747
8550.5  0.03330615162849426
8553.1  0.009886938147246837
8555.7  0.002331562340259552
8558.3  4.296164843253791E-4
8560.9  5.665705248247832E-5
8563.5  0.
8566.1  0.
8568.7  0.
8571.3  0.
8573.9  0.
8576.5  0.
8579.1  0.
8581.7  0.
8584.3  0.
8586.9  0.
8589.5  0.
8592.1  0.
8594.7  0.
8597.3  0.
8599.9  0.
8602.5  0.
8605.1  0.
8607.7  0.
8610.3  0.
8612.9  0.
8615.5  0.
8618.1  0.
8620.7  0.
8623.3  0.
8625.9  0.
8628.5  0.
8631.1  0.
8633.7  0.
8636.3  0.
8638.9  0.
8641.5  5.137025800650008E-5
8644.1  3.869996289722621E-4
8646.7  0.002095962641760707
8649.3  0.008873227052390575
8651.9  0.02982566505670548
8654.5  0.08037526905536651
8657.1  0.175715833902359
8659.7  0.3167913556098938
8662.3  0.4817715585231781
8664.9  0.6366475820541381
8667.5  0.7571964859962463
8670.1  0.8398467302322387
8672.7  0.8942670822143554
8675.3  0.9312508702278137
8677.9  0.9577577710151672
8680.5  0.9779293537139892
8683.1  0.9945942759513854
8685.7  1.009461164474487
8688.3  1.023025512695313
8690.9  1.034841775894165
8693.5  1.044182896614075
8696.1  1.050689339637756
8698.7  1.054664134979248
8701.3  1.056802153587341
8703.9  1.057677149772644
8706.5  1.057509541511536
8709.1  1.056325793266296
8711.7  1.054154992103577
8714.3  1.050989151000977
8716.9  1.046638011932373
8719.5  1.04075300693512
8722.1  1.033040046691895
8724.7  1.023336172103882
8727.3  1.011443734169006
8729.9  0.9969711899757385
8732.5  0.9793732166290283
8735.1  0.9581226110458374
8737.7  0.9329233765602111
8740.3  0.9042028188705444
8742.9  0.8740313649177551
8745.5  0.8467772006988525
8748.1  0.8283272385597229
8750.7  0.8237180709838867
8753.3  0.8346267938613891
8755.9  0.8584824204444885
8758.5  0.8897382020950317
8761.1  0.922392189502716
8763.7  0.9521875381469726
8766.3  0.9773626923561096
8768.9  0.9979883432388305
8771.5  1.014790296554566
8774.1  1.028323650360108
8776.7  1.038756251335144
8779.3  1.046184778213501
8781.9  1.051237225532532
8784.5  1.055423974990845
8787.1  1.060629487037659
8789.7  1.067819952964783
8792.3  1.076119184494019
8794.9  1.083317756652832
8797.5  1.087447047233582
8800.1  1.088036060333252
8802.7  1.086168050765991
8805.3  1.083616971969605
8807.9  1.08182418346405
8810.5  1.081221461296082
8813.1  1.081148266792297
8815.7  1.080440402030945
8818.3  1.078327894210815
8820.9  1.074867606163025
8823.5  1.070534467697144
8826.1  1.065553307533264
8828.7  1.059666275978088
8831.3  1.052363157272339
8833.9  1.043210506439209
8836.5  1.031992912292481
8839.1  1.018585801124573
8841.7  1.00268030166626
8844.3  0.9836326837539672
8846.9  0.9605622887611389
8849.5  0.9327090978622436
8852.1  0.9002344608306884
8854.7  0.8653426170349121
8857.3  0.8328601717948913
8859.9  0.8092573285102844
8862.5  0.800206184387207
8865.1  0.8080340027809143
8867.7  0.8306002020835876
8870.3  0.8622934818267822
8872.9  0.8965908288955688
8875.5  0.9285952448844909
8878.1  0.9560937881469726
8880.7  0.9789873957633972
8883.3  0.9980970621109008
8885.9  1.014265298843384
8888.5  1.02799379825592
8891.1  1.039470076560974
8893.7  1.04872190952301
8896.3  1.055679678916931
8898.9  1.0601567029953
8901.5  1.061957597732544
8904.1  1.061240077018738
8906.7  1.058896660804749
8909.3  1.056570649147034
8911.9  1.056083917617798
8914.5  1.058436751365662
8917.1  1.06305468082428
8919.7  1.068144083023071
8922.3  1.072163939476013
8924.9  1.075054168701172
8927.5  1.077954053878784
8930.1  1.081798672676086
8932.7  1.086225628852844
8935.3  1.08980929851532
8937.9  1.091444492340088
8940.5  1.091526508331299
8943.1  1.09153413772583
8945.7  1.092319369316101
8948.3  1.093189001083374
8950.9  1.092852592468262
8953.5  1.090773224830628
8956.1  1.087275385856628
8958.7  1.082810401916504
8961.3  1.077609181404114
8963.9  1.071941494941711
8966.5  1.066336512565613
8969.1  1.061443090438843
8971.7  1.057274341583252
8974.3  1.051933169364929
8976.9  1.040547132492065
8979.5  1.01624071598053
8982.1  0.9741525053977966
8984.7  0.9173633456230163
8987.3  0.8602005243301391
8989.9  0.8231281042098999
8992.5  0.8192757964134216
8995.1  0.8430681228637695
8997.7  0.873236060142517
9000.3  0.8886249065399169
9002.9  0.8812416195869445
9005.5  0.8564559817314147
9008.1  0.8254246711730957
9010.7  0.798673927783966
9013.3  0.7834150195121765
9015.9  0.7830109000205993
9018.5  0.7971863150596618
9021.1  0.8229711651802062
9023.7  0.8560689687728881
9026.3  0.8920175433158874
9028.9  0.9267354607582092
9031.5  0.9569683074951171
9034.1  0.9808637499809265
9036.7  0.9981992244720458
9039.3  1.010058403015137
9041.9  1.018219351768494
9044.5  1.024471879005432
9047.1  1.03002941608429
9049.7  1.035049438476563
9052.3  1.038488507270813
9054.9  1.038994312286377
9057.5  1.036695957183838
9060.1  1.034066200256348
9062.7  1.034309387207031
9065.3  1.038571238517761
9067.9  1.045021057128906
9070.5  1.050769090652466
9073.1  1.054206490516663
9075.7  1.055321455001831
9078.3  1.054489493370056
9080.9  1.051579475402832
9083.5  1.046190977096558
9086.1  1.038970947265625
9088.7  1.032757878303528
9091.3  1.031306982040405
9093.9  1.035994410514832
9096.5  1.044454336166382
9099.1  1.052803516387939
9101.7  1.058398008346558
9104.3  1.060643672943115
9106.9  1.060468196868896
9109.5  1.059159278869629
9112.1  1.057248711585999
9114.7  1.054733872413635
9117.3  1.052400946617127
9119.9  1.052013635635376
9122.5  1.054632306098938
9125.1  1.05915629863739
9127.7  1.062933802604675
9130.3  1.063980102539062
9132.9  1.062914729118347
9135.5  1.062613844871521
9138.1  1.065363168716431
9140.7  1.07013726234436
9143.3  1.072724580764771
9145.9  1.068159461021423
9148.5  1.053865790367126
9151.1  1.032741189002991
9153.7  1.013869643211365
9156.3  1.007481694221497
9158.9  1.016803622245789
9161.5  1.03541362285614
9164.1  1.053209662437439
9166.7  1.063905119895935
9169.3  1.067181468009949
9171.9  1.06609046459198
9174.5  1.063538789749146
9177.1  1.060359954833984
9179.7  1.055861234664917
9182.3  1.050044775009155
9184.9  1.04486083984375
9187.5  1.04267942905426
9190.1  1.043762922286987
9192.7  1.045730590820313
9195.3  1.045337319374085
9197.9  1.040310740470886
9200.5  1.029780864715576
9203.1  1.013800621032715
9205.7  0.9928915500640869
9208.3  0.9679589867591857
9210.9  0.9403554797172546
9213.5  0.9115315675735473
9216.1  0.8822191953659057
9218.7  0.852306306362152
9221.3  0.8223161101341247
9223.9  0.7952200770378112
9226.5  0.776333212852478
9229.1  0.7708849906921386
9231.7  0.7810407876968383
9234.3  0.8045490384101867
9236.9  0.8359124660491943
9239.5  0.8690602779388427
9242.1  0.8995181322097778
9244.7  0.9248950481414794
9247.3  0.944233238697052
9249.9  0.9573453068733215
9252.5  0.9647579193115234
9255.1  0.9680949449539184
9257.7  0.9701935648918151
9260.3  0.9743865728378295
9262.9  0.9830463528633117
9265.5  0.9961200952529907
9268.1  1.010890960693359
9270.7  1.023640871047974
9273.3  1.032233834266663
9275.9  1.037391185760498
9278.5  1.041471004486084
9281.1  1.046173334121704
9283.7  1.051531672477722
9286.3  1.056382417678833
9288.9  1.058670520782471
9291.5  1.054937720298767
9294.1  1.040805459022522
9296.7  1.014622926712036
9299.3  0.9824478030204772
9301.9  0.9568049311637878
9304.5  0.9457049369812011
9307.1  0.9407655000686645
9309.7  0.9193429946899414
9312.3  0.862646460533142
9314.9  0.7756444215774536
9317.5  0.6907760500907897
9320.1  0.6497243046760559
9322.7  0.6759282350540161
9325.3  0.7584673762321472
9327.9  0.8592132329940795
9330.5  0.936778962612152
9333.1  0.9658597707748413
9335.7  0.9393759369850158
9338.3  0.8652044534683227
9340.9  0.7699296474456787
9343.5  0.6954919695854187
9346.1  0.6736748814582824
9348.7  0.7008417844772338
9351.3  0.7473527789115905
9353.9  0.7897246479988098
9356.5  0.8246996998786926
9359.1  0.8560385704040527
9361.7  0.8790706992149353
9364.3  0.8826948404312133
9366.9  0.8649026751518249
9369.5  0.8426318764686584
9372.1  0.8402149677276611
9374.7  0.8650699853897094
9377.3  0.8987003564834594
9379.9  0.9154065251350402
9382.5  0.9076208472251892
9385.1  0.8917171359062194
9387.7  0.8917276263236999
9390.3  0.9174042344093322
9392.9  0.9566903710365295
9395.5  0.9883367419242858
9398.1  0.9994076490402221
9400.7  0.9899569153785705
9403.3  0.9659160375595092
9405.9  0.9344674348831176
9408.5  0.9065305590629577
9411.1  0.8956989645957946
9413.7  0.9074174165725708
9416.3  0.9318988323211669
9418.9  0.951927363872528
9421.5  0.9560206532478332
9424.1  0.9444820880889892
9426.7  0.9287161827087402
9429.3  0.9244415163993835
9431.9  0.9386013746261596
9434.5  0.962004005908966
9437.1  0.9791170358657836
9439.7  0.9840254187583923
9442.3  0.9827301502227783
9444.9  0.9811802506446838
9447.5  0.9762912988662719
9450.1  0.9599893689155578
9452.7  0.9279999136924743
9455.3  0.8804945945739746
9457.9  0.8158451914787292
9460.5  0.7324991822242736
9463.1  0.6446051597595214
9465.7  0.5888471603393554
9468.3  0.5994307994842529
9470.9  0.6725392937660217
9473.5  0.7670698165893554
9476.1  0.8433892726898193
9478.7  0.892025351524353
9481.3  0.9249662160873413
9483.9  0.9507067203521728
9486.5  0.963688850402832
9489.1  0.9553064703941345
9491.7  0.9297130703926086
9494.3  0.9045802354812622
9496.9  0.8960523009300231
9499.5  0.9072305560111999
9502.1  0.9306166768074035
9504.7  0.9539079070091247
9507.3  0.9601967334747314
9509.9  0.9305496215820312
9512.5  0.8557513952255249
9515.1  0.7502140402793884
9517.7  0.6523903608322143
9520.3  0.6043990850448608
9522.9  0.624253511428833
9525.5  0.6940998435020446
9528.1  0.7745261192321777
9530.7  0.8313214182853698
9533.3  0.8517964482307434
9535.9  0.8419923186302185
9538.5  0.814986765384674
9541.1  0.7826358675956726
9543.7  0.7524325251579284
9546.3  0.7271388173103332
9548.9  0.7075539231300354
9551.5  0.6979306936264038
9554.1  0.7062774896621704
9556.7  0.7355433702468872
9559.3  0.7758288979530334
9561.9  0.810344636440277
9564.5  0.8302906155586242
9567.1  0.8417168855667114
9569.7  0.8571220636367797
9572.3  0.8814098238945007
9574.9  0.9072470068931579
9577.5  0.9237059950828552
9580.1  0.9270919561386108
9582.7  0.9222068190574645
9585.3  0.915848970413208
9587.9  0.9121003150939941
9590.5  0.9123430848121643
9593.1  0.9168265461921691
9595.7  0.924772560596466
9598.3  0.9320650100708007
9600.9  0.9292817711830139
9603.5  0.9032816886901855
9606.1  0.8410858511924743
9608.7  0.7359585165977478
9611.3  0.6007106900215148
9613.9  0.479149729013443
9616.5  0.4301235973834992
9619.1  0.4839798808097839
9621.7  0.6149606108665466
9624.3  0.7627572417259216
9626.9  0.8788723945617675
9629.5  0.9499889612197875
9632.1  0.9873819351196289
9634.7  1.007653713226318
9637.3  1.02288818359375
9639.9  1.037648916244507
9642.5  1.048972368240357
9645.1  1.050501585006714
9647.7  1.038434028625488
9650.3  1.014397263526917
9652.9  0.9850614070892333
9655.5  0.9600461721420288
9658.1  0.9481985569000244
9660.7  0.9534451365470886
9663.3  0.9732326865196228
9665.9  1.000384569168091
9668.5  1.026757001876831
9671.1  1.046627879142761
9673.7  1.057919263839722
9676.3  1.06151020526886
9678.9  1.060429692268372
9681.5  1.058601021766663
9684.1  1.058518171310425
9686.7  1.059757590293884
9689.3  1.05976927280426
9691.9  1.055145740509033
9694.5  1.042873501777649
9697.1  1.023702740669251
9699.7  1.005575895309448
9702.3  1.000161290168762
9704.9  1.012525796890259
9707.5  1.035705924034119
9710.1  1.057542204856873
9712.7  1.070873141288757
9715.3  1.076019763946533
9717.9  1.076679348945618
9720.5  1.076027393341064
9723.1  1.075383067131042
9725.7  1.07434356212616
9728.3  1.071518659591675
9730.9  1.065740823745728
9733.5  1.057319641113281
9736.1  1.048649549484253
9738.7  1.043109178543091
9741.3  1.042759895324707
9743.9  1.047005891799927
9746.5  1.053234696388245
9749.1  1.058392882347107
9751.7  1.059551477432251
9754.3  1.052067995071411
9756.9  1.025008320808411
9759.5  0.9585827589035034
9762.1  0.8336910009384155
9764.7  0.654862642288208
9767.3  0.4665020406246185
9769.9  0.3378624022006989
9772.5  0.321786493062973
9775.1  0.421211451292038
9777.7  0.5902079939842224
9780.3  0.7657490372657775
9782.9  0.9031595587730407
9785.5  0.9899685978889465
9788.1  1.036313056945801
9790.7  1.05849814414978
9793.3  1.068971753120422
9795.9  1.074211001396179
9798.5  1.076392412185669
9801.1  1.07595419883728
9803.7  1.073617696762085
9806.3  1.070824027061463
9808.9  1.068822026252747
9811.5  1.067776918411255
9814.1  1.067025303840637
9816.7  1.065814137458801
9819.3  1.063724637031555
9821.9  1.060991168022156
9824.5  1.058768510818482
9827.1  1.058677077293396
9829.7  1.06149423122406
9832.3  1.066300749778748
9834.9  1.071143269538879
9837.5  1.074340343475342
9840.1  1.074945330619812
9842.7  1.072580695152283
9845.3  1.067704916000366
9847.9  1.061881542205811
9850.5  1.056958913803101
9853.1  1.053848743438721
9855.7  1.052393198013306
9858.3  1.052160859107971
9860.9  1.052815437316895
9863.5  1.053791284561157
9866.1  1.054346084594727
9868.7  1.054185152053833
9871.3  1.053649425506592
9873.9  1.053095579147339
9876.5  1.05230987071991
9879.1  1.050714254379273
9881.7  1.048088669776917
9884.3  1.0450199842453
9886.9  1.04261577129364
9889.5  1.041835188865662
9892.1  1.043103098869324
9894.7  1.046303629875183
9897.3  1.050865769386292
9899.9  1.055892705917358
9902.5  1.060356140136719
9905.1  1.063287973403931
9907.7  1.063133239746094
9910.3  1.055297493934631
9912.9  1.027958750724793
9915.5  0.9606833457946777
9918.1  0.8344053626060485
9920.7  0.6533520817756652
9923.3  0.46029132604599
9925.9  0.3226809501647949
9928.5  0.2945447266101837
9931.1  0.3845089972019196
9933.7  0.5529477596282958
9936.3  0.7372854351997375
9938.9  0.8868156671524047
9941.5  0.9828265309333801
9944.1  1.033599257469177
9946.7  1.056883692741394
9949.3  1.067577004432678
9951.9  1.074713826179505
9954.5  1.081984639167786
9957.1  1.088787198066712
9959.7  1.092392444610596
9962.3  1.090850949287415
9964.9  1.084744453430176
9967.5  1.076642632484436
9970.1  1.06913685798645
9972.7  1.06329357624054
9975.3  1.058680415153503
9977.9  1.054551482200623
9980.5  1.050644874572754
9983.1  1.046082973480225
9985.7  1.036312818527222
9988.3  1.009029030799866
9990.9  0.9430920481681823
9993.5  0.8179515600204467
9996.1  0.6337921023368835
